181	146	1630

182	146	1631

183	146	1633

194	146	1650

195	146	1655

181	147	1632

184	147	1635

194	147	1657

196	147	1663

181	148	1634

185	148	1635

194	148	1660

196	148	1662

182	149	1639

185	149	1638

194	149	1661

196	149	1663

182	150	1635

186	150	1645

195	150	1658

196	150	1660

183	151	1639

186	151	1642

195	151	1657

196	151	1661

183	152	1635

187	152	1645

195	152	1657

196	152	1660

183	153	1641

187	153	1643

194	153	1658

196	153	1660

184	154	1642

188	154	1650

193	154	1674

197	154	1663

184	155	1651

188	155	1650

193	155	1666

197	155	1661

184	156	1656

188	156	1650

193	156	1666

197	156	1662

185	157	1644

189	157	1656

192	157	1662

197	157	1665

185	158	1637

189	158	1659

191	158	1665

197	158	1670

186	159	1640

190	159	1666

196	159	1664

186	160	1644

196	160	1665

185	161	1629

196	161	1664

184	162	1615

196	162	1663

183	163	1610

196	163	1662

182	164	1621

196	164	1661

182	165	1640

196	165	1659

181	166	1659

197	166	1668

181	167	1622

197	167	1664

180	168	1615

197	168	1661

180	169	1621

198	169	1669

180	170	1639

199	170	1704

180	171	1645

198	171	1661

179	172	1665

198	172	1669

179	173	1652

198	173	1678

180	174	1646

198	174	1684

179	175	1623

198	175	1682

179	176	1621

198	176	1687

180	177	1646

198	177	1694

180	178	1655

198	178	1704

181	179	1642

197	179	1670

181	180	1646

197	180	1682

181	181	1646

197	181	1702

182	182	1660

197	182	1720

183	183	1660

197	183	1730

183	184	1681

197	184	1734

184	185	1668

197	185	1737

185	186	1662

197	186	1740

185	187	1666

196	187	1703

185	188	1675

196	188	1713

185	189	1690

196	189	1724

185	190	1690

196	190	1733

185	191	1700

196	191	1736

185	192	1710

196	192	1741

186	193	1686

195	193	1716

185	194	1700

195	194	1722

186	195	1690

195	195	1726

185	196	1700

195	196	1728

186	197	1703

195	197	1730

186	198	1711

195	198	1734

186	199	1714

195	199	1737

186	200	1722

195	200	1736

186	201	1725

195	201	1738

186	202	1728

195	202	1737

186	203	1728

195	203	1737

186	204	1733

195	204	1736

186	205	1742

195	205	1738

187	206	1730

195	206	1741

187	207	1738

195	207	1744

187	208	1746

194	208	1741

188	209	1738

194	209	1746

189	210	1741

193	210	1746

190	211	1744

191	211	1742

192	211	1746

