185	159	1802

186	159	1799

187	159	1805

197	159	1813

198	159	1809

199	159	1814

185	160	1805

188	160	1809

197	160	1813

199	160	1814

185	161	1813

188	161	1803

197	161	1811

199	161	1814

185	162	1792

189	162	1807

197	162	1811

199	162	1815

186	163	1816

189	163	1804

197	163	1811

199	163	1812

186	164	1798

190	164	1809

197	164	1814

199	164	1812

187	165	1808

191	165	1812

197	165	1817

199	165	1812

187	166	1817

191	166	1812

197	166	1817

199	166	1811

188	167	1807

192	167	1817

197	167	1815

199	167	1811

188	168	1823

192	168	1815

196	168	1820

199	168	1812

189	169	1817

193	169	1820

195	169	1779

199	169	1814

189	170	1824

194	170	1833

199	170	1817

190	171	1811

199	171	1817

190	172	1815

199	172	1818

188	173	1786

189	173	1802

199	173	1812

186	174	1772

187	174	1770

199	174	1811

186	175	1770

199	175	1809

186	176	1778

199	176	1809

186	177	1783

200	177	1809

185	178	1782

200	178	1807

185	179	1780

200	179	1808

185	180	1783

200	180	1813

184	181	1805

200	181	1814

185	182	1796

200	182	1816

185	183	1812

200	183	1817

185	184	1816

200	184	1819

185	185	1813

200	185	1820

186	186	1803

200	186	1821

186	187	1807

200	187	1823

186	188	1812

200	188	1828

186	189	1817

200	189	1830

186	190	1828

200	190	1833

187	191	1821

200	191	1830

188	192	1816

200	192	1830

189	193	1814

201	193	1850

189	194	1841

202	194	1872

190	195	1833

202	195	1881

191	196	1830

202	196	1876

191	197	1838

202	197	1878

191	198	1851

202	198	1880

192	199	1844

202	199	1879

192	200	1848

202	200	1876

192	201	1861

202	201	1875

193	202	1848

203	202	1896

193	203	1850

203	203	1894

193	204	1859

203	204	1889

194	205	1847

204	205	1897

194	206	1857

204	206	1892

194	207	1867

204	207	1888

195	208	1861

204	208	1886

195	209	1870

205	209	1895

195	210	1882

205	210	1893

196	211	1874

205	211	1892

196	212	1890

205	212	1891

197	213	1882

206	213	1893

197	214	1889

206	214	1892

198	215	1887

206	215	1893

198	216	1897

199	216	1888

206	216	1895

200	217	1891

204	217	1895

205	217	1896

200	218	1896

201	218	1891

202	218	1892

203	218	1893

