204	129	1327

205	129	1324

186	130	1283

187	130	1275

188	130	1275

189	130	1280

190	130	1291

203	130	1316

206	130	1312

186	131	1276

191	131	1287

192	131	1315

193	131	1343

203	131	1304

207	131	1319

186	132	1282

193	132	1305

203	132	1299

207	132	1310

186	133	1272

194	133	1319

203	133	1300

207	133	1307

186	134	1278

195	134	1353

197	134	1349

202	134	1325

208	134	1336

187	135	1280

194	135	1306

202	135	1339

208	135	1326

187	136	1275

188	136	1293

195	136	1316

198	136	1368

203	136	1310

208	136	1320

189	137	1296

196	137	1342

197	137	1361

203	137	1315

209	137	1336

190	138	1290

198	138	1387

199	138	1398

203	138	1314

209	138	1334

190	139	1293

200	139	1355

203	139	1308

209	139	1343

191	140	1289

199	140	1379

202	140	1327

209	140	1336

191	141	1298

198	141	1325

203	141	1320

209	141	1332

192	142	1293

198	142	1320

203	142	1323

210	142	1363

192	143	1297

199	143	1358

203	143	1327

210	143	1376

192	144	1302

199	144	1342

203	144	1318

209	144	1345

193	145	1296

199	145	1336

203	145	1325

208	145	1321

193	146	1308

199	146	1323

203	146	1321

208	146	1323

194	147	1303

200	147	1345

203	147	1317

208	147	1326

194	148	1309

200	148	1337

202	148	1325

208	148	1329

195	149	1300

201	149	1320

208	149	1329

194	150	1326

208	150	1327

192	151	1317

193	151	1307

209	151	1364

191	152	1300

209	152	1361

190	153	1292

209	153	1355

189	154	1306

209	154	1351

189	155	1305

209	155	1347

189	156	1327

209	156	1340

189	157	1338

209	157	1332

188	158	1349

210	158	1362

187	159	1314

210	159	1344

186	160	1316

211	160	1372

184	161	1351

185	161	1356

211	161	1367

185	162	1379

211	162	1361

186	163	1334

211	163	1361

186	164	1346

211	164	1369

186	165	1344

210	165	1327

186	166	1335

210	166	1334

186	167	1340

210	167	1341

186	168	1369

211	168	1389

186	169	1387

211	169	1387

186	170	1378

211	170	1392

186	171	1385

210	171	1350

187	172	1348

210	172	1355

187	173	1362

210	173	1360

188	174	1345

210	174	1374

188	175	1393

209	175	1354

187	176	1383

188	176	1365

209	176	1379

189	177	1362

209	177	1397

190	178	1376

208	178	1375

191	179	1399

208	179	1375

192	180	1395

208	180	1379

191	181	1392

193	181	1371

208	181	1383

193	182	1378

208	182	1390

193	183	1388

208	183	1398

193	184	1373

207	184	1385

191	185	1354

193	185	1385

207	185	1389

193	186	1399

207	186	1395

194	187	1373

206	187	1387

194	188	1379

206	188	1391

194	189	1378

206	189	1396

193	190	1390

194	190	1370

206	190	1399

193	191	1399

195	191	1366

205	191	1391

194	192	1384

205	192	1394

194	193	1389

205	193	1395

194	194	1398

205	194	1399

194	195	1392

204	195	1398

195	196	1393

203	196	1400

195	197	1400

202	197	1400

196	198	1396

201	198	1399

196	199	1400

199	199	1397

200	199	1400

197	200	1400

198	200	1396

193	201	1378

