189	97	1366

190	97	1361

191	97	1364

188	98	1373

192	98	1363

188	99	1367

192	99	1360

188	100	1368

193	100	1374

188	101	1368

193	101	1381

188	102	1369

193	102	1382

202	102	1394

203	102	1388

204	102	1399

188	103	1368

193	103	1382

201	103	1404

205	103	1407

188	104	1371

193	104	1377

201	104	1386

205	104	1399

188	105	1373

193	105	1380

200	105	1398

205	105	1400

188	106	1374

193	106	1383

200	106	1387

205	106	1408

188	107	1374

193	107	1385

200	107	1384

204	107	1395

188	108	1372

193	108	1386

199	108	1397

204	108	1401

187	109	1373

194	109	1426

199	109	1388

204	109	1407

187	110	1378

194	110	1407

198	110	1394

204	110	1406

187	111	1384

195	111	1445

198	111	1389

203	111	1401

187	112	1383

194	112	1409

197	112	1400

203	112	1411

187	113	1383

194	113	1438

196	113	1398

203	113	1433

187	114	1385

194	114	1437

196	114	1403

202	114	1416

187	115	1386

194	115	1420

196	115	1398

202	115	1428

187	116	1390

195	116	1403

201	116	1406

187	117	1392

201	117	1413

184	118	1347

185	118	1365

187	118	1380

201	118	1424

183	119	1380

186	119	1359

200	119	1411

181	120	1410

182	120	1390

200	120	1417

180	121	1428

200	121	1428

179	122	1390

200	122	1438

177	123	1398

178	123	1380

199	123	1421

176	124	1403

199	124	1422

175	125	1427

199	125	1421

175	126	1365

199	126	1422

173	127	1374

175	127	1365

199	127	1427

174	128	1345

176	128	1375

199	128	1420

174	129	1359

175	129	1368

199	129	1410

173	130	1350

175	130	1370

199	130	1399

173	131	1351

174	131	1384

200	131	1405

175	132	1380

200	132	1400

175	133	1390

200	133	1412

174	134	1441

200	134	1425

175	135	1401

199	135	1413

175	136	1405

199	136	1421

175	137	1407

199	137	1424

176	138	1395

199	138	1460

176	139	1404

198	139	1449

199	139	1426

175	140	1387

197	140	1446

175	141	1427

196	141	1448

176	142	1434

196	142	1461

176	143	1430

195	143	1468

175	144	1385

194	144	1458

175	145	1406

194	145	1461

174	146	1414

193	146	1455

174	147	1420

193	147	1465

174	148	1437

193	148	1471

174	149	1408

192	149	1466

174	150	1408

191	150	1460

171	151	1455

173	151	1412

191	151	1469

172	152	1419

191	152	1474

172	153	1417

191	153	1476

170	154	1326

171	154	1396

190	154	1468

170	155	1373

190	155	1476

170	156	1398

190	156	1466

170	157	1414

189	157	1474

169	158	1459

189	158	1476

168	159	1424

189	159	1478

167	160	1432

188	160	1479

167	161	1373

187	161	1475

167	162	1412

187	162	1481

167	163	1423

186	163	1474

167	164	1425

186	164	1474

166	165	1417

186	165	1477

166	166	1419

186	166	1480

166	167	1419

185	167	1474

187	167	1457

164	168	1458

165	168	1427

185	168	1480

165	169	1429

184	169	1469

164	170	1439

184	170	1474

163	171	1436

184	171	1478

163	172	1427

164	172	1435

165	172	1432

166	172	1427

167	172	1425

168	172	1423

169	172	1423

170	172	1423

171	172	1423

172	172	1424

173	172	1423

174	172	1424

175	172	1424

176	172	1426

177	172	1427

178	172	1431

179	172	1435

180	172	1440

181	172	1449

182	172	1459

183	172	1470

