177	112	1500

178	112	1504

179	112	1507

177	113	1505

179	113	1510

177	114	1505

180	114	1513

177	115	1507

180	115	1513

176	116	1509

179	116	1510

176	117	1500

179	117	1512

189	117	1528

190	117	1527

191	117	1524

177	118	1510

179	118	1515

189	118	1530

192	118	1528

177	119	1513

179	119	1516

188	119	1528

191	119	1533

177	120	1517

179	120	1519

188	120	1529

191	120	1534

177	121	1521

179	121	1523

187	121	1531

191	121	1539

176	122	1525

179	122	1526

186	122	1530

190	122	1540

176	123	1523

179	123	1528

185	123	1520

190	123	1544

176	124	1523

180	124	1530

184	124	1485

190	124	1546

175	125	1527

180	125	1531

184	125	1542

189	125	1543

175	126	1527

181	126	1532

182	126	1566

183	126	1552

189	126	1545

174	127	1510

188	127	1540

175	128	1539

188	128	1544

173	129	1516

174	129	1520

188	129	1551

172	130	1496

188	130	1559

171	131	1493

188	131	1566

171	132	1498

187	132	1557

168	133	1531

169	133	1522

170	133	1513

186	133	1551

167	134	1509

186	134	1550

166	135	1504

186	135	1557

165	136	1520

186	136	1561

164	137	1532

185	137	1553

164	138	1523

185	138	1547

163	139	1516

185	139	1531

163	140	1557

185	140	1524

163	141	1536

185	141	1524

163	142	1520

185	142	1525

164	143	1525

185	143	1528

164	144	1528

184	144	1527

164	145	1530

184	145	1532

164	146	1532

184	146	1536

164	147	1525

183	147	1538

164	148	1535

183	148	1550

164	149	1513

183	149	1568

164	150	1522

182	150	1570

164	151	1521

181	151	1573

164	152	1535

181	152	1590

164	153	1547

180	153	1590

163	154	1506

180	154	1594

163	155	1529

179	155	1583

163	156	1532

179	156	1586

163	157	1549

178	157	1582

162	158	1538

178	158	1588

162	159	1554

178	159	1601

161	160	1555

177	160	1593

161	161	1554

177	161	1602

160	162	1547

177	162	1612

159	163	1539

176	163	1608

159	164	1556

176	164	1608

159	165	1556

175	165	1601

158	166	1557

175	166	1611

158	167	1557

174	167	1601

157	168	1566

174	168	1603

156	169	1580

174	169	1610

156	170	1567

173	170	1605

155	171	1584

173	171	1613

155	172	1567

172	172	1603

154	173	1564

172	173	1609

154	174	1570

172	174	1613

153	175	1574

171	175	1601

153	176	1574

171	176	1607

153	177	1576

170	177	1598

152	178	1584

153	178	1575

154	178	1569

155	178	1566

156	178	1564

157	178	1560

158	178	1558

159	178	1558

160	178	1559

161	178	1559

162	178	1560

163	178	1560

164	178	1562

165	178	1564

166	178	1567

167	178	1572

168	178	1579

169	178	1589

170	178	1604

