155	155	1492

156	155	1494

157	155	1497

155	156	1495

157	156	1498

155	157	1500

157	157	1501

156	158	1500

158	158	1507

156	159	1502

158	159	1505

171	159	1522

172	159	1520

156	160	1503

158	160	1504

171	160	1522

172	160	1523

156	161	1507

158	161	1508

170	161	1523

172	161	1525

157	162	1507

159	162	1513

170	162	1524

172	162	1525

157	163	1508

159	163	1509

169	163	1525

172	163	1527

157	164	1507

159	164	1505

169	164	1525

172	164	1530

156	165	1510

159	165	1508

168	165	1523

172	165	1533

156	166	1502

160	166	1516

167	166	1511

171	166	1528

157	167	1513

160	167	1520

167	167	1526

171	167	1527

157	168	1513

160	168	1521

166	168	1534

171	168	1529

157	169	1514

160	169	1523

166	169	1524

170	169	1526

158	170	1515

161	170	1530

164	170	1564

165	170	1528

170	170	1527

157	171	1520

162	171	1535

163	171	1560

170	171	1530

155	172	1513

156	172	1530

169	172	1530

154	173	1499

169	173	1534

153	174	1494

168	174	1531

151	175	1523

152	175	1501

168	175	1539

151	176	1532

167	176	1533

150	177	1499

167	177	1534

150	178	1500

167	178	1536

149	179	1497

167	179	1540

150	180	1495

167	180	1540

149	181	1506

167	181	1544

148	182	1514

167	182	1545

148	183	1519

166	183	1538

148	184	1543

166	184	1539

148	185	1551

165	185	1541

148	186	1553

165	186	1546

148	187	1542

165	187	1546

149	188	1541

164	188	1522

149	189	1550

164	189	1528

149	190	1556

164	190	1544

150	191	1550

164	191	1562

150	192	1554

164	192	1583

150	193	1565

163	193	1577

150	194	1589

162	194	1572

151	195	1584

162	195	1599

151	196	1601

161	196	1599

151	197	1607

160	197	1600

151	198	1601

160	198	1610

151	199	1599

159	199	1609

151	200	1612

158	200	1616

152	201	1613

153	201	1604

154	201	1600

157	201	1612

155	202	1613

156	202	1614

