170	95	1369

168	96	1364

169	96	1361

171	96	1364

168	97	1361

172	97	1369

168	98	1362

172	98	1368

168	99	1361

172	99	1367

168	100	1363

172	100	1368

182	100	1396

183	100	1396

184	100	1405

168	101	1364

173	101	1373

181	101	1398

185	101	1411

168	102	1364

173	102	1375

181	102	1393

185	102	1408

168	103	1363

173	103	1376

181	103	1390

185	103	1409

168	104	1371

173	104	1378

180	104	1395

185	104	1412

168	105	1372

173	105	1378

180	105	1397

184	105	1407

168	106	1374

173	106	1380

180	106	1398

184	106	1411

168	107	1373

173	107	1383

179	107	1399

184	107	1413

168	108	1376

173	108	1386

179	108	1395

184	108	1421

168	109	1376

174	109	1398

175	109	1413

178	109	1403

184	109	1419

168	110	1380

175	110	1407

178	110	1398

183	110	1415

168	111	1382

175	111	1405

177	111	1391

183	111	1418

168	112	1385

174	112	1403

177	112	1404

183	112	1421

168	113	1387

175	113	1403

177	113	1401

182	113	1409

168	114	1390

176	114	1402

182	114	1416

168	115	1389

182	115	1419

168	116	1390

182	116	1420

165	117	1409

166	117	1384

167	117	1381

181	117	1417

164	118	1390

181	118	1423

164	119	1384

181	119	1427

162	120	1394

163	120	1387

180	120	1415

160	121	1400

161	121	1388

180	121	1415

159	122	1383

180	122	1416

159	123	1366

180	123	1416

158	124	1373

180	124	1409

157	125	1383

180	125	1399

157	126	1416

180	126	1389

157	127	1394

181	127	1403

157	128	1397

182	128	1410

157	129	1390

182	129	1399

156	130	1381

183	130	1415

157	131	1371

182	131	1403

157	132	1390

182	132	1412

157	133	1397

181	133	1415

157	134	1391

182	134	1433

158	135	1385

181	135	1429

157	136	1405

180	136	1422

157	137	1412

179	137	1420

158	138	1403

179	138	1428

158	139	1395

178	139	1435

159	140	1410

178	140	1451

159	141	1417

177	141	1459

158	142	1400

176	142	1453

157	143	1421

176	143	1456

158	144	1410

175	144	1453

158	145	1411

175	145	1458

157	146	1419

175	146	1459

156	147	1397

174	147	1453

156	148	1418

174	148	1461

156	149	1411

174	149	1471

155	150	1397

173	150	1466

154	151	1410

173	151	1468

153	152	1427

172	152	1463

154	153	1408

172	153	1469

154	154	1411

172	154	1473

153	155	1422

171	155	1469

153	156	1419

171	156	1470

152	157	1424

171	157	1475

152	158	1425

171	158	1478

151	159	1422

170	159	1477

151	160	1422

170	160	1483

150	161	1428

169	161	1477

149	162	1420

169	162	1477

149	163	1427

169	163	1481

149	164	1422

169	164	1484

148	165	1422

168	165	1480

147	166	1425

168	166	1483

147	167	1426

148	167	1437

149	167	1432

150	167	1426

151	167	1421

152	167	1420

153	167	1420

154	167	1422

155	167	1422

156	167	1421

157	167	1422

158	167	1422

159	167	1424

160	167	1423

161	167	1425

162	167	1427

163	167	1433

164	167	1439

165	167	1448

166	167	1455

167	167	1470

168	167	1484

