168	97	1380

169	97	1378

170	97	1384

167	98	1378

171	98	1389

167	99	1376

171	99	1384

167	100	1375

171	100	1385

167	101	1375

171	101	1385

167	102	1380

171	102	1387

181	102	1403

182	102	1405

183	102	1416

167	103	1383

171	103	1389

180	103	1403

183	103	1415

167	104	1383

171	104	1391

179	104	1409

183	104	1419

167	105	1383

171	105	1393

179	105	1408

183	105	1423

167	106	1386

171	106	1396

179	106	1408

183	106	1424

166	107	1383

171	107	1399

178	107	1412

183	107	1428

166	108	1386

171	108	1400

178	108	1409

183	108	1438

166	109	1389

171	109	1400

177	109	1420

182	109	1424

166	110	1393

172	110	1380

177	110	1414

182	110	1427

166	111	1398

172	111	1418

176	111	1413

182	111	1432

166	112	1397

173	112	1440

174	112	1427

176	112	1417

182	112	1430

166	113	1403

175	113	1405

181	113	1430

167	114	1399

181	114	1436

166	115	1406

180	115	1429

166	116	1399

180	116	1432

166	117	1403

180	117	1435

165	118	1379

180	118	1439

163	119	1401

164	119	1383

179	119	1432

162	120	1398

179	120	1437

160	121	1400

161	121	1399

179	121	1440

160	122	1390

178	122	1433

158	123	1397

159	123	1387

178	123	1434

157	124	1394

178	124	1432

156	125	1398

178	125	1430

155	126	1398

178	126	1423

155	127	1418

179	127	1421

155	128	1405

180	128	1419

155	129	1401

180	129	1421

155	130	1400

180	130	1420

154	131	1381

180	131	1426

155	132	1391

180	132	1383

155	133	1396

179	133	1423

155	134	1400

179	134	1429

155	135	1408

178	135	1429

155	136	1423

178	136	1434

156	137	1409

177	137	1435

156	138	1417

177	138	1441

156	139	1412

177	139	1448

156	140	1416

176	140	1453

156	141	1419

175	141	1463

156	142	1419

174	142	1466

156	143	1435

174	143	1471

156	144	1433

173	144	1465

155	145	1442

173	145	1470

155	146	1423

173	146	1470

156	147	1422

172	147	1463

154	148	1440

155	148	1427

172	148	1466

154	149	1437

172	149	1477

153	150	1413

171	150	1478

153	151	1435

171	151	1485

153	152	1430

170	152	1481

153	153	1430

170	153	1483

152	154	1428

170	154	1484

151	155	1405

169	155	1488

151	156	1427

169	156	1492

150	157	1441

169	157	1497

150	158	1432

169	158	1502

149	159	1446

168	159	1497

149	160	1448

168	160	1502

148	161	1441

168	161	1499

147	162	1448

168	162	1501

147	163	1462

167	163	1501

168	163	1498

147	164	1425

166	164	1494

147	165	1431

166	165	1494

146	166	1433

166	166	1497

146	167	1438

166	167	1496

145	168	1460

166	168	1498

145	169	1450

146	169	1446

147	169	1442

148	169	1442

149	169	1438

150	169	1437

151	169	1437

152	169	1438

153	169	1438

154	169	1437

155	169	1438

156	169	1439

157	169	1441

158	169	1440

159	169	1443

160	169	1448

161	169	1456

162	169	1463

163	169	1473

164	169	1483

165	169	1495

166	169	1502

