169	95	1364

170	95	1370

171	95	1374

169	96	1366

172	96	1369

169	97	1366

173	97	1379

168	98	1372

173	98	1377

169	99	1366

173	99	1379

169	100	1368

173	100	1380

182	100	1409

183	100	1403

184	100	1411

169	101	1370

173	101	1382

181	101	1386

185	101	1417

169	102	1376

173	102	1383

181	102	1408

185	102	1412

169	103	1377

173	103	1383

181	103	1403

185	103	1413

168	104	1350

173	104	1383

181	104	1403

185	104	1413

168	105	1376

173	105	1384

180	105	1405

185	105	1414

168	106	1379

173	106	1388

180	106	1402

185	106	1409

168	107	1379

173	107	1391

179	107	1408

184	107	1415

168	108	1382

173	108	1395

179	108	1403

184	108	1419

168	109	1385

173	109	1395

178	109	1393

184	109	1424

168	110	1390

174	110	1413

178	110	1403

183	110	1415

169	111	1386

175	111	1447

177	111	1394

183	111	1420

168	112	1391

176	112	1374

183	112	1425

168	113	1389

183	113	1419

168	114	1393

182	114	1418

169	115	1388

182	115	1424

168	116	1395

182	116	1433

165	117	1417

166	117	1394

167	117	1385

181	117	1426

164	118	1419

181	118	1431

163	119	1403

181	119	1432

162	120	1395

180	120	1426

160	121	1387

161	121	1385

180	121	1428

158	122	1407

159	122	1390

180	122	1425

158	123	1398

180	123	1420

158	124	1392

180	124	1412

158	125	1389

180	125	1402

157	126	1397

180	126	1397

158	127	1385

181	127	1405

157	128	1392

181	128	1403

157	129	1392

182	129	1412

157	130	1388

182	130	1412

157	131	1385

183	131	1390

157	132	1399

182	132	1417

157	133	1399

182	133	1429

157	134	1417

181	134	1435

157	135	1430

180	135	1426

157	136	1407

180	136	1428

157	137	1425

179	137	1428

158	138	1411

179	138	1440

158	139	1427

178	139	1448

159	140	1413

177	140	1452

158	141	1423

177	141	1462

158	142	1423

176	142	1458

158	143	1393

176	143	1459

157	144	1390

175	144	1449

157	145	1404

175	145	1453

157	146	1418

174	146	1451

157	147	1418

174	147	1458

157	148	1414

174	148	1466

156	149	1405

173	149	1464

154	150	1413

155	150	1407

173	150	1470

154	151	1423

173	151	1471

154	152	1412

172	152	1469

153	153	1437

172	153	1470

153	154	1426

171	154	1468

153	155	1421

171	155	1470

152	156	1414

171	156	1476

152	157	1422

171	157	1481

151	158	1424

170	158	1473

150	159	1426

170	159	1480

150	160	1427

170	160	1485

149	161	1434

169	161	1478

148	162	1430

169	162	1479

149	163	1424

169	163	1486

149	164	1427

169	164	1490

148	165	1437

168	165	1483

148	166	1444

168	166	1488

147	167	1448

148	167	1445

149	167	1434

150	167	1429

151	167	1425

152	167	1425

153	167	1422

154	167	1421

155	167	1421

156	167	1424

157	167	1425

158	167	1426

159	167	1426

160	167	1429

161	167	1431

162	167	1435

163	167	1438

164	167	1446

165	167	1453

166	167	1464

167	167	1476

