168	97	1383

169	97	1386

167	98	1382

169	98	1383

166	99	1383

170	99	1387

166	100	1384

170	100	1390

166	101	1385

170	101	1389

166	102	1384

171	102	1389

180	102	1414

181	102	1416

182	102	1424

166	103	1375

171	103	1394

179	103	1416

183	103	1427

166	104	1352

171	104	1400

179	104	1413

183	104	1423

166	105	1375

171	105	1404

178	105	1412

183	105	1425

167	106	1391

171	106	1405

178	106	1414

182	106	1422

167	107	1393

171	107	1403

178	107	1414

182	107	1425

166	108	1395

171	108	1406

177	108	1414

182	108	1427

166	109	1396

171	109	1407

177	109	1415

182	109	1430

166	110	1398

171	110	1412

176	110	1404

182	110	1433

167	111	1399

171	111	1416

176	111	1424

181	111	1431

167	112	1403

172	112	1436

176	112	1422

181	112	1439

167	113	1404

173	113	1425

174	113	1445

175	113	1428

181	113	1448

167	114	1405

173	114	1420

175	114	1422

180	114	1433

167	115	1406

172	115	1426

174	115	1426

180	115	1435

167	116	1406

173	116	1413

179	116	1427

166	117	1407

179	117	1433

165	118	1393

179	118	1438

163	119	1390

164	119	1383

179	119	1440

161	120	1406

162	120	1393

179	120	1437

159	121	1367

160	121	1363

178	121	1441

160	122	1396

178	122	1443

158	123	1399

159	123	1394

178	123	1442

156	124	1397

157	124	1396

178	124	1439

155	125	1391

178	125	1440

155	126	1414

178	126	1435

155	127	1404

179	127	1392

154	128	1443

179	128	1423

154	129	1431

179	129	1417

154	130	1412

179	130	1417

154	131	1433

179	131	1421

155	132	1409

179	132	1426

155	133	1413

180	133	1405

155	134	1419

179	134	1441

155	135	1420

178	135	1441

156	136	1409

178	136	1444

155	137	1410

177	137	1441

155	138	1436

177	138	1446

156	139	1435

176	139	1447

156	140	1429

176	140	1461

157	141	1423

175	141	1471

156	142	1463

174	142	1475

156	143	1446

174	143	1477

156	144	1425

173	144	1474

155	145	1402

173	145	1481

155	146	1429

172	146	1472

155	147	1443

172	147	1474

154	148	1461

172	148	1478

154	149	1436

171	149	1474

154	150	1435

171	150	1482

153	151	1435

171	151	1490

153	152	1435

170	152	1488

152	153	1459

170	153	1494

151	154	1460

169	154	1486

152	155	1436

169	155	1491

151	156	1433

169	156	1494

151	157	1433

169	157	1498

150	158	1442

169	158	1504

150	159	1444

168	159	1498

149	160	1445

168	160	1501

148	161	1451

168	161	1500

148	162	1445

168	162	1499

148	163	1447

168	163	1498

147	164	1450

167	164	1504

147	165	1449

167	165	1508

147	166	1447

166	166	1504

146	167	1455

165	167	1496

145	168	1467

165	168	1497

145	169	1463

146	169	1451

147	169	1447

148	169	1442

149	169	1443

150	169	1441

151	169	1440

152	169	1440

153	169	1440

154	169	1442

155	169	1443

156	169	1445

157	169	1447

158	169	1447

159	169	1450

160	169	1452

161	169	1456

162	169	1461

163	169	1470

164	169	1486

165	169	1503

