169	96	1361

170	96	1366

171	96	1372

168	97	1361

172	97	1375

168	98	1362

172	98	1370

168	99	1364

172	99	1372

168	100	1366

172	100	1375

182	100	1405

183	100	1403

168	101	1367

172	101	1378

181	101	1401

184	101	1403

168	102	1368

172	102	1379

181	102	1396

185	102	1411

168	103	1372

172	103	1380

181	103	1394

185	103	1410

168	104	1374

172	104	1380

180	104	1400

185	104	1410

168	105	1375

173	105	1382

180	105	1395

184	105	1404

168	106	1374

173	106	1374

179	106	1385

184	106	1410

167	107	1367

173	107	1377

179	107	1396

184	107	1416

167	108	1373

173	108	1397

179	108	1396

184	108	1423

167	109	1378

173	109	1402

178	109	1404

183	109	1410

167	110	1384

174	110	1426

178	110	1401

183	110	1410

167	111	1388

174	111	1386

177	111	1405

183	111	1418

167	112	1388

175	112	1347

177	112	1402

183	112	1418

167	113	1381

175	113	1357

176	113	1403

182	113	1421

167	114	1376

174	114	1416

176	114	1405

182	114	1422

168	115	1387

174	115	1420

176	115	1405

182	115	1422

168	116	1388

175	116	1409

181	116	1417

167	117	1381

181	117	1425

164	118	1394

165	118	1370

166	118	1365

181	118	1430

163	119	1386

180	119	1422

162	120	1397

180	120	1426

160	121	1392

161	121	1389

180	121	1425

159	122	1377

180	122	1420

158	123	1389

180	123	1408

157	124	1399

179	124	1406

156	125	1404

179	125	1401

156	126	1416

180	126	1412

156	127	1407

180	127	1400

157	128	1382

181	128	1405

156	129	1387

182	129	1418

156	130	1399

182	130	1417

156	131	1410

181	131	1408

156	132	1399

181	132	1417

157	133	1385

181	133	1426

156	134	1389

181	134	1436

156	135	1405

180	135	1426

156	136	1400

179	136	1416

157	137	1391

179	137	1423

157	138	1402

178	138	1429

158	139	1405

178	139	1441

158	140	1418

177	140	1449

157	141	1462

177	141	1462

157	142	1451

176	142	1461

157	143	1425

175	143	1453

157	144	1417

175	144	1453

156	145	1424

174	145	1449

156	146	1408

174	146	1458

156	147	1401

173	147	1456

156	148	1408

173	148	1464

155	149	1404

173	149	1467

155	150	1415

173	150	1474

154	151	1421

172	151	1475

154	152	1417

172	152	1474

153	153	1414

171	153	1468

153	154	1411

171	154	1474

152	155	1412

170	155	1469

152	156	1416

170	156	1470

151	157	1422

170	157	1471

151	158	1424

170	158	1476

149	159	1420

150	159	1420

169	159	1471

148	160	1407

169	160	1480

148	161	1424

168	161	1478

149	162	1430

168	162	1481

148	163	1432

168	163	1481

148	164	1436

168	164	1483

147	165	1432

167	165	1478

147	166	1420

167	166	1483

146	167	1416

166	167	1472

145	168	1411

146	168	1427

147	168	1428

148	168	1424

149	168	1422

150	168	1421

151	168	1420

152	168	1421

153	168	1420

154	168	1420

155	168	1420

156	168	1421

157	168	1424

158	168	1426

159	168	1429

160	168	1431

161	168	1433

162	168	1437

163	168	1442

164	168	1451

165	168	1459

166	168	1474

