138	47	1215

139	47	1266

144	48	1219

146	49	1249

152	61	1222

146	62	1210

185	70	1183

186	70	1160

187	70	1159

188	70	1164

185	71	1161

189	71	1167

185	72	1162

190	72	1172

185	73	1165

190	73	1171

185	74	1165

190	74	1173

185	75	1165

190	75	1177

185	76	1166

190	76	1179

203	76	1190

204	76	1212

185	77	1167

191	77	1232

201	77	1189

202	77	1184

205	77	1207

185	78	1169

191	78	1222

201	78	1185

205	78	1194

185	79	1168

191	79	1220

201	79	1182

205	79	1193

185	80	1168

191	80	1207

200	80	1183

205	80	1198

185	81	1170

191	81	1200

200	81	1182

205	81	1204

184	82	1210

191	82	1202

199	82	1188

205	82	1217

184	83	1191

191	83	1204

199	83	1187

205	83	1238

184	84	1188

191	84	1205

198	84	1186

204	84	1204

184	85	1188

191	85	1204

198	85	1185

204	85	1212

184	86	1191

191	86	1207

197	86	1194

203	86	1199

184	87	1193

191	87	1202

197	87	1191

203	87	1206

184	88	1190

192	88	1255

196	88	1200

203	88	1218

184	89	1189

191	89	1204

196	89	1193

202	89	1205

184	90	1189

191	90	1212

195	90	1199

202	90	1211

184	91	1192

191	91	1215

194	91	1246

202	91	1220

184	92	1194

191	92	1219

194	92	1204

201	92	1209

184	93	1196

191	93	1223

193	93	1265

201	93	1216

183	94	1197

191	94	1231

193	94	1231

201	94	1227

179	95	1183

180	95	1166

181	95	1161

182	95	1165

192	95	1234

200	95	1213

177	96	1214

178	96	1183

200	96	1219

176	97	1222

200	97	1228

174	98	1268

176	98	1208

199	98	1216

173	99	1210

175	99	1181

199	99	1226

172	100	1205

199	100	1237

171	101	1217

198	101	1216

169	102	1251

171	102	1194

198	102	1216

170	103	1216

198	103	1219

170	104	1210

198	104	1224

170	105	1200

198	105	1224

169	106	1238

197	106	1208

168	107	1267

197	107	1206

167	108	1256

198	108	1227

167	109	1212

198	109	1212

167	110	1238

198	110	1212

168	111	1263

198	111	1223

167	112	1271

197	112	1206

167	113	1273

197	113	1214

168	114	1242

197	114	1224

167	115	1228

197	115	1242

168	116	1246

196	116	1220

167	117	1260

169	117	1241

196	117	1230

169	118	1268

196	118	1243

168	119	1262

170	119	1218

195	119	1231

169	120	1264

195	120	1251

170	121	1267

194	121	1242

168	122	1273

170	122	1264

194	122	1261

169	123	1251

193	123	1259

168	124	1242

192	124	1257

169	125	1245

192	125	1270

168	126	1247

191	126	1255

168	127	1241

191	127	1261

168	128	1255

191	128	1265

167	129	1232

191	129	1263

166	130	1236

190	130	1258

166	131	1256

190	131	1263

166	132	1268

190	132	1271

166	133	1266

189	133	1267

166	134	1248

188	134	1260

166	135	1236

188	135	1268

165	136	1266

187	136	1265

164	137	1235

187	137	1270

164	138	1233

186	138	1261

163	139	1191

186	139	1267

162	140	1227

186	140	1273

162	141	1222

185	141	1268

161	142	1266

184	142	1258

162	143	1237

184	143	1263

161	144	1267

184	144	1270

160	145	1236

183	145	1263

158	146	1208

159	146	1259

183	146	1269

157	147	1214

182	147	1262

157	148	1209

182	148	1263

158	149	1239

182	149	1266

158	150	1220

182	150	1272

157	151	1198

181	151	1269

157	152	1220

180	152	1261

156	153	1241

180	153	1264

156	154	1258

180	154	1268

155	155	1220

180	155	1273

155	156	1190

156	156	1224

157	156	1236

158	156	1237

159	156	1236

160	156	1235

161	156	1232

162	156	1231

163	156	1230

164	156	1230

165	156	1229

166	156	1228

167	156	1227

168	156	1226

169	156	1225

170	156	1227

171	156	1229

172	156	1231

173	156	1233

174	156	1236

175	156	1239

176	156	1243

177	156	1247

178	156	1254

179	156	1263

