184	156	1786

185	156	1775

186	156	1772

187	156	1780

197	156	1803

198	156	1798

185	157	1779

187	157	1775

196	157	1827

199	157	1807

185	158	1790

188	158	1780

196	158	1826

199	158	1808

185	159	1807

189	159	1790

196	159	1759

199	159	1803

186	160	1796

189	160	1784

196	160	1789

199	160	1800

186	161	1810

190	161	1789

196	161	1818

199	161	1799

187	162	1800

190	162	1786

196	162	1817

199	162	1800

188	163	1792

191	163	1793

196	163	1819

199	163	1802

188	164	1792

191	164	1790

196	164	1815

199	164	1800

188	165	1786

192	165	1796

196	165	1804

199	165	1802

188	166	1788

193	166	1805

195	166	1807

199	166	1800

189	167	1793

193	167	1800

195	167	1768

199	167	1800

189	168	1807

194	168	1803

199	168	1801

189	169	1804

199	169	1802

188	170	1769

199	170	1804

186	171	1765

187	171	1755

199	171	1800

185	172	1778

199	172	1798

185	173	1807

199	173	1796

186	174	1762

199	174	1794

184	175	1777

185	175	1768

200	175	1800

184	176	1770

200	176	1798

184	177	1770

200	177	1801

184	178	1782

200	178	1808

184	179	1807

200	179	1810

184	180	1805

200	180	1809

184	181	1803

200	181	1807

184	182	1804

200	182	1806

184	183	1807

200	183	1807

185	184	1787

200	184	1805

185	185	1789

200	185	1807

186	186	1781

200	186	1811

186	187	1787

200	187	1820

186	188	1800

200	188	1830

187	189	1798

200	189	1833

187	190	1812

200	190	1833

188	191	1811

200	191	1831

188	192	1848

201	192	1859

189	193	1841

201	193	1852

190	194	1813

201	194	1850

190	195	1818

202	195	1879

191	196	1808

202	196	1881

191	197	1820

201	197	1858

191	198	1824

201	198	1855

191	199	1832

202	199	1877

191	200	1842

202	200	1871

192	201	1830

202	201	1864

192	202	1837

203	202	1880

192	203	1843

203	203	1878

192	204	1856

203	204	1879

192	205	1881

203	205	1875

193	206	1851

203	206	1872

193	207	1862

203	207	1868

194	208	1850

204	208	1880

194	209	1857

204	209	1874

194	210	1867

204	210	1869

195	211	1863

205	211	1878

195	212	1877

205	212	1878

196	213	1866

205	213	1878

196	214	1875

205	214	1880

197	215	1872

205	215	1880

198	216	1868

204	216	1877

198	217	1879

204	217	1879

199	218	1879

200	218	1872

201	218	1872

202	218	1876

203	218	1879

