169	96	1363

170	96	1368

167	97	1366

168	97	1360

171	97	1371

167	98	1364

172	98	1384

167	99	1342

172	99	1379

167	100	1345

172	100	1379

168	101	1369

172	101	1379

181	101	1405

182	101	1401

183	101	1402

184	101	1418

168	102	1372

172	102	1382

181	102	1404

184	102	1409

168	103	1373

172	103	1383

180	103	1412

184	103	1406

168	104	1376

172	104	1384

180	104	1406

184	104	1408

167	105	1380

172	105	1387

180	105	1404

184	105	1412

167	106	1383

172	106	1391

179	106	1408

184	106	1419

167	107	1384

172	107	1389

179	107	1403

184	107	1421

167	108	1384

172	108	1387

178	108	1403

183	108	1414

167	109	1386

172	109	1388

178	109	1402

183	109	1417

167	110	1386

172	110	1395

174	110	1383

177	110	1413

183	110	1422

168	111	1384

173	111	1405

177	111	1408

182	111	1413

167	112	1386

173	112	1411

176	112	1399

182	112	1418

167	113	1387

174	113	1434

175	113	1371

182	113	1423

167	114	1388

181	114	1415

168	115	1390

181	115	1419

167	116	1394

181	116	1425

165	117	1386

166	117	1384

181	117	1429

164	118	1367

180	118	1423

163	119	1381

180	119	1426

161	120	1368

162	120	1386

180	120	1420

160	121	1374

179	121	1422

158	122	1387

159	122	1383

179	122	1424

157	123	1392

179	123	1424

156	124	1374

178	124	1406

156	125	1395

179	125	1417

156	126	1385

179	126	1408

156	127	1390

180	127	1413

156	128	1392

181	128	1405

155	129	1455

181	129	1408

155	130	1429

181	130	1409

155	131	1413

181	131	1417

155	132	1412

180	132	1414

155	133	1424

180	133	1422

155	134	1424

179	134	1419

156	135	1400

180	135	1406

157	136	1393

179	136	1430

157	137	1402

178	137	1427

156	138	1414

178	138	1437

157	139	1427

177	139	1445

157	140	1444

176	140	1455

157	141	1446

176	141	1467

157	142	1435

175	142	1461

156	143	1420

174	143	1452

156	144	1418

174	144	1454

156	145	1414

173	145	1451

155	146	1392

173	146	1454

156	147	1408

173	147	1457

155	148	1406

172	148	1458

155	149	1410

172	149	1465

154	150	1413

172	150	1473

153	151	1425

171	151	1468

153	152	1424

171	152	1473

153	153	1421

171	153	1474

152	154	1419

170	154	1474

151	155	1412

170	155	1480

150	156	1444

169	156	1474

150	157	1432

169	157	1479

150	158	1422

169	158	1482

150	159	1425

169	159	1491

149	160	1434

168	160	1479

148	161	1440

168	161	1488

148	162	1436

167	162	1478

147	163	1408

167	163	1484

147	164	1419

167	164	1486

147	165	1427

167	165	1488

146	166	1426

167	166	1491

146	167	1427

166	167	1485

145	168	1424

146	168	1431

147	168	1430

148	168	1428

149	168	1426

150	168	1424

151	168	1422

152	168	1422

153	168	1422

154	168	1425

155	168	1425

156	168	1428

157	168	1429

158	168	1429

159	168	1430

160	168	1433

161	168	1437

162	168	1442

163	168	1450

164	168	1462

165	168	1476

166	168	1489

