151	121	1143

152	121	1138

153	121	1143

150	122	1142

154	122	1139

150	123	1138

155	123	1156

150	124	1137

155	124	1146

151	125	1135

155	125	1142

151	126	1139

156	126	1161

173	126	1185

174	126	1182

151	127	1142

156	127	1151

172	127	1177

175	127	1170

176	127	1185

151	128	1143

156	128	1145

172	128	1162

177	128	1168

152	129	1139

156	129	1143

171	129	1158

176	129	1162

152	130	1141

157	130	1158

171	130	1163

176	130	1159

152	131	1143

157	131	1155

171	131	1156

176	131	1160

152	132	1145

157	132	1148

170	132	1179

177	132	1193

152	133	1149

157	133	1144

170	133	1167

176	133	1183

152	134	1144

158	134	1153

170	134	1162

175	134	1168

153	135	1140

158	135	1150

170	135	1156

175	135	1176

153	136	1143

158	136	1146

169	136	1158

175	136	1184

153	137	1146

159	137	1157

169	137	1153

174	137	1167

153	138	1147

159	138	1156

168	138	1161

174	138	1175

153	139	1147

159	139	1156

168	139	1158

174	139	1187

153	140	1147

159	140	1156

167	140	1161

173	140	1164

153	141	1149

160	141	1165

166	141	1164

173	141	1169

153	142	1139

160	142	1169

166	142	1157

173	142	1179

154	143	1146

161	143	1203

165	143	1158

172	143	1163

154	144	1146

161	144	1180

164	144	1161

172	144	1175

149	145	1132

150	145	1128

151	145	1135

154	145	1147

161	145	1173

163	145	1159

171	145	1164

148	146	1129

152	146	1132

153	146	1141

162	146	1160

171	146	1179

147	147	1137

170	147	1167

146	148	1107

170	148	1181

146	149	1171

169	149	1168

145	150	1241

169	150	1178

144	151	1178

169	151	1189

143	152	1152

169	152	1195

142	153	1160

168	153	1166

143	154	1123

168	154	1172

142	155	1135

168	155	1169

142	156	1149

167	156	1171

142	157	1165

167	157	1174

142	158	1160

167	158	1175

141	159	1201

167	159	1179

142	160	1156

167	160	1183

142	161	1160

167	161	1188

142	162	1163

167	162	1184

142	163	1163

166	163	1173

141	164	1140

166	164	1185

141	165	1136

166	165	1203

141	166	1181

165	166	1186

142	167	1164

164	167	1159

142	168	1170

164	168	1171

142	169	1177

164	169	1186

142	170	1192

164	170	1199

143	171	1172

163	171	1178

142	172	1236

164	172	1223

142	173	1224

143	173	1176

164	173	1233

144	174	1175

163	174	1214

144	175	1179

163	175	1228

144	176	1176

163	176	1242

145	177	1210

162	177	1235

145	178	1226

161	178	1234

146	179	1199

161	179	1247

146	180	1202

161	180	1250

147	181	1198

160	181	1242

147	182	1204

159	182	1237

147	183	1208

159	183	1246

148	184	1213

159	184	1249

148	185	1220

158	185	1248

148	186	1234

157	186	1246

149	187	1236

157	187	1251

149	188	1238

152	188	1244

153	188	1244

154	188	1246

155	188	1246

156	188	1249

149	189	1186

150	189	1246

151	189	1250

149	190	1219

