150	118	1122

151	118	1116

152	118	1119

153	118	1130

149	119	1124

154	119	1130

149	120	1122

154	120	1121

150	121	1110

154	121	1115

150	122	1112

155	122	1130

150	123	1116

155	123	1127

150	124	1120

155	124	1123

173	124	1151

174	124	1155

151	125	1113

155	125	1118

171	125	1160

172	125	1138

175	125	1143

151	126	1118

156	126	1140

171	126	1143

176	126	1143

151	127	1120

156	127	1131

171	127	1141

177	127	1165

151	128	1118

156	128	1123

170	128	1162

177	128	1182

151	129	1119

156	129	1120

170	129	1146

176	129	1153

151	130	1121

157	130	1132

170	130	1141

176	130	1161

152	131	1113

157	131	1128

170	131	1135

176	131	1166

152	132	1115

157	132	1124

169	132	1141

176	132	1174

152	133	1120

158	133	1141

169	133	1132

175	133	1159

152	134	1123

158	134	1138

168	134	1140

174	134	1146

152	135	1124

158	135	1133

168	135	1136

174	135	1159

152	136	1122

158	136	1127

167	136	1143

173	136	1137

152	137	1123

159	137	1126

167	137	1136

173	137	1143

152	138	1127

159	138	1137

166	138	1141

173	138	1150

152	139	1128

160	139	1170

165	139	1141

172	139	1137

153	140	1120

161	140	1194

165	140	1132

172	140	1145

153	141	1121

160	141	1155

164	141	1135

172	141	1163

148	142	1114

149	142	1096

153	142	1122

160	142	1164

163	142	1135

171	142	1149

147	143	1107

150	143	1101

151	143	1110

152	143	1113

161	143	1129

162	143	1129

171	143	1164

146	144	1110

170	144	1148

145	145	1137

170	145	1163

144	146	1136

169	146	1143

145	147	1136

169	147	1152

144	148	1135

169	148	1166

142	149	1142

143	149	1134

168	149	1146

142	150	1119

168	150	1152

141	151	1118

167	151	1146

141	152	1105

167	152	1156

141	153	1110

167	153	1163

140	154	1102

167	154	1163

140	155	1111

166	155	1142

141	156	1134

166	156	1144

140	157	1109

166	157	1146

141	158	1128

166	158	1147

141	159	1128

166	159	1153

141	160	1132

166	160	1162

141	161	1131

166	161	1171

140	162	1151

165	162	1156

138	163	1177

140	163	1150

165	163	1171

141	164	1140

164	164	1154

141	165	1147

164	165	1166

141	166	1151

163	166	1139

141	167	1160

163	167	1153

141	168	1162

163	168	1172

142	169	1146

163	169	1185

141	170	1159

163	170	1194

142	171	1145

163	171	1206

143	172	1142

162	172	1185

142	173	1160

162	173	1199

143	174	1173

162	174	1218

143	175	1183

161	175	1208

144	176	1188

161	176	1223

145	177	1169

160	177	1217

145	178	1171

160	178	1223

145	179	1167

159	179	1210

145	180	1171

159	180	1218

146	181	1186

159	181	1225

146	182	1198

158	182	1221

147	183	1196

158	183	1225

147	184	1196

157	184	1225

148	185	1207

156	185	1223

148	186	1219

155	186	1225

149	187	1225

150	187	1223

151	187	1222

152	187	1221

153	187	1223

154	187	1224

