182	125	1280

183	125	1274

198	125	1301

199	125	1288

200	125	1291

181	126	1270

184	126	1262

185	126	1279

198	126	1286

201	126	1290

180	127	1270

186	127	1286

197	127	1300

202	127	1303

180	128	1270

186	128	1268

197	128	1298

202	128	1296

179	129	1268

187	129	1272

197	129	1294

202	129	1288

178	130	1309

180	130	1276

181	130	1273

188	130	1279

189	130	1296

198	130	1281

202	130	1286

182	131	1266

190	131	1309

191	131	1330

192	131	1327

193	131	1365

194	131	1360

198	131	1284

203	131	1322

183	132	1263

191	132	1323

193	132	1323

194	132	1338

195	132	1331

197	132	1318

203	132	1315

182	133	1294

192	133	1312

193	133	1319

195	133	1333

196	133	1334

203	133	1306

182	134	1312

193	134	1347

194	134	1335

195	134	1367

196	134	1323

203	134	1298

181	135	1302

183	135	1311

184	135	1279

192	135	1293

197	135	1310

204	135	1321

185	136	1277

193	136	1334

197	136	1296

205	136	1354

186	137	1273

194	137	1346

195	137	1348

197	137	1302

204	137	1314

186	138	1282

196	138	1332

204	138	1322

187	139	1274

195	139	1337

197	139	1312

204	139	1321

187	140	1279

194	140	1338

198	140	1293

204	140	1317

188	141	1274

194	141	1327

198	141	1301

204	141	1316

188	142	1278

194	142	1314

198	142	1302

204	142	1327

189	143	1275

194	143	1305

198	143	1298

203	143	1302

189	144	1277

195	144	1303

197	144	1296

203	144	1303

189	145	1287

196	145	1293

203	145	1304

187	146	1319

188	146	1332

203	146	1304

186	147	1283

204	147	1337

185	148	1268

204	148	1334

184	149	1270

204	149	1330

183	150	1316

204	150	1327

182	151	1315

204	151	1322

183	152	1314

204	152	1314

182	153	1364

204	153	1305

182	154	1313

205	154	1322

181	155	1291

206	155	1356

181	156	1269

206	156	1336

181	157	1283

206	157	1324

181	158	1290

206	158	1329

180	159	1333

206	159	1344

181	160	1300

205	160	1297

181	161	1297

205	161	1302

181	162	1294

205	162	1306

180	163	1320

206	163	1353

181	164	1308

206	164	1352

180	165	1347

206	165	1353

181	166	1313

206	166	1353

180	167	1344

206	167	1355

180	168	1362

206	168	1356

181	169	1354

205	169	1318

182	170	1321

205	170	1327

182	171	1344

205	171	1343

183	172	1301

204	172	1326

183	173	1363

204	173	1343

184	174	1335

204	174	1349

185	175	1338

204	175	1349

185	176	1361

186	176	1331

204	176	1350

187	177	1377

204	177	1353

188	178	1334

204	178	1357

187	179	1351

188	179	1370

204	179	1363

189	180	1332

204	180	1371

189	181	1329

203	181	1354

189	182	1341

203	182	1363

189	183	1347

203	183	1368

189	184	1348

203	184	1372

186	185	1361

189	185	1340

203	185	1374

186	186	1377

187	186	1376

189	186	1342

202	186	1364

189	187	1354

202	187	1368

188	188	1372

202	188	1372

188	189	1378

202	189	1372

188	190	1373

202	190	1373

188	191	1359

202	191	1377

188	192	1376

201	192	1368

188	193	1371

201	193	1373

188	194	1370

201	194	1376

187	195	1361

201	195	1378

187	196	1341

200	196	1373

187	197	1349

200	197	1377

187	198	1374

199	198	1378

188	199	1374

189	199	1376

197	199	1376

198	199	1378

190	200	1374

191	200	1375

196	200	1377

187	201	1378

192	201	1373

195	201	1377

193	202	1378

194	202	1376

195	202	1377

