185	155	1775

186	155	1782

197	155	1801

198	155	1798

184	156	1774

187	156	1787

196	156	1808

198	156	1799

184	157	1781

187	157	1778

196	157	1808

198	157	1798

185	158	1775

188	158	1782

196	158	1811

198	158	1798

185	159	1778

188	159	1776

196	159	1807

198	159	1793

186	160	1781

189	160	1783

196	160	1801

198	160	1792

186	161	1788

190	161	1790

196	161	1805

198	161	1794

186	162	1797

190	162	1787

196	162	1802

199	162	1799

186	163	1817

191	163	1799

196	163	1796

199	163	1798

187	164	1801

191	164	1795

195	164	1761

199	164	1796

188	165	1789

191	165	1795

195	165	1789

199	165	1802

188	166	1790

192	166	1794

195	166	1804

199	166	1805

189	167	1789

193	167	1806

195	167	1795

198	167	1796

189	168	1793

194	168	1798

198	168	1795

188	169	1777

198	169	1794

187	170	1757

199	170	1808

185	171	1754

186	171	1748

199	171	1805

185	172	1761

199	172	1802

185	173	1765

199	173	1797

184	174	1768

199	174	1794

184	175	1762

199	175	1790

184	176	1760

199	176	1786

184	177	1764

199	177	1786

184	178	1770

199	178	1793

184	179	1783

199	179	1802

183	180	1804

199	180	1802

183	181	1803

199	181	1796

184	182	1790

199	182	1794

184	183	1790

199	183	1796

184	184	1792

199	184	1801

185	185	1781

199	185	1805

185	186	1785

199	186	1809

185	187	1794

199	187	1809

186	188	1790

199	188	1811

187	189	1786

199	189	1817

188	190	1786

199	190	1820

188	191	1803

200	191	1846

189	192	1801

200	192	1845

189	193	1811

200	193	1846

189	194	1815

201	194	1877

190	195	1802

201	195	1876

189	196	1805

201	196	1875

190	197	1821

201	197	1870

190	198	1834

201	198	1864

190	199	1847

201	199	1861

190	200	1834

201	200	1862

191	201	1831

201	201	1859

191	202	1838

202	202	1873

191	203	1847

202	203	1868

191	204	1871

202	204	1864

192	205	1847

202	205	1862

193	206	1840

203	206	1877

193	207	1844

203	207	1873

193	208	1853

203	208	1872

193	209	1862

203	209	1872

194	210	1853

204	210	1877

194	211	1865

204	211	1872

195	212	1858

204	212	1871

195	213	1867

204	213	1875

196	214	1861

204	214	1877

196	215	1875

204	215	1877

197	216	1873

204	216	1876

198	217	1870

199	217	1865

200	217	1866

201	217	1867

202	217	1872

203	217	1876

