155	138	1462

156	138	1467

155	139	1466

157	139	1473

155	140	1471

157	140	1473

155	141	1472

157	141	1474

155	142	1472

157	142	1476

156	143	1473

157	143	1476

156	144	1474

158	144	1477

156	145	1471

158	145	1475

172	145	1492

173	145	1498

156	146	1471

158	146	1477

171	146	1488

173	146	1500

156	147	1471

158	147	1477

171	147	1491

173	147	1501

156	148	1473

158	148	1479

170	148	1494

173	148	1502

156	149	1473

158	149	1479

169	149	1495

173	149	1501

156	150	1472

158	150	1481

169	150	1491

172	150	1497

156	151	1471

159	151	1485

168	151	1493

172	151	1501

155	152	1453

159	152	1484

166	152	1498

167	152	1488

171	152	1496

155	153	1454

159	153	1482

165	153	1489

171	153	1497

155	154	1469

159	154	1481

164	154	1501

170	154	1493

152	155	1448

153	155	1454

154	155	1465

160	155	1486

163	155	1501

170	155	1498

151	156	1439

161	156	1492

162	156	1494

169	156	1494

151	157	1439

169	157	1501

150	158	1432

168	158	1499

149	159	1452

167	159	1497

148	160	1448

167	160	1504

147	161	1447

166	161	1496

147	162	1449

166	162	1498

147	163	1453

165	163	1492

146	164	1474

165	164	1493

146	165	1476

164	165	1491

145	166	1476

164	166	1493

145	167	1477

164	167	1493

145	168	1488

164	168	1495

145	169	1494

163	169	1494

145	170	1486

163	170	1497

144	171	1491

163	171	1503

145	172	1475

162	172	1484

144	173	1459

162	173	1498

145	174	1478

162	174	1515

145	175	1484

161	175	1509

144	176	1498

161	176	1519

145	177	1485

161	177	1524

145	178	1495

160	178	1513

145	179	1481

160	179	1520

146	180	1508

159	180	1522

145	181	1526

159	181	1536

146	182	1499

158	182	1531

145	183	1516

158	183	1536

145	184	1522

158	184	1537

145	185	1516

158	185	1546

145	186	1500

157	186	1538

144	187	1508

157	187	1542

144	188	1515

157	188	1545

144	189	1520

157	189	1549

144	190	1519

157	190	1554

143	191	1541

157	191	1559

143	192	1532

157	192	1565

142	193	1517

157	193	1577

142	194	1522

156	194	1561

142	195	1533

156	195	1563

143	196	1526

156	196	1567

142	197	1545

156	197	1571

142	198	1550

156	198	1578

142	199	1546

155	199	1563

141	200	1540

155	200	1570

141	201	1551

155	201	1573

141	202	1554

155	202	1576

141	203	1552

142	203	1545

143	203	1541

144	203	1539

145	203	1536

146	203	1536

147	203	1539

148	203	1539

149	203	1541

150	203	1540

151	203	1542

152	203	1546

153	203	1555

154	203	1565

155	203	1576

