177	157	2031

178	157	2014

179	157	2014

178	158	2011

179	158	2014

178	159	2011

179	159	2018

178	160	2008

179	160	2012

178	161	2010

179	161	2009

189	161	2035

178	162	2015

180	162	2015

188	162	2029

189	162	2031

178	163	2023

180	163	2016

188	163	2028

189	163	2032

178	164	2026

180	164	2018

187	164	2034

189	164	2035

178	165	2025

180	165	2014

187	165	2027

189	165	2040

178	166	2023

180	166	2012

186	166	2027

188	166	2025

178	167	2026

180	167	2008

185	167	2031

188	167	2032

178	168	2020

180	168	2010

185	168	2015

188	168	2040

176	169	2013

177	169	2011

181	169	2019

184	169	2020

187	169	2027

175	170	2022

182	170	2017

183	170	2017

187	170	2040

175	171	2036

186	171	2028

175	172	2056

186	172	2041

174	173	2003

185	173	2019

173	174	2010

185	174	2021

173	175	2021

185	175	2024

172	176	2062

184	176	2016

172	177	2036

184	177	2027

171	178	2044

184	178	2029

171	179	2040

184	179	2023

171	180	2052

183	180	1991

171	181	2061

183	181	1995

172	182	2024

183	182	2010

172	183	2026

183	183	2032

172	184	2029

182	184	2018

172	185	2036

182	185	2037

172	186	2058

181	186	2031

173	187	2041

181	187	2049

173	188	2045

181	188	2055

172	189	2064

181	189	2066

172	190	2044

180	190	2044

171	191	2080

180	191	2053

171	192	2059

180	192	2062

171	193	2049

180	193	2075

171	194	2042

179	194	2051

170	195	2070

179	195	2061

170	196	2052

179	196	2076

170	197	2042

179	197	2088

169	198	2081

178	198	2058

170	199	2036

178	199	2062

169	200	2065

178	200	2070

169	201	2050

178	201	2083

168	202	2075

178	202	2094

168	203	2061

177	203	2058

168	204	2054

177	204	2060

167	205	2081

177	205	2064

167	206	2065

168	206	2036

169	206	2023

170	206	2017

171	206	2012

172	206	2011

173	206	2013

174	206	2018

175	206	2023

176	206	2034

177	206	2063

