194	122	1614

195	122	1620

196	122	1626

194	123	1618

196	123	1626

194	124	1620

196	124	1629

194	125	1622

196	125	1630

194	126	1625

196	126	1633

205	126	1634

206	126	1637

194	127	1631

196	127	1634

204	127	1639

206	127	1646

194	128	1633

196	128	1637

204	128	1643

206	128	1649

193	129	1634

196	129	1640

203	129	1637

206	129	1653

192	130	1602

196	130	1641

203	130	1651

206	130	1654

191	131	1658

197	131	1645

202	131	1651

206	131	1658

192	132	1643

197	132	1649

201	132	1646

205	132	1655

192	133	1641

198	133	1696

200	133	1634

205	133	1657

192	134	1629

198	134	1662

200	134	1647

205	134	1664

192	135	1629

199	135	1642

205	135	1668

191	136	1612

205	136	1677

191	137	1621

204	137	1669

190	138	1612

204	138	1672

190	139	1615

203	139	1668

189	140	1616

203	140	1674

186	141	1618

187	141	1624

188	141	1625

203	141	1684

185	142	1626

202	142	1669

184	143	1621

201	143	1663

183	144	1629

201	144	1661

182	145	1656

201	145	1654

182	146	1605

200	146	1631

182	147	1649

201	147	1642

182	148	1645

201	148	1639

182	149	1639

201	149	1639

182	150	1632

201	150	1643

182	151	1630

201	151	1646

182	152	1634

200	152	1642

181	153	1714

200	153	1646

182	154	1652

200	154	1653

182	155	1668

199	155	1655

183	156	1658

199	156	1669

182	157	1694

198	157	1672

182	158	1658

198	158	1690

182	159	1630

197	159	1699

182	160	1622

196	160	1697

182	161	1661

196	161	1704

182	162	1662

195	162	1691

181	163	1666

195	163	1701

180	164	1627

195	164	1711

180	165	1664

194	165	1705

179	166	1640

194	166	1710

179	167	1665

193	167	1705

178	168	1657

193	168	1713

178	169	1668

192	169	1706

177	170	1673

192	170	1713

177	171	1673

192	171	1721

176	172	1688

191	172	1718

176	173	1680

191	173	1722

175	174	1682

191	174	1730

175	175	1678

190	175	1721

174	176	1672

190	176	1726

173	177	1688

190	177	1732

173	178	1690

189	178	1723

172	179	1706

188	179	1711

172	180	1696

188	180	1722

172	181	1697

188	181	1726

171	182	1707

172	182	1692

173	182	1682

174	182	1675

175	182	1673

176	182	1671

177	182	1670

178	182	1668

179	182	1669

180	182	1670

181	182	1671

182	182	1671

183	182	1675

184	182	1680

185	182	1688

186	182	1697

187	182	1709

188	182	1729

