191	76	1214

192	76	1214

193	76	1215

190	77	1211

194	77	1220

195	77	1269

190	78	1213

195	78	1235

190	79	1214

195	79	1234

190	80	1216

195	80	1231

190	81	1217

195	81	1232

190	82	1220

195	82	1235

207	82	1237

208	82	1254

190	83	1223

195	83	1236

205	83	1237

206	83	1232

208	83	1237

190	84	1223

195	84	1235

205	84	1235

209	84	1242

190	85	1223

195	85	1235

204	85	1241

209	85	1245

189	86	1262

195	86	1236

204	86	1239

209	86	1253

189	87	1244

196	87	1300

203	87	1246

209	87	1265

189	88	1234

196	88	1304

203	88	1242

209	88	1294

189	89	1237

195	89	1238

202	89	1255

208	89	1253

189	90	1240

196	90	1310

202	90	1245

208	90	1263

189	91	1240

196	91	1301

201	91	1274

208	91	1293

189	92	1239

196	92	1283

201	92	1247

207	92	1254

189	93	1237

196	93	1298

201	93	1244

207	93	1259

189	94	1239

196	94	1287

200	94	1252

207	94	1276

189	95	1241

196	95	1285

199	95	1283

206	95	1262

189	96	1245

196	96	1298

199	96	1254

206	96	1272

189	97	1250

196	97	1323

198	97	1285

206	97	1299

189	98	1248

195	98	1260

198	98	1266

205	98	1265

184	99	1285

185	99	1259

186	99	1265

187	99	1267

188	99	1273

196	99	1315

197	99	1302

205	99	1276

184	100	1225

204	100	1265

180	101	1285

182	101	1263

183	101	1234

204	101	1274

179	102	1298

180	102	1270

181	102	1263

204	102	1285

179	103	1304

181	103	1241

203	103	1270

179	104	1238

180	104	1230

203	104	1277

178	105	1232

203	105	1285

176	106	1269

177	106	1234

202	106	1268

176	107	1253

202	107	1269

175	108	1280

202	108	1274

176	109	1244

202	109	1277

175	110	1261

202	110	1284

174	111	1305

202	111	1285

174	112	1263

202	112	1273

172	113	1286

174	113	1246

202	113	1254

172	114	1288

173	114	1247

202	114	1258

172	115	1257

174	115	1269

202	115	1270

173	116	1257

202	116	1286

172	117	1310

173	117	1299

174	117	1269

201	117	1252

175	118	1250

201	118	1261

174	119	1292

201	119	1279

174	120	1288

201	120	1301

173	121	1251

200	121	1277

173	122	1274

200	122	1296

174	123	1306

200	123	1317

173	124	1288

199	124	1295

173	125	1271

199	125	1320

173	126	1273

198	126	1309

173	127	1292

197	127	1308

172	128	1273

174	128	1282

196	128	1305

172	129	1274

174	129	1283

196	129	1315

172	130	1272

173	130	1261

196	130	1321

172	131	1264

195	131	1303

172	132	1265

195	132	1309

171	133	1243

172	133	1254

196	133	1324

171	134	1237

173	134	1275

196	134	1325

171	135	1276

172	135	1273

195	135	1325

170	136	1257

194	136	1322

195	136	1325

169	137	1279

193	137	1315

169	138	1252

193	138	1320

169	139	1262

192	139	1316

169	140	1284

192	140	1323

168	141	1322

191	141	1318

168	142	1320

191	142	1322

168	143	1321

190	143	1318

168	144	1300

190	144	1321

168	145	1288

189	145	1312

167	146	1306

189	146	1317

167	147	1291

189	147	1325

166	148	1312

188	148	1318

166	149	1289

188	149	1325

165	150	1309

187	150	1315

165	151	1313

187	151	1323

164	152	1314

186	152	1312

165	153	1286

186	153	1314

163	154	1310

164	154	1300

186	154	1318

163	155	1294

186	155	1324

162	156	1300

185	156	1314

162	157	1283

163	157	1282

164	157	1285

165	157	1282

166	157	1282

167	157	1280

168	157	1279

169	157	1276

170	157	1274

171	157	1273

172	157	1274

173	157	1274

174	157	1275

175	157	1275

176	157	1276

177	157	1278

178	157	1279

179	157	1281

180	157	1283

181	157	1289

182	157	1296

183	157	1303

184	157	1309

185	157	1318

