175	157	2121

174	158	2105

176	158	2099

174	159	2104

176	159	2087

174	160	2115

176	160	2085

175	161	2081

176	161	2089

186	161	2133

175	162	2083

177	162	2114

185	162	2108

186	162	2113

175	163	2088

177	163	2098

184	163	2134

187	163	2155

175	164	2087

177	164	2088

184	164	2099

186	164	2110

175	165	2085

177	165	2088

183	165	2118

186	165	2122

175	166	2084

177	166	2088

183	166	2098

185	166	2095

175	167	2084

177	167	2089

182	167	2105

185	167	2101

175	168	2088

177	168	2089

182	168	2083

185	168	2117

173	169	2095

174	169	2104

177	169	2084

181	169	2083

184	169	2101

172	170	2084

178	170	2091

179	170	2129

180	170	2094

184	170	2116

172	171	2072

183	171	2099

172	172	2058

183	172	2123

171	173	2081

182	173	2083

170	174	2081

182	174	2090

170	175	2075

182	175	2115

170	176	2084

181	176	2086

169	177	2117

181	177	2092

169	178	2099

181	178	2096

169	179	2090

181	179	2108

168	180	2126

180	180	2070

168	181	2131

180	181	2081

169	182	2088

179	182	2065

169	183	2094

179	183	2083

169	184	2098

179	184	2095

169	185	2103

179	185	2107

169	186	2120

179	186	2124

170	187	2101

178	187	2107

170	188	2108

178	188	2119

169	189	2133

178	189	2128

169	190	2108

177	190	2097

169	191	2095

177	191	2108

168	192	2123

177	192	2117

168	193	2104

177	193	2133

168	194	2091

176	194	2105

167	195	2116

176	195	2109

167	196	2100

176	196	2115

167	197	2095

176	197	2124

166	198	2127

176	198	2141

166	199	2116

175	199	2108

166	200	2106

175	200	2119

166	201	2094

175	201	2122

165	202	2125

175	202	2127

165	203	2104

166	203	2076

167	203	2062

168	203	2057

169	203	2056

170	203	2055

171	203	2056

172	203	2061

173	203	2072

174	203	2096

