171	96	1390

172	96	1393

173	96	1398

174	96	1411

170	97	1384

174	97	1399

170	98	1384

174	98	1396

170	99	1381

175	99	1404

170	100	1376

175	100	1407

184	100	1424

185	100	1430

170	101	1355

175	101	1405

183	101	1419

186	101	1426

171	102	1390

175	102	1403

183	102	1420

187	102	1437

171	103	1391

175	103	1406

183	103	1418

187	103	1436

170	104	1388

175	104	1412

182	104	1425

187	104	1442

170	105	1391

175	105	1413

182	105	1419

186	105	1431

170	106	1395

175	106	1414

182	106	1416

186	106	1435

170	107	1395

175	107	1416

181	107	1420

186	107	1437

170	108	1398

175	108	1420

181	108	1418

186	108	1444

170	109	1399

175	109	1420

180	109	1423

185	109	1432

170	110	1404

176	110	1441

177	110	1438

178	110	1386

180	110	1423

185	110	1436

170	111	1405

179	111	1425

185	111	1443

170	112	1406

184	112	1435

170	113	1405

177	113	1445

184	113	1439

171	114	1408

176	114	1454

178	114	1426

184	114	1446

170	115	1412

177	115	1440

184	115	1452

170	116	1410

183	116	1442

166	117	1422

167	117	1397

168	117	1393

169	117	1393

183	117	1449

166	118	1420

183	118	1453

163	119	1389

164	119	1406

165	119	1414

182	119	1443

163	120	1404

182	120	1446

161	121	1413

162	121	1399

181	121	1437

160	122	1423

182	122	1444

160	123	1412

182	123	1436

160	124	1404

182	124	1431

158	125	1451

159	125	1419

182	125	1429

159	126	1408

182	126	1426

158	127	1413

182	127	1421

158	128	1399

183	128	1428

159	129	1396

184	129	1440

158	130	1385

184	130	1440

159	131	1389

184	131	1434

158	132	1413

183	132	1441

158	133	1402

182	133	1440

159	134	1402

182	134	1448

159	135	1404

181	135	1443

159	136	1426

181	136	1450

159	137	1458

180	137	1447

160	138	1423

180	138	1459

160	139	1392

179	139	1467

160	140	1409

178	140	1475

160	141	1422

178	141	1487

160	142	1421

177	142	1479

159	143	1430

177	143	1481

159	144	1431

176	144	1470

158	145	1415

176	145	1475

158	146	1407

176	146	1482

158	147	1426

175	147	1480

157	148	1439

175	148	1485

157	149	1431

174	149	1483

156	150	1473

174	150	1486

156	151	1444

174	151	1489

156	152	1429

173	152	1486

156	153	1431

173	153	1491

155	154	1430

173	154	1500

154	155	1424

172	155	1494

153	156	1439

172	156	1500

153	157	1438

172	157	1501

152	158	1402

172	158	1507

152	159	1420

171	159	1498

152	160	1427

171	160	1502

151	161	1441

171	161	1507

151	162	1449

170	162	1496

151	163	1451

170	163	1502

150	164	1448

170	164	1506

149	165	1431

170	165	1509

149	166	1437

170	166	1511

149	167	1444

169	167	1500

148	168	1431

169	168	1507

148	169	1441

149	169	1447

150	169	1446

151	169	1444

152	169	1443

153	169	1443

154	169	1443

155	169	1443

156	169	1443

157	169	1444

158	169	1445

159	169	1447

160	169	1448

161	169	1448

162	169	1449

163	169	1453

164	169	1458

165	169	1464

166	169	1472

167	169	1482

168	169	1497

