132	38	1187

140	38	1158

143	39	1178

143	40	1192

120	44	1102

122	44	1201

138	44	1174

127	52	1127

141	52	1208

149	52	1134

126	53	1153

148	53	1156

134	54	1188

147	54	1165

149	54	1143

121	55	1152

137	55	1183

148	55	1179

118	56	1176

120	56	1192

134	56	1152

119	57	1162

152	57	1184

153	57	1144

154	57	1080

155	57	1090

146	58	1185

152	58	1118

156	58	1095

157	58	1102

130	59	1129

136	59	1114

147	59	1204

152	59	1107

158	59	1106

130	60	1145

151	60	1179

153	60	1093

158	60	1100

129	61	1188

150	61	1184

151	61	1159

152	61	1115

158	61	1100

129	62	1148

136	62	1178

137	62	1138

142	62	1164

150	62	1175

152	62	1119

158	62	1100

143	63	1189

146	63	1206

152	63	1128

159	63	1110

145	64	1192

150	64	1118

151	64	1124

159	64	1108

147	65	1136

150	65	1183

151	65	1208

159	65	1109

172	65	1152

173	65	1128

148	66	1128

149	66	1197

150	66	1205

152	66	1187

159	66	1110

172	66	1122

174	66	1120

175	66	1129

138	67	1128

152	67	1152

159	67	1110

171	67	1124

175	67	1123

137	68	1170

138	68	1141

152	68	1156

159	68	1110

170	68	1131

176	68	1138

139	69	1156

147	69	1179

149	69	1182

150	69	1188

151	69	1170

159	69	1110

170	69	1121

176	69	1146

149	70	1193

160	70	1132

170	70	1113

176	70	1166

150	71	1192

160	71	1131

169	71	1123

175	71	1130

151	72	1149

160	72	1129

169	72	1119

175	72	1136

152	73	1111

160	73	1130

169	73	1118

174	73	1130

147	74	1156

150	74	1163

151	74	1169

161	74	1180

168	74	1122

174	74	1136

150	75	1176

161	75	1186

168	75	1120

174	75	1145

150	76	1206

151	76	1172

161	76	1185

167	76	1126

173	76	1132

152	77	1131

161	77	1180

166	77	1115

173	77	1140

153	78	1111

160	78	1130

166	78	1129

173	78	1147

153	79	1115

160	79	1133

166	79	1123

173	79	1160

154	80	1110

160	80	1136

165	80	1127

172	80	1142

153	81	1122

160	81	1139

164	81	1127

172	81	1151

153	82	1126

160	82	1143

164	82	1130

172	82	1161

153	83	1128

160	83	1147

164	83	1130

171	83	1144

149	84	1105

150	84	1112

151	84	1129

153	84	1122

160	84	1153

164	84	1130

171	84	1152

148	85	1091

152	85	1107

160	85	1148

163	85	1137

171	85	1167

146	86	1113

147	86	1092

161	86	1136

162	86	1131

170	86	1150

141	87	1166

142	87	1159

143	87	1195

144	87	1186

145	87	1133

170	87	1160

141	88	1136

170	88	1185

141	89	1148

169	89	1155

141	90	1114

169	90	1163

139	91	1131

140	91	1106

169	91	1173

137	92	1193

138	92	1172

168	92	1149

137	93	1145

139	93	1117

168	93	1150

139	94	1112

168	94	1151

137	95	1108

138	95	1132

168	95	1151

136	96	1126

168	96	1153

135	97	1164

136	97	1198

168	97	1153

137	98	1143

168	98	1147

135	99	1122

136	99	1139

168	99	1145

135	100	1175

168	100	1143

135	101	1197

168	101	1145

136	102	1205

168	102	1156

137	103	1137

168	103	1172

134	104	1196

135	104	1174

136	104	1175

167	104	1142

135	105	1161

167	105	1154

136	106	1134

167	106	1172

135	107	1163

137	107	1139

167	107	1179

135	108	1150

137	108	1175

166	108	1155

135	109	1180

136	109	1161

166	109	1162

136	110	1111

166	110	1170

136	111	1116

165	111	1166

136	112	1174

165	112	1183

136	113	1187

164	113	1172

137	114	1179

164	114	1187

136	115	1193

138	115	1168

163	115	1181

137	116	1194

163	116	1194

137	117	1200

162	117	1186

136	118	1172

162	118	1194

135	119	1173

161	119	1182

135	120	1191

136	120	1181

161	120	1192

137	121	1163

161	121	1195

137	122	1156

160	122	1178

135	123	1171

136	123	1167

160	123	1185

135	124	1182

160	124	1192

132	125	1178

135	125	1177

160	125	1195

132	126	1177

133	126	1177

134	126	1149

159	126	1188

133	127	1173

159	127	1196

133	128	1149

159	128	1204

131	129	1152

132	129	1134

159	129	1205

131	130	1180

158	130	1202

130	131	1150

158	131	1206

131	132	1175

157	132	1196

129	133	1184

130	133	1186

157	133	1203

129	134	1174

156	134	1196

129	135	1142

156	135	1202

129	136	1111

155	136	1197

128	137	1142

155	137	1206

128	138	1190

154	138	1194

129	139	1160

154	139	1201

128	140	1139

154	140	1205

127	141	1158

153	141	1196

126	142	1166

153	142	1201

127	143	1180

128	143	1159

129	143	1152

130	143	1147

131	143	1145

132	143	1144

133	143	1145

134	143	1145

135	143	1144

136	143	1143

137	143	1143

138	143	1144

139	143	1145

140	143	1144

141	143	1145

142	143	1146

143	143	1149

144	143	1152

145	143	1154

146	143	1155

147	143	1158

148	143	1164

149	143	1171

150	143	1175

151	143	1184

152	143	1195

