182	124	1260

183	124	1254

184	124	1258

198	124	1282

199	124	1271

200	124	1275

201	124	1294

181	125	1260

185	125	1256

198	125	1271

202	125	1303

181	126	1249

186	126	1261

198	126	1272

202	126	1285

181	127	1248

187	127	1274

198	127	1276

202	127	1280

180	128	1264

187	128	1259

198	128	1279

203	128	1310

180	129	1271

188	129	1265

198	129	1284

203	129	1300

181	130	1274

189	130	1270

198	130	1285

203	130	1296

182	131	1266

190	131	1279

191	131	1316

192	131	1297

198	131	1282

203	131	1291

183	132	1251

193	132	1330

194	132	1322

197	132	1326

203	132	1287

183	133	1259

194	133	1366

195	133	1350

196	133	1362

203	133	1283

183	134	1260

193	134	1350

195	134	1337

196	134	1339

204	134	1317

184	135	1281

194	135	1357

195	135	1326

197	135	1325

204	135	1299

185	136	1274

195	136	1308

197	136	1294

205	136	1336

186	137	1271

196	137	1325

204	137	1298

187	138	1266

196	138	1336

204	138	1305

187	139	1273

195	139	1364

197	139	1338

204	139	1303

188	140	1267

194	140	1299

198	140	1289

204	140	1302

188	141	1277

194	141	1292

198	141	1286

205	141	1339

189	142	1268

194	142	1285

198	142	1283

205	142	1349

189	143	1276

195	143	1311

197	143	1285

204	143	1314

189	144	1279

196	144	1290

204	144	1318

189	145	1286

204	145	1317

186	146	1276

187	146	1261

188	146	1265

204	146	1317

184	147	1286

185	147	1258

204	147	1314

184	148	1259

204	148	1310

182	149	1341

183	149	1310

204	149	1305

181	150	1351

182	150	1343

183	150	1328

204	150	1298

184	151	1277

204	151	1294

183	152	1348

205	152	1314

182	153	1311

205	153	1302

182	154	1269

206	154	1338

181	155	1296

206	155	1320

181	156	1278

206	156	1312

181	157	1300

206	157	1313

180	158	1346

206	158	1326

179	159	1350

205	159	1279

179	160	1353

205	160	1280

179	161	1330

205	161	1283

180	162	1363

205	162	1287

181	163	1301

205	163	1291

181	164	1316

206	164	1334

182	165	1281

206	165	1332

182	166	1289

206	166	1333

182	167	1300

206	167	1338

182	168	1321

205	168	1299

182	169	1341

205	169	1307

183	170	1298

205	170	1321

183	171	1317

205	171	1341

183	172	1365

184	172	1327

204	172	1326

185	173	1324

204	173	1336

186	174	1326

204	174	1338

185	175	1365

187	175	1329

204	175	1339

185	176	1345

187	176	1358

204	176	1341

188	177	1321

204	177	1346

187	178	1354

204	178	1356

188	179	1340

204	179	1364

187	180	1363

188	180	1352

203	180	1347

189	181	1339

203	181	1351

189	182	1351

203	182	1357

189	183	1339

203	183	1363

189	184	1333

203	184	1368

189	185	1332

202	185	1354

188	186	1356

202	186	1357

188	187	1368

202	187	1359

188	188	1363

202	188	1361

188	189	1340

202	189	1364

187	190	1357

202	190	1366

188	191	1313

201	191	1358

189	192	1337

201	192	1361

188	193	1361

201	193	1367

186	194	1332

189	194	1360

200	194	1365

186	195	1334

187	195	1362

189	195	1367

190	195	1364

200	195	1366

187	196	1358

188	196	1364

191	196	1358

200	196	1368

191	197	1360

199	197	1366

191	198	1361

198	198	1366

191	199	1366

196	199	1365

197	199	1368

191	200	1368

195	200	1367

192	201	1368

193	201	1366

194	201	1366

