150	147	1559

151	147	1561

150	148	1558

152	148	1568

150	149	1560

152	149	1563

150	150	1560

152	150	1562

151	151	1561

152	151	1562

151	152	1561

152	152	1561

151	153	1560

153	153	1567

166	153	1572

167	153	1570

168	153	1573

150	154	1566

153	154	1566

166	154	1573

168	154	1578

150	155	1567

153	155	1565

165	155	1575

168	155	1583

150	156	1567

153	156	1563

164	156	1573

168	156	1587

150	157	1567

153	157	1565

164	157	1567

167	157	1581

150	158	1560

154	158	1577

162	158	1571

163	158	1567

166	158	1574

150	159	1565

154	159	1575

161	159	1591

166	159	1580

150	160	1558

154	160	1573

161	160	1569

165	160	1576

150	161	1576

154	161	1572

160	161	1567

165	161	1580

150	162	1577

155	162	1575

158	162	1575

159	162	1560

165	162	1587

148	163	1548

149	163	1551

155	163	1573

157	163	1573

164	163	1580

146	164	1546

147	164	1542

156	164	1568

163	164	1578

145	165	1537

163	165	1584

145	166	1537

162	166	1584

143	167	1550

144	167	1546

161	167	1580

143	168	1548

161	168	1588

142	169	1556

160	169	1577

142	170	1545

160	170	1580

142	171	1547

159	171	1576

143	172	1536

159	172	1582

142	173	1572

159	173	1585

142	174	1575

159	174	1586

142	175	1573

159	175	1591

142	176	1576

158	176	1583

142	177	1577

158	177	1592

142	178	1580

158	178	1602

141	179	1569

158	179	1618

142	180	1584

157	180	1601

142	181	1585

157	181	1615

142	182	1590

157	182	1622

142	183	1597

156	183	1607

143	184	1594

156	184	1615

143	185	1599

156	185	1625

143	186	1614

155	186	1610

143	187	1588

155	187	1616

144	188	1598

155	188	1623

143	189	1595

155	189	1627

143	190	1607

155	190	1630

143	191	1605

155	191	1632

143	192	1606

155	192	1633

143	193	1606

155	193	1636

143	194	1608

155	194	1638

142	195	1625

155	195	1642

142	196	1620

155	196	1645

142	197	1643

155	197	1645

143	198	1622

155	198	1646

143	199	1622

155	199	1649

142	200	1636

155	200	1652

142	201	1640

155	201	1652

142	202	1649

155	202	1655

142	203	1647

155	203	1658

142	204	1644

155	204	1661

142	205	1647

155	205	1657

142	206	1646

143	206	1634

144	206	1625

145	206	1623

146	206	1620

147	206	1621

148	206	1622

149	206	1623

150	206	1624

151	206	1628

152	206	1632

153	206	1638

154	206	1646

155	206	1659

