179	116	1555

180	116	1556

181	116	1557

179	117	1557

181	117	1560

179	118	1560

181	118	1563

179	119	1562

181	119	1566

179	120	1565

181	120	1568

179	121	1565

181	121	1569

190	121	1576

191	121	1579

192	121	1585

179	122	1568

181	122	1571

190	122	1579

192	122	1585

178	123	1567

181	123	1571

189	123	1582

192	123	1585

178	124	1573

181	124	1573

188	124	1580

192	124	1589

177	125	1568

181	125	1573

187	125	1583

191	125	1589

177	126	1576

181	126	1575

187	126	1583

191	126	1592

177	127	1579

182	127	1583

186	127	1615

191	127	1596

176	128	1601

183	128	1601

185	128	1615

190	128	1591

176	129	1562

184	129	1589

190	129	1596

176	130	1603

190	130	1599

176	131	1614

190	131	1602

174	132	1573

175	132	1548

190	132	1605

174	133	1551

189	133	1601

173	134	1546

189	134	1610

172	135	1567

188	135	1609

171	136	1565

188	136	1611

169	137	1562

170	137	1558

187	137	1604

168	138	1559

187	138	1606

167	139	1572

186	139	1595

166	140	1570

186	140	1590

166	141	1570

186	141	1579

166	142	1576

186	142	1574

165	143	1618

186	143	1571

166	144	1579

186	144	1573

166	145	1579

186	145	1577

166	146	1584

186	146	1581

166	147	1587

186	147	1588

166	148	1586

185	148	1587

166	149	1579

185	149	1591

166	150	1588

185	150	1596

166	151	1601

184	151	1593

167	152	1590

184	152	1612

167	153	1594

183	153	1618

166	154	1583

183	154	1637

166	155	1590

182	155	1636

166	156	1568

182	156	1643

166	157	1586

181	157	1636

165	158	1619

181	158	1643

165	159	1608

180	159	1634

165	160	1602

180	160	1640

164	161	1601

180	161	1648

164	162	1597

179	162	1643

163	163	1605

179	163	1649

163	164	1602

179	164	1662

162	165	1601

178	165	1651

162	166	1601

178	166	1657

161	167	1605

177	167	1657

161	168	1604

176	168	1650

160	169	1610

176	169	1654

160	170	1614

176	170	1658

159	171	1621

176	171	1661

159	172	1616

175	172	1655

158	173	1617

175	173	1663

157	174	1620

174	174	1655

157	175	1617

174	175	1664

157	176	1620

173	176	1650

156	177	1633

173	177	1656

156	178	1626

173	178	1660

155	179	1629

173	179	1665

155	180	1620

172	180	1651

154	181	1634

155	181	1617

156	181	1614

157	181	1612

158	181	1613

159	181	1609

160	181	1608

161	181	1606

162	181	1607

163	181	1608

164	181	1608

165	181	1608

166	181	1611

167	181	1616

168	181	1620

169	181	1623

170	181	1628

171	181	1642

172	181	1657

