175	153	2040

175	154	2018

176	154	2021

175	155	2018

176	155	2015

175	156	2021

176	156	2009

175	157	2026

177	157	2012

175	158	2032

177	158	2007

186	158	2040

187	158	2046

175	159	2040

177	159	2005

185	159	2044

187	159	2039

175	160	2060

177	160	2003

185	160	2031

187	160	2035

175	161	2063

177	161	2003

184	161	2045

186	161	2022

175	162	2041

177	162	1999

184	162	2025

186	162	2025

176	163	1999

177	163	1997

183	163	2036

186	163	2032

176	164	1996

177	164	1993

183	164	2019

185	164	2016

175	165	2007

178	165	2005

182	165	2019

185	165	2020

173	166	2003

174	166	1995

179	166	2030

180	166	2070

181	166	2024

184	166	2005

173	167	1982

184	167	2012

173	168	1970

183	168	2005

171	169	2023

172	169	2016

175	169	1947

183	169	2014

170	170	2020

174	170	1949

176	170	1943

182	170	2001

170	171	2024

175	171	1943

177	171	1944

182	171	2008

170	172	2020

176	172	1945

182	172	2013

169	173	2045

182	173	2015

169	174	2022

181	174	1998

169	175	2013

181	175	1996

169	176	2004

181	176	1993

169	177	2006

181	177	1995

169	178	2008

180	178	1982

169	179	2009

180	179	1999

169	180	2012

180	180	2014

169	181	2017

180	181	2032

169	182	2033

179	182	2013

170	183	2013

179	183	2025

170	184	2019

179	184	2033

170	185	2019

179	185	2053

170	186	2010

178	186	2028

169	187	2033

178	187	2032

169	188	2011

178	188	2037

168	189	2037

177	189	2022

168	190	2020

177	190	2033

168	191	2011

177	191	2042

167	192	2036

177	192	2049

167	193	2020

177	193	2065

167	194	2008

176	194	2029

167	195	1997

176	195	2029

166	196	2021

176	196	2036

166	197	2007

176	197	2062

165	198	2038

175	198	2022

165	199	2023

175	199	2026

165	200	2005

175	200	2032

202	200	2100

164	201	2028

175	201	2040

197	201	2100

201	201	2100

203	201	2097

164	202	2013

165	202	1986

166	202	1972

167	202	1969

168	202	1968

169	202	1967

170	202	1968

171	202	1971

172	202	1977

173	202	1988

174	202	2013

175	202	2057

196	202	2100

197	202	2098

198	202	2098

199	202	2100

200	202	2097

201	202	2094

202	202	2092

203	202	2091

