178	156	1999

178	157	1985

179	157	1993

178	158	1982

179	158	1989

178	159	1983

179	159	1991

178	160	1986

179	160	1988

189	160	2020

178	161	1987

179	161	1985

188	161	2019

189	161	2009

178	162	1988

179	162	1982

188	162	2008

189	162	2004

179	163	1982

180	163	1989

187	163	2022

189	163	2006

179	164	1982

180	164	1991

187	164	2008

189	164	2007

178	165	1996

180	165	1992

186	165	2011

189	165	2008

178	166	2001

180	166	1992

186	166	1995

188	166	1991

178	167	2010

180	167	1990

185	167	2001

188	167	1998

178	168	2003

181	168	2005

185	168	1989

188	168	2011

176	169	1971

177	169	1974

181	169	1993

183	169	2018

184	169	1995

187	169	1999

176	170	1963

182	170	1990

186	170	1994

175	171	1995

186	171	2004

175	172	2007

185	172	1989

174	173	1971

185	173	1990

173	174	1982

185	174	1995

173	175	1995

185	175	1999

172	176	2032

184	176	1990

171	177	2049

184	177	2001

171	178	2027

184	178	2000

171	179	2016

184	179	1995

171	180	2018

184	180	1983

171	181	2035

183	181	1966

172	182	1996

183	182	1979

171	183	2039

183	183	1999

172	184	2002

182	184	1989

172	185	2011

182	185	2010

172	186	2041

182	186	2040

173	187	2017

181	187	2025

172	188	2047

181	188	2034

172	189	2028

181	189	2042

172	190	2016

181	190	2062

172	191	2009

180	191	2030

171	192	2029

180	192	2041

171	193	2019

180	193	2050

171	194	2018

179	194	2026

170	195	2044

179	195	2036

170	196	2033

179	196	2043

170	197	2024

179	197	2056

170	198	2019

178	198	2031

169	199	2050

178	199	2040

169	200	2036

178	200	2046

169	201	2027

178	201	2048

168	202	2068

178	202	2059

168	203	2063

178	203	2067

168	204	2051

177	204	2035

168	205	2035

169	205	2009

170	205	1998

171	205	2000

172	205	2000

173	205	2002

174	205	2003

175	205	2006

176	205	2015

177	205	2038

