169	95	1372

170	95	1373

169	96	1371

171	96	1371

168	97	1375

172	97	1381

168	98	1375

172	98	1382

168	99	1376

172	99	1383

168	100	1376

172	100	1385

182	100	1415

183	100	1419

168	101	1376

172	101	1385

181	101	1412

184	101	1420

168	102	1379

172	102	1387

181	102	1403

184	102	1414

168	103	1379

172	103	1389

180	103	1408

184	103	1414

168	104	1382

172	104	1392

180	104	1404

184	104	1418

168	105	1382

172	105	1391

179	105	1394

184	105	1423

167	106	1392

172	106	1391

179	106	1407

184	106	1428

168	107	1385

172	107	1391

179	107	1405

184	107	1435

167	108	1388

173	108	1380

178	108	1407

183	108	1420

167	109	1386

174	109	1381

178	109	1406

183	109	1424

167	110	1390

174	110	1407

177	110	1407

183	110	1428

167	111	1393

174	111	1430

177	111	1412

182	111	1420

168	112	1395

175	112	1368

176	112	1409

182	112	1424

168	113	1395

182	113	1432

167	114	1393

181	114	1421

167	115	1389

181	115	1426

167	116	1391

181	116	1434

164	117	1387

165	117	1375

166	117	1374

180	117	1429

163	118	1397

180	118	1434

161	119	1354

163	119	1387

180	119	1435

160	120	1372

162	120	1395

180	120	1420

159	121	1392

179	121	1424

157	122	1410

158	122	1393

179	122	1428

157	123	1391

179	123	1430

156	124	1410

179	124	1432

156	125	1373

179	125	1421

156	126	1387

179	126	1407

155	127	1389

180	127	1410

156	128	1389

181	128	1410

155	129	1418

181	129	1416

156	130	1396

182	130	1380

156	131	1399

181	131	1424

156	132	1400

180	132	1424

156	133	1401

180	133	1430

156	134	1389

179	134	1426

156	135	1396

179	135	1431

156	136	1409

178	136	1427

156	137	1382

178	137	1436

157	138	1407

177	138	1441

157	139	1445

177	139	1453

158	140	1416

176	140	1462

157	141	1424

175	141	1465

156	142	1404

175	142	1469

157	143	1413

174	143	1460

156	144	1409

174	144	1461

156	145	1433

173	145	1457

155	146	1454

173	146	1463

154	147	1436

173	147	1470

154	148	1425

172	148	1466

154	149	1422

172	149	1471

154	150	1422

172	150	1473

153	151	1421

171	151	1473

153	152	1426

171	152	1477

152	153	1429

170	153	1478

151	154	1395

170	154	1482

150	155	1401

152	155	1424

170	155	1486

151	156	1421

169	156	1482

149	157	1429

150	157	1426

169	157	1485

150	158	1426

169	158	1486

149	159	1418

168	159	1481

148	160	1412

168	160	1488

148	161	1416

168	161	1494

148	162	1420

168	162	1495

147	163	1432

167	163	1488

147	164	1434

167	164	1491

146	165	1431

167	165	1494

146	166	1437

166	166	1489

146	167	1440

166	167	1493

145	168	1440

146	168	1438

147	168	1438

148	168	1437

149	168	1434

150	168	1429

151	168	1427

152	168	1427

153	168	1429

154	168	1429

155	168	1429

156	168	1429

157	168	1431

158	168	1432

159	168	1434

160	168	1436

161	168	1443

162	168	1449

163	168	1457

164	168	1464

165	168	1477

166	168	1496

