179	128	1304

176	129	1306

177	129	1305

178	129	1301

180	129	1283

193	129	1339

194	129	1331

195	129	1340

176	130	1301

181	130	1310

192	130	1330

196	130	1339

176	131	1293

181	131	1307

189	131	1385

191	131	1334

197	131	1345

175	132	1310

182	132	1312

189	132	1309

191	132	1349

197	132	1337

176	133	1296

183	133	1317

191	133	1366

198	133	1357

177	134	1302

184	134	1326

192	134	1331

198	134	1351

178	135	1303

185	135	1322

192	135	1302

198	135	1354

178	136	1307

185	136	1332

191	136	1367

198	136	1350

179	137	1307

184	137	1317

192	137	1342

198	137	1345

180	138	1305

185	138	1325

192	138	1342

199	138	1347

180	139	1309

186	139	1324

193	139	1332

199	139	1360

181	140	1307

186	140	1322

193	140	1336

199	140	1360

181	141	1313

187	141	1335

193	141	1335

198	141	1341

181	142	1315

188	142	1341

193	142	1335

198	142	1345

182	143	1318

189	143	1358

193	143	1336

198	143	1346

182	144	1327

189	144	1354

193	144	1335

198	144	1345

183	145	1320

189	145	1347

193	145	1334

198	145	1345

183	146	1327

190	146	1386

193	146	1333

198	146	1347

184	147	1318

190	147	1367

192	147	1339

198	147	1348

184	148	1318

191	148	1341

198	148	1348

183	149	1364

198	149	1345

182	150	1343

198	150	1343

181	151	1306

199	151	1374

180	152	1299

199	152	1375

179	153	1307

199	153	1372

179	154	1296

199	154	1363

178	155	1379

199	155	1354

178	156	1374

199	156	1346

177	157	1345

200	157	1371

177	158	1292

200	158	1366

177	159	1306

200	159	1356

177	160	1307

200	160	1349

177	161	1309

201	161	1377

176	162	1377

201	162	1379

176	163	1390

201	163	1387

176	164	1355

201	164	1393

176	165	1354

201	165	1396

176	166	1326

202	166	1415

177	167	1331

201	167	1385

177	168	1339

201	168	1384

177	169	1347

201	169	1384

177	170	1364

201	170	1387

176	171	1399

177	171	1406

201	171	1395

178	172	1338

201	172	1404

178	173	1362

201	173	1411

179	174	1345

200	174	1389

179	175	1367

200	175	1402

180	176	1365

200	176	1411

181	177	1360

200	177	1415

181	178	1392

200	178	1416

182	179	1384

200	179	1417

183	180	1411

200	180	1419

184	181	1372

199	181	1389

184	182	1401

199	182	1394

183	183	1332

185	183	1359

199	183	1403

184	184	1384

199	184	1410

183	185	1413

184	185	1418

199	185	1414

183	186	1419

185	186	1391

199	186	1415

185	187	1406

199	187	1419

185	188	1407

198	188	1404

185	189	1367

198	189	1406

184	190	1365

198	190	1408

185	191	1394

198	191	1409

185	192	1398

198	192	1411

185	193	1387

198	193	1413

185	194	1397

198	194	1417

185	195	1400

197	195	1411

186	196	1404

197	196	1415

185	197	1415

197	197	1417

185	198	1412

197	198	1417

185	199	1409

197	199	1418

185	200	1402

196	200	1416

186	201	1414

195	201	1416

184	202	1406

187	202	1414

194	202	1416

195	202	1418

188	203	1418

193	203	1417

188	204	1418

189	204	1417

190	204	1418

191	204	1418

192	204	1418

193	204	1419

186	205	1418

187	205	1417

186	206	1418

185	207	1402

186	207	1417

185	208	1416

