157	136	1434

158	136	1436

157	137	1435

159	137	1441

157	138	1433

159	138	1441

157	139	1433

159	139	1441

157	140	1432

159	140	1440

157	141	1434

159	141	1439

158	142	1436

159	142	1439

175	142	1462

158	143	1436

160	143	1439

174	143	1458

175	143	1464

158	144	1437

160	144	1441

173	144	1458

175	144	1467

158	145	1437

160	145	1441

173	145	1460

175	145	1466

158	146	1436

160	146	1442

172	146	1459

175	146	1467

158	147	1437

160	147	1442

172	147	1459

175	147	1467

158	148	1437

160	148	1443

170	148	1452

171	148	1455

174	148	1466

158	149	1438

160	149	1444

169	149	1453

174	149	1464

158	150	1438

161	150	1448

169	150	1452

173	150	1461

158	151	1438

161	151	1448

167	151	1459

168	151	1453

173	151	1467

157	152	1436

161	152	1448

166	152	1466

172	152	1463

154	153	1414

155	153	1416

156	153	1425

162	153	1451

165	153	1473

172	153	1464

153	154	1413

163	154	1454

164	154	1458

171	154	1460

152	155	1414

171	155	1467

151	156	1444

170	156	1461

150	157	1417

169	157	1459

150	158	1411

169	158	1468

149	159	1408

168	159	1464

148	160	1418

168	160	1468

147	161	1419

167	161	1462

147	162	1428

167	162	1465

146	163	1431

166	163	1458

147	164	1444

166	164	1460

146	165	1455

166	165	1459

146	166	1450

166	166	1459

146	167	1447

165	167	1455

146	168	1442

165	168	1459

145	169	1467

165	169	1464

146	170	1449

164	170	1445

146	171	1441

164	171	1449

146	172	1442

164	172	1463

145	173	1457

163	173	1464

146	174	1428

163	174	1480

146	175	1438

163	175	1491

147	176	1452

162	176	1484

146	177	1490

162	177	1498

147	178	1467

161	178	1495

147	179	1469

161	179	1506

147	180	1463

160	180	1503

146	181	1467

160	181	1510

146	182	1477

159	182	1502

146	183	1476

159	183	1509

146	184	1471

159	184	1518

145	185	1480

159	185	1526

145	186	1482

158	186	1511

145	187	1480

158	187	1518

144	188	1513

158	188	1523

144	189	1519

158	189	1527

144	190	1489

158	190	1529

144	191	1485

158	191	1532

144	192	1490

158	192	1540

144	193	1494

157	193	1535

143	194	1476

157	194	1544

143	195	1509

156	195	1529

143	196	1510

156	196	1531

143	197	1509

156	197	1532

142	198	1525

156	198	1535

142	199	1522

156	199	1542

142	200	1523

155	200	1532

142	201	1523

155	201	1535

141	202	1535

155	202	1535

141	203	1527

142	203	1518

143	203	1511

144	203	1508

145	203	1507

146	203	1507

147	203	1508

148	203	1508

149	203	1510

150	203	1512

151	203	1514

152	203	1516

153	203	1521

154	203	1527

155	203	1537

