150	147	1552

151	147	1553

150	148	1555

152	148	1564

150	149	1560

152	149	1564

150	150	1561

152	150	1561

150	151	1560

152	151	1559

150	152	1559

152	152	1557

151	153	1557

153	153	1564

167	153	1571

168	153	1574

150	154	1558

153	154	1564

166	154	1568

168	154	1573

150	155	1562

153	155	1563

165	155	1571

168	155	1576

150	156	1560

153	156	1563

164	156	1565

168	156	1578

150	157	1563

154	157	1570

163	157	1569

167	157	1577

150	158	1560

154	158	1570

163	158	1567

167	158	1580

150	159	1571

154	159	1570

162	159	1567

166	159	1576

150	160	1575

154	160	1572

160	160	1583

161	160	1575

166	160	1583

150	161	1581

154	161	1572

160	161	1575

165	161	1578

150	162	1578

154	162	1572

159	162	1571

165	162	1585

148	163	1553

149	163	1557

155	163	1576

158	163	1581

164	163	1580

147	164	1540

156	164	1575

157	164	1577

163	164	1579

146	165	1536

163	165	1586

145	166	1550

162	166	1585

144	167	1514

161	167	1580

143	168	1546

161	168	1584

142	169	1553

161	169	1588

142	170	1545

160	170	1581

142	171	1547

160	171	1586

143	172	1531

159	172	1576

142	173	1564

159	173	1575

142	174	1566

159	174	1578

142	175	1570

159	175	1583

142	176	1571

159	176	1589

142	177	1574

158	177	1586

142	178	1573

158	178	1598

142	179	1578

158	179	1612

142	180	1583

157	180	1590

142	181	1587

157	181	1603

142	182	1583

157	182	1611

142	183	1585

157	183	1616

142	184	1593

156	184	1603

143	185	1591

156	185	1611

143	186	1553

156	186	1623

143	187	1568

156	187	1638

143	188	1603

155	188	1618

143	189	1607

155	189	1623

143	190	1605

156	190	1649

143	191	1612

156	191	1657

143	192	1616

155	192	1633

143	193	1610

155	193	1635

143	194	1609

155	194	1637

143	195	1613

155	195	1638

143	196	1612

155	196	1642

142	197	1641

155	197	1644

142	198	1617

155	198	1646

142	199	1647

155	199	1646

143	200	1619

155	200	1646

142	201	1657

155	201	1647

143	202	1622

155	202	1649

142	203	1660

155	203	1651

142	204	1656

155	204	1650

142	205	1647

155	205	1651

142	206	1644

155	206	1653

142	207	1646

143	207	1630

144	207	1623

145	207	1620

146	207	1619

147	207	1619

148	207	1620

149	207	1621

150	207	1623

151	207	1624

152	207	1629

153	207	1637

154	207	1648

155	207	1658

