179	143	1407

192	143	1442

193	143	1442

194	143	1449

178	144	1405

180	144	1412

181	144	1419

192	144	1438

195	144	1456

178	145	1410

182	145	1423

191	145	1420

195	145	1451

178	146	1413

182	146	1422

191	146	1421

196	146	1462

178	147	1417

182	147	1426

192	147	1446

196	147	1463

179	148	1414

183	148	1429

192	148	1445

196	148	1462

180	149	1417

183	149	1428

192	149	1448

196	149	1459

180	150	1418

184	150	1432

192	150	1448

196	150	1457

181	151	1422

185	151	1441

192	151	1449

196	151	1457

181	152	1425

185	152	1438

192	152	1449

196	152	1455

181	153	1428

186	153	1439

192	153	1447

197	153	1466

182	154	1429

186	154	1438

192	154	1448

197	154	1468

182	155	1429

187	155	1448

192	155	1450

197	155	1471

183	156	1432

188	156	1457

192	156	1452

197	156	1475

183	157	1432

188	157	1460

192	157	1453

197	157	1477

183	158	1435

189	158	1486

192	158	1451

197	158	1471

183	159	1434

190	159	1466

191	159	1451

197	159	1475

184	160	1437

197	160	1479

183	161	1468

198	161	1499

182	162	1432

198	162	1531

180	163	1406

181	163	1418

197	163	1488

179	164	1443

197	164	1495

179	165	1481

197	165	1506

179	166	1510

197	166	1510

179	167	1492

197	167	1500

178	168	1450

197	168	1490

178	169	1419

197	169	1478

177	170	1442

197	170	1469

177	171	1426

198	171	1494

176	172	1434

198	172	1481

176	173	1479

198	173	1463

176	174	1455

198	174	1458

176	175	1461

198	175	1463

176	176	1464

198	176	1472

176	177	1452

198	177	1480

176	178	1482

198	178	1484

177	179	1454

198	179	1487

177	180	1447

198	180	1489

177	181	1470

198	181	1494

177	182	1472

198	182	1503

178	183	1443

197	183	1481

179	184	1448

197	184	1501

180	185	1460

197	185	1530

180	186	1487

196	186	1511

181	187	1485

196	187	1515

181	188	1505

196	188	1514

182	189	1524

196	189	1517

183	190	1478

196	190	1524

182	191	1504

196	191	1531

183	192	1479

195	192	1520

183	193	1479

195	193	1529

184	194	1482

195	194	1536

184	195	1485

194	195	1523

184	196	1487

194	196	1524

184	197	1488

194	197	1527

184	198	1493

194	198	1529

184	199	1497

194	199	1533

184	200	1501

194	200	1535

184	201	1503

193	201	1529

184	202	1504

193	202	1533

184	203	1506

193	203	1536

184	204	1516

192	204	1532

184	205	1523

191	205	1534

184	206	1530

190	206	1534

184	207	1536

190	207	1535

185	208	1536

186	208	1532

188	208	1532

189	208	1535

187	209	1536

