183	96	1403

184	96	1397

185	96	1405

182	97	1405

186	97	1397

182	98	1390

186	98	1388

182	99	1385

187	99	1398

182	100	1381

187	100	1400

182	101	1381

187	101	1401

197	101	1432

182	102	1386

187	102	1403

196	102	1409

198	102	1414

182	103	1379

187	103	1405

195	103	1408

199	103	1416

182	104	1381

187	104	1406

194	104	1417

199	104	1422

182	105	1382

187	105	1407

194	105	1410

199	105	1431

182	106	1385

187	106	1408

194	106	1408

198	106	1427

182	107	1389

187	107	1412

193	107	1410

198	107	1431

182	108	1392

187	108	1414

193	108	1409

198	108	1437

181	109	1387

188	109	1418

192	109	1412

197	109	1423

181	110	1393

189	110	1425

192	110	1413

197	110	1432

181	111	1392

189	111	1417

191	111	1414

197	111	1439

181	112	1391

188	112	1442

191	112	1409

197	112	1437

181	113	1390

189	113	1403

190	113	1414

196	113	1430

181	114	1381

196	114	1439

181	115	1387

195	115	1428

182	116	1398

195	116	1435

179	117	1388

181	117	1393

195	117	1447

177	118	1424

178	118	1383

180	118	1374

194	118	1438

176	119	1425

194	119	1445

175	120	1417

194	120	1451

173	121	1389

174	121	1397

193	121	1439

172	122	1385

193	122	1442

171	123	1393

193	123	1443

171	124	1392

193	124	1442

170	125	1408

193	125	1435

170	126	1383

193	126	1425

170	127	1381

193	127	1418

169	128	1381

193	128	1413

169	129	1388

194	129	1429

169	130	1395

194	130	1423

170	131	1388

194	131	1425

169	132	1421

195	132	1457

169	133	1436

194	133	1442

170	134	1397

194	134	1451

169	135	1412

193	135	1442

169	136	1425

193	136	1453

169	137	1421

193	137	1467

169	138	1445

192	138	1457

170	139	1422

191	139	1464

170	140	1423

190	140	1464

170	141	1428

189	141	1467

190	141	1451

170	142	1405

188	142	1467

170	143	1406

188	143	1470

170	144	1394

187	144	1459

169	145	1400

187	145	1467

169	146	1401

186	146	1461

169	147	1405

186	147	1470

167	148	1426

168	148	1400

186	148	1474

168	149	1401

186	149	1483

167	150	1409

185	150	1479

167	151	1409

185	151	1487

166	152	1415

184	152	1484

165	153	1405

184	153	1486

165	154	1420

183	154	1488

165	155	1421

183	155	1492

164	156	1413

183	156	1494

164	157	1417

182	157	1482

163	158	1411

182	158	1487

162	159	1419

182	159	1495

162	160	1408

181	160	1489

162	161	1427

181	161	1496

161	162	1424

180	162	1487

160	163	1397

180	163	1497

160	164	1405

180	164	1499

160	165	1419

180	165	1504

159	166	1411

179	166	1491

158	167	1433

179	167	1498

158	168	1437

159	168	1433

160	168	1434

161	168	1435

162	168	1436

163	168	1434

164	168	1431

165	168	1430

166	168	1431

167	168	1431

168	168	1431

169	168	1431

170	168	1434

171	168	1436

172	168	1440

173	168	1443

174	168	1447

175	168	1452

176	168	1458

177	168	1470

178	168	1484

179	168	1504

