169	96	1377

170	96	1380

168	97	1370

171	97	1384

167	98	1373

171	98	1382

167	99	1375

172	99	1374

167	100	1376

171	100	1381

167	101	1377

172	101	1387

181	101	1409

182	101	1410

183	101	1418

167	102	1376

172	102	1386

180	102	1404

184	102	1421

167	103	1370

172	103	1388

180	103	1402

184	103	1414

167	104	1380

172	104	1393

179	104	1380

184	104	1417

167	105	1382

172	105	1391

179	105	1406

184	105	1417

167	106	1384

172	106	1395

179	106	1404

183	106	1416

167	107	1386

172	107	1397

178	107	1409

183	107	1419

167	108	1390

172	108	1398

178	108	1408

183	108	1424

167	109	1389

172	109	1398

177	109	1418

183	109	1424

167	110	1390

172	110	1400

177	110	1415

182	110	1422

167	111	1392

173	111	1398

176	111	1380

182	111	1425

167	112	1396

174	112	1373

175	112	1399

182	112	1431

167	113	1400

181	113	1425

167	114	1400

181	114	1431

167	115	1402

180	115	1422

167	116	1402

180	116	1425

164	117	1383

166	117	1385

180	117	1429

163	118	1390

165	118	1379

180	118	1433

163	119	1383

179	119	1427

160	120	1401

162	120	1385

179	120	1432

159	121	1405

161	121	1391

178	121	1426

158	122	1391

179	122	1438

156	123	1378

157	123	1384

179	123	1435

155	124	1388

179	124	1429

155	125	1429

179	125	1409

156	126	1398

179	126	1414

155	127	1411

180	127	1419

155	128	1411

180	128	1409

155	129	1406

180	129	1409

156	130	1391

180	130	1413

156	131	1392

180	131	1416

155	132	1410

180	132	1422

155	133	1416

179	133	1419

155	134	1397

179	134	1425

155	135	1401

179	135	1431

156	136	1408

178	136	1430

156	137	1422

178	137	1438

157	138	1408

177	138	1440

157	139	1400

176	139	1447

156	140	1403

176	140	1463

156	141	1429

175	141	1468

156	142	1444

174	142	1464

156	143	1456

174	143	1467

157	144	1426

173	144	1458

155	145	1392

156	145	1427

173	145	1462

155	146	1416

173	146	1469

154	147	1424

172	147	1465

155	148	1417

172	148	1471

154	149	1418

172	149	1477

153	150	1421

171	150	1477

152	151	1437

171	151	1483

153	152	1420

171	152	1480

152	153	1424

170	153	1478

152	154	1426

170	154	1479

151	155	1426

169	155	1476

151	156	1433

169	156	1478

150	157	1435

169	157	1484

149	158	1410

169	158	1489

149	159	1422

168	159	1483

149	160	1427

168	160	1490

148	161	1424

168	161	1496

148	162	1430

167	162	1486

147	163	1446

168	163	1492

147	164	1438

168	164	1494

146	165	1457

167	165	1497

146	166	1437

166	166	1491

145	167	1447

146	167	1443

147	167	1438

148	167	1434

149	167	1433

150	167	1431

151	167	1430

152	167	1429

153	167	1431

154	167	1431

155	167	1433

156	167	1434

157	167	1433

158	167	1434

159	167	1436

160	167	1441

161	167	1445

162	167	1450

163	167	1456

164	167	1466

165	167	1480

166	167	1495

