178	156	1973

178	157	1960

179	157	1962

178	158	1959

179	158	1960

178	159	1962

179	159	1960

178	160	1964

179	160	1959

189	160	1983

190	160	1987

178	161	1964

179	161	1958

189	161	1978

190	161	1983

178	162	1967

180	162	1965

188	162	1985

190	162	1985

178	163	1970

180	163	1965

188	163	1976

189	163	1976

178	164	1968

180	164	1965

187	164	1984

189	164	1977

178	165	1969

180	165	1964

187	165	1979

189	165	1982

178	166	1974

180	166	1964

186	166	1983

188	166	1972

178	167	1978

180	167	1962

185	167	1987

188	167	1974

178	168	1974

181	168	1972

185	168	1971

188	168	1982

176	169	1961

177	169	1951

182	169	1991

183	169	1998

184	169	1973

187	169	1972

176	170	1948

187	170	1980

176	171	1943

186	171	1970

176	172	1941

186	172	1983

174	173	1956

175	173	1951

185	173	1970

173	174	1962

185	174	1973

173	175	1970

185	175	1976

172	176	2008

185	176	1980

172	177	1984

184	177	1972

172	178	1973

184	178	1975

171	179	2007

184	179	1969

171	180	2010

184	180	1960

171	181	2014

183	181	1938

172	182	1981

183	182	1948

172	183	1981

183	183	1962

172	184	1984

183	184	1982

172	185	1990

183	185	2004

172	186	2020

182	186	2001

173	187	2001

182	187	2024

173	188	2003

181	188	2010

172	189	2023

181	189	2021

172	190	2011

181	190	2038

172	191	2003

180	191	2003

172	192	1990

180	192	2012

171	193	2010

180	193	2018

171	194	2005

180	194	2034

171	195	2006

179	195	2013

170	196	2032

179	196	2019

170	197	2019

179	197	2025

170	198	2011

179	198	2035

170	199	2011

179	199	2044

169	200	2035

178	200	2021

169	201	2025

178	201	2030

169	202	2013

178	202	2036

169	203	2006

178	203	2041

168	204	2032

169	204	1999

170	204	1984

171	204	1980

172	204	1979

173	204	1981

174	204	1984

175	204	1989

176	204	1995

177	204	2012

178	204	2046

