197	145	1463

198	145	1467

183	146	1431

184	146	1438

196	146	1462

199	146	1470

182	147	1429

185	147	1447

186	147	1451

196	147	1463

200	147	1484

182	148	1430

187	148	1438

196	148	1463

200	148	1483

183	149	1441

187	149	1458

196	149	1461

200	149	1483

183	150	1443

187	150	1457

196	150	1460

200	150	1481

184	151	1446

188	151	1458

196	151	1461

200	151	1479

184	152	1448

189	152	1465

197	152	1467

200	152	1478

185	153	1445

189	153	1458

197	153	1468

201	153	1491

185	154	1445

190	154	1465

196	154	1451

201	154	1489

186	155	1446

190	155	1462

196	155	1460

201	155	1491

186	156	1450

191	156	1470

196	156	1461

201	156	1495

187	157	1455

192	157	1478

196	157	1468

201	157	1498

187	158	1452

193	158	1503

196	158	1476

200	158	1486

187	159	1449

193	159	1497

196	159	1475

200	159	1485

188	160	1454

193	160	1499

196	160	1474

201	160	1507

189	161	1459

194	161	1510

195	161	1477

201	161	1508

189	162	1463

201	162	1506

187	163	1485

189	163	1469

201	163	1505

186	164	1451

188	164	1472

201	164	1505

186	165	1437

202	165	1516

203	165	1541

185	166	1440

202	166	1536

185	167	1444

202	167	1551

185	168	1446

202	168	1554

184	169	1462

201	169	1504

183	170	1432

202	170	1544

183	171	1444

202	171	1532

182	172	1465

202	172	1523

182	173	1450

202	173	1510

180	174	1419

182	174	1451

202	174	1493

181	175	1453

202	175	1480

181	176	1498

202	176	1481

181	177	1493

202	177	1485

181	178	1479

202	178	1492

182	179	1471

202	179	1499

182	180	1469

202	180	1507

182	181	1477

202	181	1509

182	182	1493

202	182	1512

182	183	1490

202	183	1518

183	184	1489

202	184	1531

183	185	1520

201	185	1515

184	186	1495

201	186	1535

185	187	1510

201	187	1553

186	188	1503

201	188	1560

186	189	1516

201	189	1561

187	190	1509

200	190	1540

188	191	1510

200	191	1548

188	192	1513

200	192	1554

188	193	1517

200	193	1560

188	194	1528

199	194	1552

188	195	1525

199	195	1557

188	196	1514

199	196	1563

189	197	1513

198	197	1552

189	198	1514

198	198	1556

189	199	1519

198	199	1560

188	200	1517

198	200	1562

189	201	1523

198	201	1564

189	202	1527

198	202	1565

189	203	1539

197	203	1559

189	204	1544

197	204	1562

189	205	1547

196	205	1563

189	206	1553

195	206	1564

190	207	1563

194	207	1562

191	208	1562

192	208	1562

193	208	1564

