157	132	1350

158	132	1351

157	133	1350

159	133	1350

157	134	1350

159	134	1349

157	135	1350

159	135	1350

157	136	1348

160	136	1352

157	137	1349

160	137	1351

157	138	1351

160	138	1351

158	139	1353

160	139	1355

175	139	1385

176	139	1385

177	139	1388

158	140	1355

160	140	1357

175	140	1379

178	140	1395

158	141	1355

161	141	1362

174	141	1377

177	141	1387

158	142	1355

161	142	1358

174	142	1379

177	142	1387

158	143	1355

161	143	1358

173	143	1380

177	143	1389

158	144	1354

161	144	1359

173	144	1378

176	144	1386

158	145	1354

161	145	1362

172	145	1374

176	145	1388

158	146	1355

161	146	1363

171	146	1377

176	146	1390

158	147	1356

161	147	1364

169	147	1325

170	147	1382

175	147	1381

158	148	1354

161	148	1364

170	148	1376

175	148	1383

158	149	1354

162	149	1367

169	149	1376

174	149	1381

159	150	1359

163	150	1345

167	150	1374

168	150	1375

174	150	1385

158	151	1357

164	151	1384

166	151	1382

173	151	1380

154	152	1333

155	152	1334

156	152	1334

157	152	1346

165	152	1376

173	152	1384

152	153	1333

153	153	1332

172	153	1381

152	154	1334

171	154	1379

151	155	1390

171	155	1384

150	156	1363

170	156	1380

150	157	1336

170	157	1386

149	158	1332

169	158	1373

148	159	1343

169	159	1375

148	160	1347

168	160	1379

147	161	1363

168	161	1384

147	162	1370

168	162	1386

146	163	1367

168	163	1387

146	164	1391

168	164	1389

146	165	1399

167	165	1374

146	166	1384

167	166	1377

146	167	1375

167	167	1385

146	168	1372

166	168	1379

146	169	1377

166	169	1374

146	170	1375

165	170	1356

146	171	1374

165	171	1363

146	172	1327

165	172	1380

146	173	1403

164	173	1387

146	174	1383

164	174	1406

146	175	1400

164	175	1417

147	176	1390

163	176	1412

147	177	1392

163	177	1421

147	178	1399

162	178	1425

147	179	1398

161	179	1425

146	180	1385

161	180	1439

147	181	1389

160	181	1435

147	182	1394

160	182	1440

146	183	1408

160	183	1444

146	184	1413

160	184	1449

146	185	1407

160	185	1459

145	186	1419

159	186	1448

145	187	1431

159	187	1457

145	188	1420

159	188	1459

145	189	1423

159	189	1463

145	190	1423

158	190	1450

145	191	1422

158	191	1458

145	192	1425

157	192	1450

145	193	1425

157	193	1455

144	194	1439

157	194	1460

144	195	1447

156	195	1454

143	196	1445

156	196	1458

144	197	1448

156	197	1462

143	198	1458

156	198	1464

143	199	1457

155	199	1459

143	200	1457

155	200	1463

143	201	1459

154	201	1461

144	202	1462

152	202	1459

153	202	1463

145	203	1461

151	203	1460

145	204	1461

146	204	1458

147	204	1457

148	204	1457

149	204	1458

150	204	1459

151	204	1463

