152	117	1120

153	117	1123

151	118	1108

154	118	1110

151	119	1102

155	119	1117

151	120	1103

155	120	1110

151	121	1106

155	121	1108

151	122	1112

156	122	1118

151	123	1116

156	123	1112

152	124	1104

156	124	1108

173	124	1149

174	124	1134

175	124	1132

176	124	1142

152	125	1105

157	125	1123

172	125	1143

177	125	1143

152	126	1108

157	126	1119

171	126	1153

177	126	1132

152	127	1112

157	127	1114

171	127	1144

178	127	1162

152	128	1119

157	128	1109

171	128	1141

178	128	1167

152	129	1120

158	129	1125

171	129	1129

177	129	1139

153	130	1107

158	130	1120

171	130	1124

177	130	1148

153	131	1112

158	131	1116

170	131	1140

177	131	1156

153	132	1117

159	132	1127

170	132	1132

177	132	1161

153	133	1121

159	133	1126

170	133	1127

176	133	1149

153	134	1122

159	134	1125

169	134	1136

175	134	1136

153	135	1124

159	135	1122

169	135	1127

175	135	1140

153	136	1125

160	136	1130

168	136	1137

174	136	1127

153	137	1122

160	137	1128

168	137	1132

174	137	1135

154	138	1111

160	138	1124

167	138	1135

174	138	1147

154	139	1115

161	139	1154

166	139	1138

174	139	1158

154	140	1117

161	140	1152

166	140	1128

173	140	1136

154	141	1120

161	141	1147

165	141	1135

173	141	1149

149	142	1110

150	142	1105

151	142	1107

154	142	1117

161	142	1146

164	142	1138

172	142	1137

148	143	1103

152	143	1096

153	143	1110

162	143	1133

163	143	1129

172	143	1150

147	144	1104

171	144	1138

146	145	1114

171	145	1159

146	146	1100

170	146	1142

144	147	1144

145	147	1129

170	147	1153

144	148	1116

169	148	1136

144	149	1110

169	149	1139

143	150	1105

169	150	1145

142	151	1094

169	151	1153

142	152	1101

169	152	1161

142	153	1107

168	153	1137

141	154	1134

168	154	1139

141	155	1137

168	155	1143

141	156	1141

168	156	1144

141	157	1112

168	157	1145

142	158	1127

168	158	1148

141	159	1125

167	159	1139

141	160	1143

167	160	1145

142	161	1132

167	161	1156

141	162	1158

166	162	1148

141	163	1169

166	163	1161

142	164	1142

165	164	1134

142	165	1134

165	165	1148

142	166	1146

165	166	1171

142	167	1147

165	167	1193

142	168	1163

164	168	1157

143	169	1144

165	169	1203

143	170	1146

164	170	1173

143	171	1159

164	171	1184

143	172	1185

164	172	1195

143	173	1175

163	173	1184

143	174	1201

144	174	1180

163	174	1203

145	175	1167

162	175	1198

145	176	1187

162	176	1216

145	177	1182

161	177	1208

145	178	1169

161	178	1211

146	179	1166

161	179	1215

146	180	1179

160	180	1211

147	181	1187

159	181	1207

147	182	1198

159	182	1213

148	183	1191

158	183	1212

148	184	1187

157	184	1210

148	185	1204

157	185	1216

149	186	1206

152	186	1210

153	186	1210

154	186	1210

155	186	1210

156	186	1212

150	187	1214

151	187	1216

150	188	1210

150	189	1210

