169	95	1377

170	95	1376

169	96	1368

171	96	1374

168	97	1369

172	97	1382

168	98	1371

172	98	1380

168	99	1369

172	99	1380

168	100	1369

172	100	1380

181	100	1407

182	100	1406

183	100	1408

168	101	1371

172	101	1380

181	101	1400

184	101	1409

168	102	1375

172	102	1382

180	102	1381

184	102	1408

168	103	1379

172	103	1383

180	103	1404

184	103	1410

168	104	1379

172	104	1385

180	104	1403

184	104	1413

168	105	1379

173	105	1382

179	105	1399

184	105	1416

168	106	1379

173	106	1386

179	106	1402

184	106	1421

167	107	1354

173	107	1394

179	107	1402

184	107	1425

167	108	1367

174	108	1385

175	108	1374

178	108	1408

183	108	1414

167	109	1377

173	109	1394

178	109	1401

183	109	1418

167	110	1375

174	110	1414

177	110	1396

183	110	1423

167	111	1380

174	111	1416

177	111	1410

183	111	1418

167	112	1377

174	112	1415

176	112	1395

182	112	1423

168	113	1390

175	113	1400

182	113	1428

168	114	1393

182	114	1432

168	115	1395

181	115	1421

167	116	1397

181	116	1426

164	117	1379

165	117	1395

166	117	1384

181	117	1432

164	118	1391

180	118	1425

163	119	1422

180	119	1428

161	120	1412

162	120	1398

180	120	1431

159	121	1381

160	121	1392

180	121	1432

159	122	1390

180	122	1431

158	123	1390

180	123	1425

157	124	1427

180	124	1402

157	125	1404

180	125	1407

157	126	1388

180	126	1404

157	127	1387

181	127	1410

156	128	1384

182	128	1410

156	129	1397

182	129	1406

155	130	1377

182	130	1412

156	131	1403

181	131	1410

156	132	1384

181	132	1420

156	133	1390

181	133	1428

157	134	1390

181	134	1431

157	135	1393

180	135	1426

157	136	1405

179	136	1423

158	137	1404

179	137	1433

158	138	1411

178	138	1435

159	139	1402

178	139	1448

159	140	1406

177	140	1455

158	141	1420

176	141	1457

158	142	1420

176	142	1460

158	143	1414

175	143	1455

157	144	1409

175	144	1460

157	145	1412

174	145	1455

156	146	1432

174	146	1458

156	147	1413

174	147	1459

156	148	1411

173	148	1458

155	149	1369

173	149	1469

155	150	1412

173	150	1478

154	151	1435

172	151	1474

154	152	1426

172	152	1475

153	153	1418

171	153	1470

153	154	1417

171	154	1469

152	155	1428

171	155	1475

151	156	1421

170	156	1471

151	157	1411

170	157	1480

150	158	1433

170	158	1481

151	159	1429

169	159	1473

150	160	1432

169	160	1474

149	161	1428

169	161	1480

149	162	1429

169	162	1483

149	163	1429

169	163	1492

148	164	1424

168	164	1486

148	165	1426

167	165	1473

148	166	1430

167	166	1478

147	167	1431

148	167	1432

149	167	1428

150	167	1427

151	167	1425

152	167	1425

153	167	1424

154	167	1423

155	167	1422

156	167	1423

157	167	1425

158	167	1426

159	167	1429

160	167	1431

161	167	1434

162	167	1434

163	167	1438

164	167	1444

165	167	1454

166	167	1468

167	167	1485

