202	128	1309

203	128	1311

183	129	1297

184	129	1275

185	129	1267

186	129	1268

187	129	1276

188	129	1290

201	129	1302

204	129	1307

183	130	1285

189	130	1288

190	130	1320

201	130	1296

205	130	1314

183	131	1251

191	131	1310

201	131	1296

205	131	1307

184	132	1279

192	132	1305

194	132	1329

200	132	1316

205	132	1306

185	133	1274

192	133	1307

194	133	1333

195	133	1348

196	133	1374

200	133	1310

205	133	1306

185	134	1284

193	134	1314

197	134	1324

200	134	1313

206	134	1327

186	135	1281

192	135	1294

197	135	1357

201	135	1300

206	135	1319

186	136	1312

193	136	1298

197	136	1313

201	136	1306

207	136	1343

187	137	1296

194	137	1315

195	137	1345

196	137	1356

198	137	1346

201	137	1310

207	137	1339

188	138	1290

195	138	1332

197	138	1368

198	138	1377

200	138	1334

207	138	1339

189	139	1286

196	139	1343

197	139	1318

199	139	1369

206	139	1314

189	140	1291

196	140	1311

200	140	1343

207	140	1339

189	141	1302

196	141	1317

201	141	1310

207	141	1335

190	142	1293

197	142	1356

201	142	1313

207	142	1333

190	143	1300

197	143	1346

201	143	1316

207	143	1345

191	144	1292

197	144	1337

201	144	1314

206	144	1319

191	145	1295

197	145	1327

201	145	1313

206	145	1323

192	146	1292

197	146	1319

201	146	1308

206	146	1327

192	147	1295

198	147	1325

200	147	1313

206	147	1326

192	148	1299

199	148	1313

206	148	1327

192	149	1315

206	149	1327

189	150	1319

190	150	1295

191	150	1298

206	150	1328

188	151	1289

206	151	1326

187	152	1296

206	152	1323

185	153	1325

187	153	1281

207	153	1354

187	154	1279

207	154	1348

187	155	1287

207	155	1336

187	156	1304

207	156	1324

185	157	1355

186	157	1315

207	157	1316

185	158	1307

208	158	1343

184	159	1307

208	159	1332

184	160	1296

208	160	1327

184	161	1307

209	161	1366

184	162	1324

209	162	1374

184	163	1323

209	163	1388

182	164	1344

184	164	1316

209	164	1395

182	165	1317

183	165	1388

209	165	1394

183	166	1334

209	166	1389

183	167	1352

209	167	1382

183	168	1367

209	168	1381

183	169	1341

209	169	1383

184	170	1346

209	170	1385

184	171	1386

208	171	1346

185	172	1348

208	172	1358

185	173	1346

208	173	1374

186	174	1355

208	174	1394

185	175	1394

186	175	1391

207	175	1372

187	176	1355

188	176	1326

207	176	1393

187	177	1370

189	177	1329

206	177	1372

189	178	1394

206	178	1371

190	179	1353

206	179	1371

188	180	1390

190	180	1361

206	180	1373

190	181	1387

206	181	1375

191	182	1361

206	182	1383

191	183	1378

206	183	1393

192	184	1350

205	184	1377

192	185	1363

205	185	1382

192	186	1367

205	186	1386

192	187	1357

205	187	1391

192	188	1368

205	188	1396

191	189	1385

204	189	1383

190	190	1378

191	190	1376

204	190	1388

189	191	1374

192	191	1362

204	191	1388

192	192	1367

204	192	1392

191	193	1368

203	193	1388

191	194	1388

203	194	1393

191	195	1370

202	195	1388

192	196	1386

202	196	1392

192	197	1392

202	197	1393

193	198	1389

201	198	1394

192	199	1390

193	199	1395

199	199	1394

200	199	1395

194	200	1394

195	200	1395

196	200	1391

198	200	1392

197	201	1396

190	206	1374

