169	96	1373

170	96	1370

171	96	1372

168	97	1373

172	97	1372

168	98	1370

172	98	1370

168	99	1370

173	99	1377

168	100	1369

173	100	1364

183	100	1411

168	101	1368

173	101	1372

182	101	1403

184	101	1406

168	102	1369

173	102	1377

181	102	1401

185	102	1414

168	103	1373

173	103	1385

181	103	1397

185	103	1410

168	104	1376

173	104	1385

181	104	1398

185	104	1416

168	105	1374

173	105	1385

180	105	1401

185	105	1419

168	106	1373

173	106	1387

180	106	1399

184	106	1410

168	107	1375

173	107	1390

179	107	1406

184	107	1414

168	108	1378

173	108	1393

179	108	1404

184	108	1418

168	109	1378

173	109	1392

178	109	1403

184	109	1423

168	110	1381

173	110	1393

175	110	1439

178	110	1403

183	110	1414

168	111	1382

174	111	1402

177	111	1376

183	111	1421

168	112	1384

174	112	1415

177	112	1400

183	112	1426

168	113	1384

175	113	1420

176	113	1385

182	113	1416

169	114	1385

182	114	1419

168	115	1390

182	115	1426

168	116	1389

182	116	1427

165	117	1395

166	117	1387

167	117	1387

181	117	1425

164	118	1378

181	118	1427

163	119	1378

181	119	1431

162	120	1426

180	120	1421

161	121	1400

180	121	1425

159	122	1389

160	122	1380

180	122	1423

158	123	1380

179	123	1413

158	124	1382

180	124	1422

157	125	1388

180	125	1418

157	126	1379

180	126	1411

157	127	1382

181	127	1411

156	128	1417

182	128	1403

157	129	1387

182	129	1417

156	130	1401

183	130	1388

156	131	1434

182	131	1398

157	132	1389

181	132	1412

157	133	1396

181	133	1421

157	134	1392

181	134	1431

157	135	1394

181	135	1442

157	136	1401

180	136	1429

157	137	1405

179	137	1428

157	138	1431

179	138	1437

158	139	1408

178	139	1439

158	140	1432

177	140	1450

158	141	1419

177	141	1470

158	142	1414

176	142	1468

158	143	1414

175	143	1459

157	144	1398

175	144	1460

156	145	1426

174	145	1451

156	146	1446

174	146	1454

156	147	1400

174	147	1459

156	148	1402

173	148	1461

155	149	1403

173	149	1468

155	150	1413

173	150	1476

155	151	1413

172	151	1469

154	152	1408

172	152	1470

153	153	1401

171	153	1466

152	154	1398

171	154	1471

153	155	1417

171	155	1475

152	156	1423

170	156	1473

152	157	1419

170	157	1475

151	158	1418

170	158	1481

150	159	1414

169	159	1477

150	160	1417

169	160	1479

150	161	1422

169	161	1482

149	162	1423

169	162	1482

149	163	1423

168	163	1480

148	164	1414

168	164	1483

148	165	1426

168	165	1490

147	166	1442

167	166	1477

146	167	1412

147	167	1426

148	167	1428

149	167	1427

150	167	1426

151	167	1424

152	167	1424

153	167	1422

154	167	1421

155	167	1421

156	167	1424

157	167	1426

158	167	1426

159	167	1427

160	167	1428

161	167	1432

162	167	1435

163	167	1440

164	167	1445

165	167	1453

166	167	1467

167	167	1486

