203	142	1567

204	142	1570

190	143	1535

191	143	1538

192	143	1537

203	143	1561

205	143	1571

190	144	1538

192	144	1539

203	144	1560

206	144	1569

190	145	1538

193	145	1544

202	145	1558

205	145	1568

190	146	1538

193	146	1546

203	146	1563

206	146	1577

191	147	1537

194	147	1550

202	147	1563

205	147	1570

191	148	1540

194	148	1549

202	148	1532

206	148	1580

192	149	1545

195	149	1552

203	149	1564

206	149	1577

192	150	1550

195	150	1554

203	150	1563

206	150	1577

193	151	1550

196	151	1558

203	151	1565

206	151	1575

193	152	1550

197	152	1564

203	152	1566

206	152	1576

193	153	1548

197	153	1562

203	153	1567

206	153	1575

194	154	1550

198	154	1570

203	154	1566

206	154	1573

194	155	1551

199	155	1599

202	155	1568

206	155	1576

194	156	1549

199	156	1592

201	156	1576

206	156	1581

195	157	1552

200	157	1588

205	157	1577

195	158	1551

205	158	1576

193	159	1549

194	159	1552

205	159	1574

192	160	1524

205	160	1572

191	161	1522

205	161	1570

189	162	1537

190	162	1540

205	162	1570

190	163	1540

205	163	1570

189	164	1535

206	164	1578

189	165	1531

206	165	1573

188	166	1533

207	166	1575

188	167	1530

206	167	1565

187	168	1569

206	168	1557

187	169	1576

206	169	1554

187	170	1573

207	170	1584

187	171	1561

207	171	1593

187	172	1560

208	172	1637

187	173	1560

208	173	1629

187	174	1556

208	174	1629

187	175	1540

208	175	1637

188	176	1558

208	176	1653

187	177	1581

207	177	1616

188	178	1563

207	178	1624

188	179	1581

207	179	1640

189	180	1574

207	180	1653

189	181	1571

206	181	1627

190	182	1566

206	182	1634

191	183	1581

206	183	1648

192	184	1576

206	184	1658

193	185	1573

205	185	1622

193	186	1573

205	186	1627

193	187	1575

205	187	1633

193	188	1587

205	188	1642

193	189	1610

205	189	1649

194	190	1589

205	190	1659

194	191	1591

204	191	1635

194	192	1591

204	192	1641

194	193	1593

204	193	1641

194	194	1594

204	194	1643

194	195	1601

204	195	1642

194	196	1608

204	196	1646

194	197	1622

204	197	1646

194	198	1634

204	198	1650

195	199	1620

204	199	1650

195	200	1623

204	200	1652

195	201	1629

204	201	1653

195	202	1633

204	202	1655

195	203	1635

204	203	1659

195	204	1642

204	204	1658

195	205	1647

204	205	1658

195	206	1652

204	206	1657

195	207	1656

203	207	1657

195	208	1660

196	208	1655

202	208	1657

197	209	1657

198	209	1655

201	209	1657

199	210	1657

200	210	1658

201	210	1660

