179	147	1664

180	147	1667

179	148	1665

181	148	1668

192	148	1694

193	148	1694

179	149	1670

182	149	1670

192	149	1694

194	149	1698

179	150	1677

183	150	1676

192	150	1693

194	150	1696

180	151	1674

183	151	1674

191	151	1682

194	151	1693

180	152	1677

184	152	1682

191	152	1689

194	152	1693

181	153	1673

184	153	1681

191	153	1682

194	153	1695

181	154	1678

185	154	1690

191	154	1674

194	154	1694

181	155	1691

185	155	1684

191	155	1685

194	155	1695

182	156	1685

186	156	1688

191	156	1695

194	156	1691

182	157	1687

186	157	1686

191	157	1699

194	157	1692

182	158	1684

186	158	1688

190	158	1712

194	158	1694

182	159	1685

187	159	1699

190	159	1715

194	159	1697

183	160	1656

188	160	1702

189	160	1723

194	160	1698

183	161	1667

194	161	1697

183	162	1684

194	162	1697

182	163	1656

194	163	1696

180	164	1659

181	164	1652

194	164	1699

180	165	1659

194	165	1699

179	166	1690

194	166	1696

179	167	1677

194	167	1694

179	168	1658

194	168	1690

179	169	1653

195	169	1688

178	170	1667

195	170	1681

178	171	1668

195	171	1681

178	172	1677

195	172	1682

178	173	1684

195	173	1681

177	174	1696

195	174	1687

177	175	1700

196	175	1723

178	176	1679

196	176	1724

178	177	1678

196	177	1723

178	178	1679

196	178	1726

178	179	1691

196	179	1740

178	180	1698

195	180	1712

179	181	1690

195	181	1726

180	182	1690

196	182	1774

181	183	1687

195	183	1740

181	184	1699

195	184	1746

182	185	1693

195	185	1757

183	186	1702

195	186	1766

183	187	1707

195	187	1772

183	188	1711

195	188	1778

183	189	1703

194	189	1745

183	190	1732

194	190	1748

184	191	1705

194	191	1755

184	192	1712

194	192	1760

184	193	1718

194	193	1766

184	194	1720

194	194	1769

184	195	1725

194	195	1770

184	196	1733

194	196	1768

184	197	1747

194	197	1767

184	198	1754

194	198	1768

184	199	1752

194	199	1768

184	200	1754

194	200	1768

184	201	1763

194	201	1768

184	202	1780

194	202	1770

185	203	1759

194	203	1767

185	204	1765

195	204	1779

185	205	1767

195	205	1776

185	206	1768

194	206	1774

185	207	1776

195	207	1780

186	208	1768

194	208	1776

187	209	1768

194	209	1775

187	210	1773

193	210	1776

188	211	1770

192	211	1777

193	211	1779

188	212	1779

189	212	1776

190	212	1775

191	212	1779

