183	127	1305

184	127	1294

185	127	1295

186	127	1303

200	127	1319

201	127	1318

202	127	1330

182	128	1291

187	128	1303

199	128	1319

203	128	1336

181	129	1311

188	129	1312

199	129	1318

203	129	1326

182	130	1284

189	130	1321

199	130	1319

203	130	1321

183	131	1289

190	131	1326

191	131	1347

199	131	1319

204	131	1332

183	132	1294

192	132	1329

193	132	1403

194	132	1335

198	132	1345

204	132	1334

183	133	1311

184	133	1298

193	133	1328

194	133	1333

197	133	1395

199	133	1311

204	133	1332

185	134	1291

192	134	1332

194	134	1333

195	134	1372

196	134	1392

198	134	1341

204	134	1330

184	135	1330

192	135	1303

197	135	1341

205	135	1355

185	136	1325

193	136	1326

198	136	1347

205	136	1341

186	137	1297

194	137	1342

195	137	1354

199	137	1328

205	137	1339

187	138	1306

196	138	1371

197	138	1361

198	138	1366

205	138	1336

188	139	1299

196	139	1360

197	139	1377

198	139	1357

205	139	1335

188	140	1306

195	140	1345

199	140	1326

205	140	1338

188	141	1318

195	141	1348

199	141	1326

206	141	1363

189	142	1305

195	142	1340

200	142	1320

206	142	1376

189	143	1319

195	143	1331

199	143	1334

205	143	1349

190	144	1308

196	144	1354

199	144	1328

205	144	1358

190	145	1318

196	145	1349

199	145	1322

205	145	1362

190	146	1307

197	146	1326

198	146	1326

205	146	1355

191	147	1309

205	147	1356

187	148	1308

188	148	1313

189	148	1310

190	148	1322

205	148	1355

186	149	1305

205	149	1352

185	150	1320

205	150	1349

185	151	1314

205	151	1347

185	152	1311

205	152	1342

185	153	1342

205	153	1335

184	154	1346

206	154	1345

183	155	1349

206	155	1346

183	156	1319

206	156	1338

182	157	1352

207	157	1360

182	158	1371

208	158	1404

181	159	1368

207	159	1353

182	160	1335

207	160	1362

181	161	1334

207	161	1371

182	162	1332

207	162	1378

182	163	1333

207	163	1381

182	164	1359

207	164	1378

183	165	1318

207	165	1376

182	166	1378

207	166	1375

182	167	1379

207	167	1377

183	168	1329

207	168	1380

183	169	1342

206	169	1341

183	170	1386

206	170	1350

184	171	1324

206	171	1359

185	172	1330

206	172	1374

185	173	1361

206	173	1391

186	174	1343

206	174	1406

185	175	1350

187	175	1363

205	175	1378

186	176	1393

188	176	1372

205	176	1378

189	177	1356

205	177	1380

187	178	1383

189	178	1383

205	178	1382

190	179	1356

205	179	1390

190	180	1364

205	180	1395

190	181	1366

205	181	1401

190	182	1385

205	182	1404

190	183	1361

204	183	1385

189	184	1396

204	184	1395

190	185	1378

204	185	1402

190	186	1399

204	186	1405

190	187	1403

204	187	1406

190	188	1380

204	188	1407

190	189	1384

204	189	1408

190	190	1391

203	190	1396

190	191	1381

203	191	1400

191	192	1369

203	192	1403

190	193	1392

203	193	1405

189	194	1393

203	194	1407

189	195	1407

202	195	1399

190	196	1374

202	196	1402

190	197	1375

202	197	1405

189	198	1391

190	198	1389

202	198	1408

188	199	1403

191	199	1398

201	199	1408

192	200	1406

200	200	1408

192	201	1406

199	201	1406

192	202	1403

198	202	1406

199	202	1407

189	203	1397

192	203	1408

193	203	1406

196	203	1406

197	203	1408

194	204	1407

195	204	1406

