169	95	1373

170	95	1366

171	95	1376

168	96	1372

172	96	1378

168	97	1365

172	97	1374

168	98	1365

172	98	1373

168	99	1367

173	99	1385

168	100	1370

173	100	1382

182	100	1408

183	100	1408

184	100	1418

169	101	1369

173	101	1382

181	101	1404

185	101	1425

169	102	1368

173	102	1382

181	102	1401

185	102	1418

168	103	1344

173	103	1384

181	103	1400

185	103	1417

168	104	1379

173	104	1385

180	104	1395

185	104	1416

168	105	1381

173	105	1388

180	105	1401

185	105	1414

168	106	1380

173	106	1392

180	106	1401

184	106	1408

168	107	1382

173	107	1393

179	107	1403

184	107	1412

168	108	1383

173	108	1394

179	108	1401

184	108	1419

168	109	1385

173	109	1394

178	109	1406

184	109	1417

168	110	1386

174	110	1407

175	110	1419

178	110	1407

183	110	1417

168	111	1386

175	111	1396

177	111	1379

183	111	1421

168	112	1388

175	112	1399

177	112	1403

183	112	1426

168	113	1389

176	113	1387

182	113	1417

169	114	1388

182	114	1420

168	115	1392

182	115	1424

168	116	1390

182	116	1416

166	117	1394

167	117	1378

181	117	1424

164	118	1407

165	118	1382

181	118	1428

163	119	1381

181	119	1427

161	120	1418

162	120	1397

180	120	1423

160	121	1389

180	121	1425

159	122	1373

180	122	1422

159	123	1373

180	123	1419

158	124	1380

180	124	1417

157	125	1398

180	125	1410

157	126	1388

180	126	1401

157	127	1396

181	127	1407

157	128	1388

182	128	1416

157	129	1383

183	129	1378

156	130	1416

182	130	1418

183	130	1408

156	131	1427

181	131	1409

157	132	1390

181	132	1414

157	133	1388

182	133	1422

157	134	1398

182	134	1407

157	135	1423

181	135	1439

157	136	1421

180	136	1425

157	137	1422

179	137	1426

158	138	1399

179	138	1441

158	139	1427

178	139	1447

158	140	1435

177	140	1454

157	141	1448

177	141	1466

158	142	1427

176	142	1461

158	143	1422

175	143	1449

158	144	1415

175	144	1452

157	145	1402

174	145	1449

157	146	1406

174	146	1456

156	147	1409

174	147	1463

156	148	1408

174	148	1471

156	149	1410

173	149	1470

155	150	1415

173	150	1474

155	151	1416

173	151	1476

154	152	1422

172	152	1472

153	153	1409

172	153	1476

154	154	1420

171	154	1470

152	155	1406

153	155	1419

171	155	1474

152	156	1419

171	156	1479

152	157	1423

171	157	1484

151	158	1419

170	158	1478

150	159	1385

170	159	1481

150	160	1415

169	160	1477

149	161	1440

169	161	1481

149	162	1423

169	162	1484

149	163	1425

169	163	1488

149	164	1428

168	164	1483

149	165	1427

168	165	1487

148	166	1430

168	166	1488

148	167	1426

149	167	1426

150	167	1424

151	167	1422

152	167	1420

153	167	1421

154	167	1422

155	167	1422

156	167	1421

157	167	1423

158	167	1424

159	167	1426

160	167	1426

161	167	1429

162	167	1432

163	167	1437

164	167	1443

165	167	1453

166	167	1465

167	167	1479

