173	150	1946

174	150	1948

173	151	1942

174	151	1941

173	152	1944

174	152	1939

173	153	1948

174	153	1940

174	154	1939

175	154	1943

184	154	1971

185	154	1971

173	155	1951

175	155	1942

183	155	1977

185	155	1965

174	156	1937

175	156	1938

183	156	1958

185	156	1961

174	157	1936

175	157	1934

183	157	1952

185	157	1963

174	158	1937

175	158	1932

182	158	1963

184	158	1954

173	159	1957

175	159	1930

182	159	1954

184	159	1957

173	160	1961

175	160	1931

181	160	1955

184	160	1966

172	161	1994

175	161	1933

180	161	1956

183	161	1949

171	162	1946

176	162	1942

179	162	1965

183	162	1958

170	163	1935

177	163	1944

178	163	1962

182	163	1948

170	164	1930

182	164	1957

170	165	1918

181	165	1941

168	166	1937

169	166	1933

181	166	1941

168	167	1933

181	167	1948

168	168	1932

180	168	1937

167	169	1963

180	169	1947

167	170	1951

179	170	1938

166	171	1969

179	171	1936

166	172	1965

179	172	1930

166	173	1959

179	173	1926

166	174	1960

179	174	1936

166	175	1958

178	175	1928

166	176	1981

178	176	1944

166	177	1973

178	177	1954

167	178	1940

178	178	1963

167	179	1949

177	179	1945

167	180	1962

177	180	1954

167	181	1971

177	181	1962

167	182	1968

176	182	1946

167	183	1956

176	183	1953

167	184	1949

176	184	1961

167	185	1942

176	185	1971

166	186	1950

175	186	1955

165	187	1989

175	187	1965

165	188	1962

175	188	1977

165	189	1948

175	189	1986

164	190	1969

174	190	1962

164	191	1956

174	191	1969

164	192	1946

174	192	1975

164	193	1941

173	193	1952

163	194	1971

173	194	1951

163	195	1950

173	195	1956

162	196	1974

173	196	1961

162	197	1952

172	197	1945

162	198	1946

172	198	1950

162	199	1936

173	199	1999

161	200	1958

172	200	1958

199	200	2031

200	200	2029

201	200	2026

202	200	2026

203	200	2028

161	201	1946

172	201	1961

192	201	2033

193	201	2033

194	201	2031

195	201	2029

196	201	2027

197	201	2030

198	201	2032

203	201	2020

161	202	1936

162	202	1916

163	202	1908

164	202	1904

165	202	1901

166	202	1902

167	202	1903

168	202	1910

169	202	1915

170	202	1923

171	202	1936

172	202	1964

192	202	2030

193	202	2028

194	202	2025

195	202	2026

196	202	2023

197	202	2026

198	202	2027

199	202	2023

200	202	2018

201	202	2013

202	202	2012

203	202	2013

