212	153	1543

211	154	1533

213	154	1548

210	155	1526

214	155	1558

198	156	1515

199	156	1517

200	156	1521

210	156	1532

214	156	1552

198	157	1515

201	157	1524

211	157	1543

214	157	1552

198	158	1517

202	158	1526

211	158	1545

215	158	1561

199	159	1521

203	159	1531

211	159	1546

215	159	1559

199	160	1527

204	160	1531

211	160	1543

216	160	1583

200	161	1527

204	161	1537

211	161	1545

216	161	1580

200	162	1526

205	162	1541

211	162	1543

216	162	1578

199	163	1502

200	163	1528

206	163	1543

211	163	1551

216	163	1580

201	164	1536

207	164	1553

208	164	1527

211	164	1549

216	164	1578

202	165	1536

208	165	1559

211	165	1555

216	165	1575

202	166	1538

208	166	1576

211	166	1555

216	166	1574

203	167	1540

209	167	1616

211	167	1549

216	167	1577

204	168	1541

210	168	1591

216	168	1580

204	169	1541

216	169	1580

204	170	1541

216	170	1575

204	171	1558

216	171	1573

203	172	1551

217	172	1590

202	173	1529

217	173	1589

201	174	1520

217	174	1583

201	175	1518

217	175	1578

200	176	1548

218	176	1601

200	177	1542

218	177	1595

200	178	1551

218	178	1588

200	179	1525

218	179	1586

199	180	1530

218	180	1581

199	181	1521

218	181	1575

199	182	1530

218	182	1564

199	183	1542

218	183	1563

198	184	1553

218	184	1567

199	185	1545

218	185	1573

199	186	1548

218	186	1580

199	187	1546

218	187	1580

199	188	1544

219	188	1629

199	189	1552

218	189	1583

200	190	1568

218	190	1593

201	191	1555

218	191	1608

201	192	1560

218	192	1630

201	193	1570

217	193	1614

202	194	1571

217	194	1625

203	195	1590

217	195	1624

204	196	1604

205	196	1568

217	196	1624

206	197	1580

217	197	1628

206	198	1582

217	198	1635

206	199	1592

217	199	1641

207	200	1586

216	200	1631

207	201	1589

216	201	1636

207	202	1590

216	202	1640

207	203	1592

216	203	1641

207	204	1608

215	204	1631

207	205	1613

215	205	1637

207	206	1610

215	206	1641

208	207	1622

214	207	1639

208	208	1626

214	208	1642

208	209	1627

213	209	1640

208	210	1630

212	210	1640

208	211	1643

209	211	1641

210	211	1641

211	211	1643

212	211	1644

