154	152	1454

155	152	1460

154	153	1457

156	153	1465

154	154	1460

156	154	1464

154	155	1464

156	155	1464

155	156	1464

157	156	1467

170	156	1483

171	156	1485

172	156	1485

155	157	1465

157	157	1468

170	157	1484

172	157	1486

155	158	1466

157	158	1468

170	158	1485

172	158	1488

155	159	1470

158	159	1473

169	159	1484

171	159	1487

155	160	1470

158	160	1475

169	160	1485

171	160	1488

156	161	1472

158	161	1478

168	161	1483

171	161	1489

156	162	1473

158	162	1476

168	162	1487

171	162	1492

156	163	1476

159	163	1481

167	163	1487

171	163	1497

156	164	1473

159	164	1482

167	164	1490

170	164	1495

156	165	1473

159	165	1483

166	165	1491

170	165	1494

156	166	1475

159	166	1483

165	166	1494

170	166	1494

156	167	1479

160	167	1488

164	167	1501

169	167	1494

157	168	1480

160	168	1490

164	168	1496

169	168	1496

156	169	1484

161	169	1498

162	169	1495

163	169	1496

169	169	1499

153	170	1459

154	170	1466

155	170	1477

168	170	1496

152	171	1455

168	171	1500

151	172	1458

168	172	1504

150	173	1477

167	173	1501

150	174	1472

167	174	1502

148	175	1472

149	175	1472

166	175	1500

148	176	1467

166	176	1503

148	177	1468

165	177	1496

148	178	1468

165	178	1497

148	179	1471

165	179	1498

147	180	1488

165	180	1499

147	181	1496

165	181	1497

147	182	1497

165	182	1500

147	183	1503

165	183	1506

148	184	1502

164	184	1501

147	185	1548

164	185	1498

148	186	1506

163	186	1485

148	187	1507

163	187	1493

148	188	1511

163	188	1508

148	189	1511

163	189	1531

149	190	1510

163	190	1552

149	191	1519

162	191	1540

149	192	1547

162	192	1560

150	193	1542

161	193	1564

150	194	1554

160	194	1564

150	195	1561

159	195	1560

150	196	1567

159	196	1568

150	197	1575

151	197	1567

158	197	1565

152	198	1568

157	198	1569

158	198	1575

152	199	1578

155	199	1573

156	199	1578

153	200	1580

154	200	1578

