154	121	1176

152	122	1172

153	122	1158

155	122	1163

152	123	1161

156	123	1166

152	124	1162

156	124	1160

152	125	1164

157	125	1178

153	126	1154

157	126	1172

153	127	1159

157	127	1166

173	127	1187

174	127	1193

175	127	1188

176	127	1195

177	127	1206

153	128	1164

158	128	1179

173	128	1195

177	128	1190

153	129	1168

158	129	1172

173	129	1184

178	129	1215

153	130	1165

158	130	1168

172	130	1184

177	130	1184

154	131	1163

158	131	1165

171	131	1177

177	131	1184

154	132	1164

159	132	1184

172	132	1181

178	132	1194

154	133	1167

159	133	1177

172	133	1181

177	133	1193

154	134	1167

159	134	1172

171	134	1185

176	134	1188

154	135	1169

160	135	1189

170	135	1198

176	135	1194

154	136	1165

160	136	1187

170	136	1186

176	136	1200

154	137	1163

160	137	1184

170	137	1181

175	137	1184

155	138	1163

160	138	1180

169	138	1188

175	138	1189

155	139	1166

161	139	1179

169	139	1181

175	139	1200

155	140	1166

161	140	1183

168	140	1188

175	140	1205

155	141	1167

161	141	1184

168	141	1182

174	141	1188

155	142	1169

162	142	1205

167	142	1185

174	142	1196

155	143	1171

162	143	1197

166	143	1188

173	143	1185

155	144	1170

162	144	1201

166	144	1180

173	144	1198

150	145	1162

151	145	1157

152	145	1155

153	145	1163

155	145	1154

162	145	1192

165	145	1183

172	145	1189

149	146	1155

154	146	1161

163	146	1183

164	146	1183

172	146	1200

148	147	1164

171	147	1185

148	148	1161

171	148	1195

148	149	1153

170	149	1190

147	150	1149

170	150	1200

146	151	1172

170	151	1208

145	152	1161

169	152	1188

144	153	1171

169	153	1193

143	154	1204

169	154	1201

144	155	1165

169	155	1209

144	156	1165

169	156	1217

144	157	1172

169	157	1223

143	158	1201

169	158	1228

142	159	1147

169	159	1225

143	160	1204

168	160	1194

143	161	1210

168	161	1199

143	162	1204

168	162	1205

143	163	1172

168	163	1214

143	164	1180

167	164	1200

143	165	1203

167	165	1212

143	166	1206

166	166	1202

143	167	1215

166	167	1219

144	168	1195

165	168	1189

144	169	1195

165	169	1205

144	170	1198

165	170	1222

144	171	1206

165	171	1233

143	172	1223

165	172	1238

144	173	1259

165	173	1245

145	174	1245

164	174	1236

146	175	1220

164	175	1255

145	176	1173

147	176	1208

163	176	1255

147	177	1215

162	177	1250

147	178	1207

162	178	1262

147	179	1203

161	179	1249

148	180	1227

161	180	1256

148	181	1221

160	181	1250

149	182	1224

160	182	1262

148	183	1212

159	183	1261

149	184	1241

159	184	1263

149	185	1263

158	185	1265

150	186	1259

151	186	1253

157	186	1265

152	187	1263

153	187	1261

154	187	1259

155	187	1260

156	187	1264

