168	97	1382

169	97	1384

167	98	1379

170	98	1387

167	99	1379

170	99	1385

166	100	1379

170	100	1387

166	101	1378

170	101	1387

166	102	1377

171	102	1388

180	102	1412

181	102	1412

182	102	1420

166	103	1380

171	103	1391

179	103	1410

182	103	1411

166	104	1388

171	104	1394

179	104	1409

183	104	1420

166	105	1389

171	105	1395

178	105	1412

183	105	1426

166	106	1387

171	106	1401

178	106	1410

183	106	1426

166	107	1389

171	107	1401

178	107	1410

182	107	1420

167	108	1389

171	108	1401

177	108	1416

182	108	1426

166	109	1393

171	109	1400

177	109	1411

182	109	1432

166	110	1393

171	110	1402

176	110	1396

182	110	1432

166	111	1394

171	111	1404

176	111	1417

181	111	1423

166	112	1398

172	112	1417

175	112	1390

181	112	1430

167	113	1399

172	113	1420

174	113	1414

180	113	1421

167	114	1399

173	114	1395

180	114	1426

166	115	1399

180	115	1429

166	116	1403

180	116	1436

166	117	1405

180	117	1434

164	118	1394

165	118	1396

179	118	1436

163	119	1393

179	119	1438

162	120	1392

178	120	1431

160	121	1407

161	121	1397

178	121	1431

159	122	1408

178	122	1435

158	123	1395

178	123	1436

157	124	1396

178	124	1437

156	125	1403

178	125	1435

155	126	1420

178	126	1435

155	127	1405

179	127	1448

154	128	1439

179	128	1431

154	129	1458

180	129	1405

154	130	1440

180	130	1395

154	131	1433

179	131	1414

155	132	1405

179	132	1422

154	133	1440

179	133	1433

155	134	1401

179	134	1441

155	135	1397

178	135	1430

155	136	1403

178	136	1434

155	137	1412

177	137	1434

155	138	1449

177	138	1442

156	139	1426

176	139	1443

155	140	1449

176	140	1454

156	141	1421

175	141	1461

157	142	1422

174	142	1468

157	143	1423

174	143	1473

156	144	1430

173	144	1467

155	145	1424

173	145	1473

154	146	1444

172	146	1468

154	147	1448

172	147	1471

154	148	1443

172	148	1477

154	149	1430

171	149	1474

153	150	1432

171	150	1482

153	151	1423

171	151	1489

152	152	1429

170	152	1485

152	153	1425

170	153	1488

151	154	1431

170	154	1489

150	155	1452

169	155	1490

151	156	1442

169	156	1497

150	157	1436

169	157	1500

150	158	1433

168	158	1490

149	159	1437

168	159	1494

149	160	1426

167	160	1493

149	161	1439

167	161	1497

148	162	1431

167	162	1498

147	163	1437

168	163	1502

147	164	1446

167	164	1503

146	165	1444

166	165	1497

146	166	1450

166	166	1502

146	167	1446

165	167	1491

145	168	1436

165	168	1495

145	169	1448

146	169	1450

147	169	1444

148	169	1441

149	169	1438

150	169	1437

151	169	1438

152	169	1439

153	169	1440

154	169	1441

155	169	1440

156	169	1442

157	169	1443

158	169	1445

159	169	1446

160	169	1448

161	169	1452

162	169	1459

163	169	1471

164	169	1486

165	169	1502

