192	137	1422

191	138	1413

193	138	1416

176	139	1375

177	139	1375

178	139	1380

191	139	1409

193	139	1412

175	140	1366

179	140	1378

180	140	1381

190	140	1412

194	140	1423

176	141	1376

180	141	1386

190	141	1409

194	141	1422

177	142	1381

181	142	1396

190	142	1414

194	142	1421

177	143	1386

181	143	1392

191	143	1413

195	143	1434

178	144	1389

182	144	1395

191	144	1415

195	144	1435

178	145	1392

183	145	1400

191	145	1417

195	145	1433

179	146	1390

183	146	1396

191	146	1419

195	146	1429

179	147	1387

184	147	1396

191	147	1418

195	147	1427

179	148	1390

184	148	1405

191	148	1415

195	148	1428

179	149	1376

184	149	1405

191	149	1414

195	149	1427

180	150	1397

185	150	1412

191	150	1417

195	150	1429

180	151	1402

186	151	1425

187	151	1450

191	151	1419

195	151	1428

181	152	1401

187	152	1450

191	152	1421

195	152	1431

181	153	1399

188	153	1409

190	153	1424

195	153	1432

181	154	1388

187	154	1435

190	154	1426

195	154	1434

182	155	1402

188	155	1465

190	155	1423

195	155	1435

183	156	1403

189	156	1418

195	156	1438

181	157	1408

182	157	1424

195	157	1439

180	158	1397

195	158	1435

179	159	1393

196	159	1436

178	160	1405

196	160	1453

177	161	1427

197	161	1485

177	162	1445

196	162	1454

178	163	1395

196	163	1453

177	164	1409

196	164	1456

176	165	1409

196	165	1456

176	166	1393

196	166	1453

174	167	1481

175	167	1407

196	167	1444

174	168	1472

196	168	1430

175	169	1408

196	169	1414

174	170	1423

197	170	1443

174	171	1409

197	171	1442

174	172	1426

197	172	1445

174	173	1445

197	173	1456

174	174	1429

196	174	1421

173	175	1435

197	175	1470

174	176	1464

197	176	1471

174	177	1484

197	177	1475

175	178	1439

196	178	1439

175	179	1449

196	179	1449

176	180	1458

196	180	1464

177	181	1455

195	181	1455

177	182	1472

178	182	1444

195	182	1472

179	183	1441

195	183	1483

180	184	1431

195	184	1491

180	185	1455

195	185	1494

179	186	1441

180	186	1450

195	186	1498

181	187	1448

194	187	1476

181	188	1465

194	188	1487

181	189	1478

194	189	1496

182	190	1449

193	190	1484

180	191	1495

182	191	1448

193	191	1490

181	192	1479

193	192	1496

181	193	1464

193	193	1500

181	194	1461

193	194	1501

181	195	1483

192	195	1494

182	196	1462

192	196	1496

181	197	1491

192	197	1500

181	198	1476

192	198	1501

182	199	1477

191	199	1495

182	200	1482

191	200	1496

182	201	1487

191	201	1499

182	202	1492

190	202	1498

179	203	1491

182	203	1496

189	203	1498

183	204	1495

187	204	1496

188	204	1496

183	205	1500

186	205	1498

184	206	1501

185	206	1500

186	206	1501

