174	128	1342

173	129	1341

175	129	1347

176	129	1350

173	130	1347

177	130	1358

188	130	1398

189	130	1383

190	130	1382

191	130	1389

192	130	1403

172	131	1348

178	131	1356

184	131	1419

185	131	1356

187	131	1395

193	131	1408

172	132	1334

179	132	1365

186	132	1337

187	132	1389

194	132	1403

173	133	1347

179	133	1365

188	133	1375

194	133	1413

174	134	1353

180	134	1375

181	134	1373

188	134	1382

194	134	1421

175	135	1351

180	135	1369

185	135	1432

188	135	1386

193	135	1395

175	136	1353

180	136	1368

185	136	1393

187	136	1390

193	136	1394

176	137	1352

181	137	1362

188	137	1393

194	137	1416

176	138	1357

181	138	1374

189	138	1378

194	138	1408

195	138	1404

177	139	1355

182	139	1380

189	139	1381

193	139	1393

177	140	1360

182	140	1377

189	140	1382

193	140	1394

177	141	1363

183	141	1385

189	141	1383

193	141	1396

177	142	1364

183	142	1378

189	142	1381

193	142	1397

178	143	1363

184	143	1395

185	143	1386

188	143	1360

193	143	1398

179	144	1361

185	144	1438

188	144	1380

193	144	1401

179	145	1365

185	145	1427

188	145	1383

193	145	1402

180	146	1368

185	146	1420

188	146	1379

193	146	1403

180	147	1371

185	147	1405

187	147	1372

193	147	1403

180	148	1374

186	148	1392

193	148	1407

178	149	1382

179	149	1389

193	149	1411

176	150	1352

177	150	1344

193	150	1410

175	151	1359

193	151	1405

174	152	1373

193	152	1402

175	153	1350

194	153	1415

174	154	1375

194	154	1424

174	155	1385

194	155	1414

173	156	1361

194	156	1415

173	157	1349

194	157	1415

171	158	1407

172	158	1366

194	158	1415

170	159	1395

194	159	1409

171	160	1372

194	160	1398

172	161	1357

194	161	1389

171	162	1370

194	162	1385

170	163	1385

194	163	1387

170	164	1387

194	164	1391

171	165	1389

194	165	1399

171	166	1379

194	166	1400

171	167	1379

194	167	1400

171	168	1373

194	168	1402

172	169	1386

194	169	1409

171	170	1425

194	170	1417

171	171	1384

172	171	1399

194	171	1427

173	172	1378

193	172	1403

173	173	1373

193	173	1420

174	174	1434

193	174	1439

175	175	1429

193	175	1450

175	176	1448

193	176	1459

176	177	1437

193	177	1466

177	178	1419

193	178	1472

177	179	1444

192	179	1436

177	180	1475

192	180	1445

178	181	1415

192	181	1452

178	182	1420

192	182	1464

178	183	1418

191	183	1447

177	184	1466

191	184	1455

178	185	1407

191	185	1459

177	186	1435

191	186	1463

177	187	1425

191	187	1468

178	188	1413

191	188	1473

177	189	1465

190	189	1456

177	190	1458

190	190	1457

178	191	1426

190	191	1461

178	192	1428

190	192	1464

178	193	1429

190	193	1468

178	194	1432

190	194	1472

177	195	1464

190	195	1471

177	196	1464

190	196	1473

177	197	1453

190	197	1472

176	198	1456

189	198	1469

177	199	1454

189	199	1470

177	200	1465

189	200	1473

177	201	1469

188	201	1473

176	202	1472

187	202	1471

177	203	1475

187	203	1473

178	204	1474

179	204	1475

187	204	1475

180	205	1474

185	205	1471

186	205	1474

181	206	1472

182	206	1473

183	206	1472

184	206	1475

