182	136	1445

181	137	1442

183	137	1444

195	137	1478

196	137	1476

197	137	1477

181	138	1442

184	138	1444

194	138	1478

198	138	1476

181	139	1444

184	139	1446

195	139	1472

199	139	1487

181	140	1447

185	140	1447

194	140	1478

199	140	1485

182	141	1450

186	141	1440

195	141	1473

198	141	1478

182	142	1451

186	142	1451

195	142	1474

198	142	1477

183	143	1453

186	143	1453

195	143	1473

199	143	1485

183	144	1453

187	144	1460

195	144	1473

199	144	1487

184	145	1451

187	145	1460

195	145	1476

199	145	1487

183	146	1456

188	146	1458

195	146	1476

199	146	1485

184	147	1458

188	147	1460

194	147	1474

199	147	1485

184	148	1462

189	148	1463

191	148	1434

194	148	1479

199	148	1487

185	149	1461

190	149	1467

191	149	1465

194	149	1482

199	149	1491

185	150	1461

191	150	1490

194	150	1485

199	150	1494

186	151	1463

191	151	1513

194	151	1482

199	151	1493

186	152	1463

192	152	1528

194	152	1478

199	152	1486

187	153	1463

193	153	1482

198	153	1484

186	154	1468

198	154	1482

183	155	1460

184	155	1455

185	155	1465

199	155	1486

183	156	1439

198	156	1479

182	157	1438

198	157	1480

181	158	1456

198	158	1479

180	159	1507

198	159	1476

180	160	1494

199	160	1489

180	161	1462

199	161	1492

179	162	1461

199	162	1492

178	163	1467

200	163	1512

178	164	1498

200	164	1514

178	165	1494

199	165	1484

178	166	1474

199	166	1486

177	167	1477

199	167	1491

177	168	1468

199	168	1502

178	169	1465

199	169	1512

178	170	1477

198	170	1478

178	171	1489

199	171	1525

178	172	1484

199	172	1521

178	173	1495

199	173	1518

178	174	1521

199	174	1524

179	175	1476

198	175	1490

179	176	1497

198	176	1507

180	177	1491

198	177	1526

180	178	1536

197	178	1509

181	179	1514

197	179	1518

181	180	1567

198	180	1565

182	181	1545

198	181	1566

182	182	1517

197	182	1521

183	183	1502

197	183	1528

183	184	1520

197	184	1535

184	185	1507

197	185	1543

184	186	1515

197	186	1549

183	187	1482

197	187	1555

183	188	1490

197	188	1561

184	189	1533

197	189	1566

185	190	1508

197	190	1572

185	191	1511

196	191	1549

185	192	1514

196	192	1554

185	193	1512

196	193	1552

185	194	1513

196	194	1552

185	195	1516

196	195	1553

185	196	1524

196	196	1557

185	197	1527

196	197	1559

185	198	1527

196	198	1561

185	199	1541

196	199	1560

185	200	1552

196	200	1561

185	201	1559

196	201	1563

185	202	1562

196	202	1566

185	203	1567

196	203	1566

185	204	1569

196	204	1566

185	205	1572

196	205	1566

186	206	1564

196	206	1569

186	207	1571

196	207	1571

186	208	1571

195	208	1570

187	209	1568

188	209	1561

189	209	1559

190	209	1559

191	209	1560

192	209	1563

193	209	1566

194	209	1571

