180	128	1282

181	128	1277

182	128	1278

183	128	1287

197	128	1306

198	128	1300

199	128	1306

179	129	1283

184	129	1282

185	129	1303

196	129	1314

200	129	1309

179	130	1278

186	130	1307

196	130	1307

201	130	1324

180	131	1278

187	131	1306

195	131	1350

201	131	1320

180	132	1282

188	132	1298

191	132	1351

192	132	1342

194	132	1369

201	132	1316

180	133	1291

188	133	1285

194	133	1380

201	133	1312

180	134	1305

181	134	1286

188	134	1285

195	134	1322

202	134	1331

182	135	1290

189	135	1277

192	135	1352

196	135	1317

202	135	1321

183	136	1287

190	136	1313

192	136	1356

193	136	1351

196	136	1307

203	136	1357

184	137	1284

191	137	1343

194	137	1362

195	137	1342

202	137	1318

184	138	1289

193	138	1364

195	138	1387

202	138	1319

185	139	1284

192	139	1322

196	139	1345

203	139	1326

185	140	1289

192	140	1324

197	140	1312

203	140	1342

185	141	1303

193	141	1366

197	141	1319

203	141	1344

186	142	1292

193	142	1356

197	142	1320

202	142	1325

186	143	1298

193	143	1359

197	143	1319

202	143	1329

186	144	1305

193	144	1349

197	144	1315

202	144	1334

187	145	1300

193	145	1333

197	145	1313

202	145	1336

188	146	1294

193	146	1320

196	146	1318

202	146	1339

188	147	1297

194	147	1323

195	147	1322

202	147	1335

187	148	1331

202	148	1327

186	149	1312

202	149	1323

185	150	1284

202	150	1322

183	151	1308

184	151	1279

202	151	1322

183	152	1278

202	152	1322

182	153	1336

203	153	1352

181	154	1332

203	154	1345

182	155	1323

203	155	1335

181	156	1318

203	156	1325

181	157	1303

204	157	1348

180	158	1358

204	158	1336

179	159	1361

180	159	1333

204	159	1331

179	160	1350

181	160	1280

205	160	1360

180	161	1309

205	161	1364

180	162	1310

205	162	1372

179	163	1369

205	163	1378

179	164	1399

205	164	1385

180	165	1318

205	165	1385

180	166	1325

205	166	1380

180	167	1333

205	167	1377

180	168	1363

205	168	1381

180	169	1376

205	169	1386

180	170	1359

204	170	1345

181	171	1328

204	171	1353

180	172	1335

181	172	1343

204	172	1364

182	173	1329

203	173	1341

182	174	1325

203	174	1356

183	175	1359

203	175	1372

184	176	1357

203	176	1381

184	177	1392

203	177	1383

185	178	1385

203	178	1384

186	179	1390

203	179	1387

187	180	1352

203	180	1391

186	181	1374

203	181	1397

187	182	1384

202	182	1379

188	183	1361

202	183	1385

188	184	1356

202	184	1392

187	185	1362

202	185	1396

188	186	1365

201	186	1380

188	187	1388

201	187	1383

188	188	1384

201	188	1387

188	189	1379

201	189	1390

187	190	1395

201	190	1395

187	191	1372

201	191	1397

187	192	1380

201	192	1398

187	193	1355

201	193	1398

188	194	1365

200	194	1393

188	195	1383

200	195	1398

187	196	1397

199	196	1393

188	197	1384

199	197	1398

189	198	1386

199	198	1399

186	199	1341

189	199	1397

198	199	1397

187	200	1325

188	200	1399

190	200	1399

197	200	1395

198	200	1399

187	201	1387

191	201	1396

196	201	1397

192	202	1398

193	202	1398

194	202	1399

195	202	1399

187	204	1385

