136	46	1218

132	49	1195

137	52	1240

133	55	1235

141	56	1262

149	56	1270

150	56	1271

145	57	1265

149	57	1273

125	58	1177

146	58	1216

153	60	1190

150	61	1278

154	61	1194

144	62	1262

150	62	1267

154	62	1219

155	62	1200

128	63	1238

142	63	1234

151	63	1198

153	63	1187

155	63	1165

141	64	1148

152	64	1184

156	64	1157

142	65	1195

151	65	1210

157	65	1158

149	66	1263

150	66	1211

157	66	1154

150	67	1192

151	67	1198

157	67	1154

150	68	1217

152	68	1172

157	68	1154

149	69	1256

151	69	1234

157	69	1156

150	70	1224

157	70	1157

145	71	1215

146	71	1170

149	71	1169

151	71	1244

157	71	1160

147	72	1178

152	72	1179

157	72	1163

169	72	1203

170	72	1186

171	72	1182

172	72	1185

150	73	1242

151	73	1236

157	73	1165

169	73	1191

172	73	1180

148	74	1222

149	74	1221

157	74	1165

168	74	1200

172	74	1180

149	75	1253

150	75	1223

157	75	1166

168	75	1190

172	75	1183

151	76	1210

158	76	1172

167	76	1203

172	76	1188

151	77	1212

159	77	1201

167	77	1192

172	77	1193

152	78	1171

159	78	1202

167	78	1187

172	78	1198

152	79	1176

159	79	1202

166	79	1189

171	79	1191

152	80	1178

159	80	1199

165	80	1204

171	80	1195

152	81	1179

159	81	1198

165	81	1195

171	81	1197

152	82	1178

158	82	1180

164	82	1208

170	82	1191

152	83	1182

158	83	1181

164	83	1197

170	83	1196

152	84	1183

158	84	1183

163	84	1205

170	84	1202

152	85	1185

158	85	1183

163	85	1199

169	85	1199

151	86	1223

158	86	1192

162	86	1208

169	86	1205

151	87	1197

157	87	1186

162	87	1200

168	87	1198

147	88	1220

151	88	1174

157	88	1188

161	88	1218

168	88	1204

146	89	1176

148	89	1162

149	89	1156

150	89	1155

158	89	1202

161	89	1204

168	89	1214

146	90	1170

159	90	1202

160	90	1201

167	90	1208

145	91	1187

167	91	1215

141	92	1210

142	92	1189

143	92	1165

144	92	1183

166	92	1205

140	93	1194

167	93	1239

138	94	1202

139	94	1187

166	94	1216

138	95	1180

166	95	1224

137	96	1166

166	96	1232

137	97	1211

166	97	1244

136	98	1259

165	98	1216

136	99	1204

165	99	1226

135	100	1208

165	100	1229

134	101	1244

135	101	1220

165	101	1220

133	102	1204

136	102	1183

165	102	1202

135	103	1199

165	103	1191

135	104	1197

166	104	1218

135	105	1203

166	105	1218

134	106	1223

135	106	1236

166	106	1227

134	107	1240

136	107	1190

165	107	1197

135	108	1257

165	108	1211

135	109	1270

165	109	1234

135	110	1272

164	110	1211

135	111	1243

164	111	1223

134	112	1246

164	112	1241

134	113	1253

136	113	1243

163	113	1222

135	114	1233

137	114	1213

163	114	1243

134	115	1225

136	115	1230

162	115	1240

135	116	1215

162	116	1266

136	117	1206

161	117	1257

135	118	1195

160	118	1257

134	119	1236

160	119	1275

133	120	1209

135	120	1240

159	120	1261

134	121	1246

158	121	1245

134	122	1176

158	122	1254

133	123	1235

157	123	1241

133	124	1208

157	124	1247

133	125	1174

157	125	1256

132	126	1174

156	126	1247

131	127	1216

133	127	1197

156	127	1256

130	128	1215

132	128	1209

156	128	1267

130	129	1203

131	129	1209

155	129	1261

130	130	1232

155	130	1267

130	131	1211

154	131	1260

128	132	1178

129	132	1194

154	132	1267

127	133	1193

129	133	1209

153	133	1262

128	134	1209

153	134	1265

128	135	1207

153	135	1262

128	136	1206

152	136	1264

124	137	1198

126	137	1230

127	137	1213

152	137	1269

125	138	1212

152	138	1269

124	139	1239

151	139	1271

124	140	1203

151	140	1271

124	141	1217

151	141	1260

122	142	1205

123	142	1215

150	142	1274

122	143	1214

150	143	1277

123	144	1216

150	144	1255

122	145	1215

149	145	1277

122	146	1216

149	146	1278

121	147	1239

149	147	1279

120	148	1240

149	148	1270

120	149	1216

148	149	1280

120	150	1203

148	150	1282

119	151	1233

147	151	1280

118	152	1237

146	152	1277

118	153	1215

145	153	1267

148	153	1275

117	154	1244

119	154	1222

145	154	1271

117	155	1230

119	155	1225

145	155	1280

116	156	1240

118	156	1230

145	156	1282

117	157	1240

118	157	1232

119	157	1225

120	157	1225

121	157	1223

122	157	1220

123	157	1216

124	157	1211

125	157	1209

126	157	1207

127	157	1208

128	157	1209

129	157	1210

130	157	1210

131	157	1211

132	157	1211

133	157	1213

134	157	1215

135	157	1217

136	157	1219

137	157	1220

138	157	1224

139	157	1227

140	157	1233

141	157	1240

142	157	1249

143	157	1258

144	157	1272

