178	108	1434

179	108	1437

180	108	1443

177	109	1437

180	109	1442

177	110	1439

181	110	1447

178	111	1443

181	111	1447

177	112	1442

181	112	1448

177	113	1446

181	113	1449

191	113	1457

192	113	1466

178	114	1446

181	114	1452

190	114	1457

193	114	1475

178	115	1446

181	115	1455

190	115	1458

193	115	1473

177	116	1448

181	116	1456

189	116	1461

193	116	1476

177	117	1448

181	117	1457

188	117	1462

193	117	1482

176	118	1447

180	118	1454

188	118	1464

192	118	1472

177	119	1452

181	119	1457

187	119	1466

192	119	1477

177	120	1454

180	120	1458

187	120	1464

192	120	1485

177	121	1455

181	121	1463

186	121	1470

191	121	1479

177	122	1454

181	122	1465

183	122	1484

184	122	1463

186	122	1469

191	122	1485

177	123	1457

182	123	1490

185	123	1467

190	123	1475

176	124	1460

190	124	1479

176	125	1463

190	125	1486

173	126	1446

174	126	1453

176	126	1462

190	126	1488

173	127	1430

175	127	1444

189	127	1486

172	128	1424

189	128	1492

171	129	1431

189	129	1491

169	130	1441

170	130	1457

188	130	1493

168	131	1438

188	131	1496

167	132	1430

188	132	1496

165	133	1465

166	133	1436

187	133	1484

164	134	1457

187	134	1486

164	135	1449

188	135	1425

164	136	1463

188	136	1440

163	137	1458

187	137	1479

163	138	1478

187	138	1466

164	139	1463

187	139	1461

163	140	1499

187	140	1461

163	141	1484

186	141	1464

163	142	1472

186	142	1473

164	143	1466

186	143	1480

164	144	1470

185	144	1474

164	145	1481

185	145	1483

164	146	1483

184	146	1484

165	147	1474

184	147	1493

164	148	1482

184	148	1502

164	149	1452

183	149	1509

165	150	1466

183	150	1520

165	151	1470

182	151	1524

164	152	1491

181	152	1515

164	153	1478

181	153	1518

164	154	1478

180	154	1510

163	155	1474

180	155	1514

162	156	1488

180	156	1518

163	157	1479

179	157	1520

162	158	1480

179	158	1526

162	159	1478

179	159	1531

161	160	1482

178	160	1528

161	161	1483

178	161	1529

160	162	1481

178	162	1530

160	163	1484

177	163	1533

159	164	1475

177	164	1538

159	165	1492

176	165	1537

158	166	1502

176	166	1538

158	167	1488

176	167	1543

157	168	1492

175	168	1537

157	169	1500

175	169	1542

156	170	1510

174	170	1536

156	171	1500

174	171	1543

155	172	1504

173	172	1536

155	173	1504

173	173	1541

154	174	1503

155	174	1500

156	174	1498

157	174	1491

158	174	1489

159	174	1485

160	174	1487

161	174	1486

162	174	1489

163	174	1487

164	174	1489

165	174	1489

166	174	1493

167	174	1495

168	174	1499

169	174	1501

170	174	1508

171	174	1517

172	174	1531

