175	156	2089

176	156	2095

175	157	2065

176	157	2070

175	158	2060

177	158	2090

175	159	2058

177	159	2076

175	160	2062

177	160	2067

186	160	2089

187	160	2096

175	161	2068

177	161	2059

185	161	2090

187	161	2083

175	162	2078

177	162	2059

185	162	2083

187	162	2089

175	163	2080

177	163	2059

184	163	2095

186	163	2080

175	164	2069

178	164	2079

184	164	2075

186	164	2081

175	165	2076

177	165	2047

183	165	2076

186	165	2092

175	166	2081

178	166	2064

182	166	2103

185	166	2075

175	167	2071

178	167	2065

182	167	2062

185	167	2079

174	168	2056

178	168	2063

181	168	2069

185	168	2093

172	169	2076

173	169	2043

179	169	2065

180	169	2073

184	169	2070

173	170	2028

183	170	2059

173	171	2013

183	171	2070

170	172	2072

171	172	2067

172	172	2045

183	172	2089

170	173	2062

182	173	2060

170	174	2076

182	174	2069

170	175	2074

182	175	2074

169	176	2086

181	176	2056

169	177	2068

181	177	2056

169	178	2060

181	178	2059

169	179	2060

181	179	2070

169	180	2064

180	180	2038

169	181	2070

180	181	2051

169	182	2076

180	182	2072

169	183	2081

180	183	2088

169	184	2093

179	184	2069

170	185	2064

179	185	2085

170	186	2072

179	186	2103

170	187	2074

178	187	2076

170	188	2073

178	188	2086

169	189	2092

178	189	2096

169	190	2076

178	190	2111

169	191	2065

177	191	2079

168	192	2090

177	192	2083

168	193	2075

177	193	2088

168	194	2070

177	194	2101

168	195	2060

176	195	2076

167	196	2080

176	196	2086

167	197	2069

176	197	2084

167	198	2061

176	198	2092

166	199	2081

176	199	2110

166	200	2071

175	200	2083

166	201	2060

175	201	2093

165	202	2085

175	202	2105

165	203	2077

175	203	2104

165	204	2066

175	204	2099

201	204	2147

202	204	2146

203	204	2141

164	205	2091

165	205	2057

166	205	2034

167	205	2023

168	205	2020

169	205	2021

170	205	2022

171	205	2024

172	205	2032

173	205	2045

174	205	2064

175	205	2105

197	205	2145

198	205	2144

199	205	2146

200	205	2147

201	205	2141

202	205	2138

203	205	2137

