152	119	1132

153	119	1124

154	119	1125

155	119	1137

151	120	1138

156	120	1144

151	121	1133

156	121	1133

152	122	1123

156	122	1130

152	123	1126

156	123	1126

152	124	1130

157	124	1142

152	125	1133

157	125	1138

173	125	1156

174	125	1160

175	125	1157

176	125	1160

153	126	1125

157	126	1131

172	126	1160

177	126	1157

178	126	1198

153	127	1130

158	127	1142

172	127	1179

178	127	1168

153	128	1133

158	128	1142

172	128	1156

178	128	1165

153	129	1135

158	129	1137

172	129	1147

178	129	1175

153	130	1139

158	130	1132

171	130	1159

177	130	1154

153	131	1140

159	131	1146

171	131	1151

177	131	1157

154	132	1132

159	132	1145

170	132	1163

177	132	1160

154	133	1133

159	133	1141

170	133	1158

177	133	1176

154	134	1135

160	134	1156

170	134	1149

176	134	1165

154	135	1137

160	135	1148

170	135	1145

175	135	1154

154	136	1137

160	136	1148

169	136	1157

175	136	1155

154	137	1138

160	137	1146

169	137	1148

175	137	1160

154	138	1136

161	138	1146

168	138	1155

175	138	1169

154	139	1131

161	139	1153

167	139	1157

174	139	1156

155	140	1134

162	140	1167

167	140	1149

174	140	1160

155	141	1136

162	141	1175

166	141	1154

174	141	1177

155	142	1139

162	142	1182

165	142	1158

173	142	1162

150	143	1123

151	143	1119

152	143	1123

155	143	1139

162	143	1163

165	143	1150

173	143	1171

149	144	1115

153	144	1122

154	144	1136

163	144	1152

164	144	1151

172	144	1158

148	145	1125

172	145	1171

147	146	1154

171	146	1161

147	147	1160

171	147	1175

148	148	1117

170	148	1165

146	149	1153

147	149	1150

170	149	1175

144	150	1116

145	150	1123

169	150	1157

143	151	1095

169	151	1161

143	152	1117

169	152	1165

143	153	1139

169	153	1169

143	154	1146

169	154	1180

143	155	1145

169	155	1186

142	156	1151

169	156	1189

142	157	1170

169	157	1195

142	158	1174

168	158	1157

142	159	1154

168	159	1161

143	160	1147

168	160	1162

142	161	1161

168	161	1166

143	162	1149

167	162	1165

143	163	1146

167	163	1183

142	164	1190

167	164	1206

143	165	1163

166	165	1183

143	166	1169

165	166	1151

143	167	1171

165	167	1164

144	168	1157

165	168	1178

143	169	1154

165	169	1196

143	170	1168

165	170	1201

144	171	1167

165	171	1210

144	172	1185

165	172	1217

145	173	1174

164	173	1214

145	174	1201

146	174	1171

163	174	1207

147	175	1176

163	175	1225

147	176	1187

162	176	1221

147	177	1196

162	177	1231

146	178	1214

161	178	1217

147	179	1190

161	179	1223

147	180	1199

161	180	1231

147	181	1216

160	181	1230

148	182	1211

159	182	1231

148	183	1213

158	183	1227

148	184	1196

158	184	1230

149	185	1205

157	185	1232

150	186	1221

152	186	1228

153	186	1226

154	186	1225

155	186	1228

156	186	1232

150	187	1226

151	187	1232

