180	150	1707

181	150	1702

182	150	1707

180	151	1710

183	151	1718

193	151	1731

194	151	1727

195	151	1728

180	152	1715

183	152	1714

193	152	1730

195	152	1729

181	153	1715

184	153	1720

193	153	1728

195	153	1730

181	154	1719

184	154	1717

193	154	1730

195	154	1734

181	155	1758

185	155	1723

194	155	1728

195	155	1733

182	156	1722

185	156	1715

194	156	1724

195	156	1731

182	157	1723

186	157	1718

193	157	1726

195	157	1728

182	158	1703

186	158	1719

192	158	1731

195	158	1729

183	159	1717

187	159	1729

192	159	1730

195	159	1731

183	160	1728

187	160	1723

191	160	1750

195	160	1732

184	161	1721

188	161	1727

191	161	1729

195	161	1732

184	162	1730

189	162	1715

190	162	1751

195	162	1731

184	163	1745

195	163	1732

185	164	1720

195	164	1730

183	165	1690

184	165	1697

195	165	1728

181	166	1692

182	166	1684

195	166	1727

181	167	1692

195	167	1728

181	168	1700

195	168	1729

180	169	1737

195	169	1726

179	170	1717

195	170	1718

179	171	1698

195	171	1715

179	172	1699

196	172	1724

179	173	1718

196	173	1730

179	174	1718

196	174	1737

179	175	1722

196	175	1743

179	176	1721

196	176	1741

179	177	1722

196	177	1732

179	178	1719

196	178	1733

179	179	1722

196	179	1736

179	180	1728

196	180	1741

179	181	1741

196	181	1746

179	182	1750

196	182	1754

180	183	1728

196	183	1767

181	184	1734

195	184	1751

182	185	1733

195	185	1752

182	186	1742

195	186	1750

183	187	1732

195	187	1751

183	188	1755

196	188	1782

184	189	1740

196	189	1787

184	190	1745

196	190	1792

184	191	1756

196	191	1795

185	192	1737

196	192	1793

185	193	1751

196	193	1797

185	194	1761

196	194	1803

185	195	1760

196	195	1807

185	196	1775

196	196	1805

185	197	1789

196	197	1804

186	198	1755

196	198	1800

186	199	1759

196	199	1802

186	200	1764

196	200	1801

186	201	1777

196	201	1801

187	202	1766

196	202	1797

187	203	1777

197	203	1814

187	204	1779

196	204	1796

187	205	1786

197	205	1813

187	206	1791

197	206	1812

187	207	1801

197	207	1808

188	208	1791

197	208	1807

188	209	1803

197	209	1807

189	210	1795

198	210	1814

189	211	1805

197	211	1808

190	212	1801

197	212	1810

190	213	1810

197	213	1812

191	214	1807

192	214	1806

193	214	1807

194	214	1806

195	214	1808

196	214	1811

