178	156	1932

177	157	1924

179	157	1928

177	158	1930

179	158	1925

177	159	1943

179	159	1924

177	160	1944

179	160	1923

189	160	1955

190	160	1954

178	161	1924

179	161	1921

189	161	1949

190	161	1948

178	162	1928

179	162	1923

188	162	1951

190	162	1952

178	163	1933

180	163	1930

188	163	1946

189	163	1945

178	164	1936

180	164	1932

187	164	1951

189	164	1949

178	165	1937

180	165	1931

187	165	1949

189	165	1953

178	166	1935

180	166	1928

186	166	1952

188	166	1942

178	167	1937

180	167	1931

186	167	1942

188	167	1943

178	168	1950

180	168	1933

185	168	1946

188	168	1946

177	169	1955

181	169	1942

184	169	1948

187	169	1942

176	170	1918

182	170	1942

183	170	1943

187	170	1951

176	171	1905

186	171	1945

175	172	1928

186	172	1952

175	173	1921

185	173	1938

174	174	1918

185	174	1942

172	175	1978

173	175	1929

185	175	1945

172	176	1994

185	176	1955

172	177	1970

184	177	1941

172	178	1947

184	178	1944

172	179	1940

184	179	1946

172	180	1937

184	180	1938

172	181	1940

184	181	1929

172	182	1941

183	182	1913

172	183	1946

183	183	1921

172	184	1946

183	184	1937

172	185	1951

183	185	1964

172	186	1964

182	186	1966

172	187	1990

182	187	1995

172	188	2006

181	188	1987

172	189	2001

181	189	1997

172	190	1981

181	190	2004

172	191	1968

180	191	1984

171	192	1993

180	192	1997

171	193	1985

180	193	2006

171	194	1976

180	194	2020

170	195	2006

179	195	1991

170	196	1994

179	196	1995

170	197	1988

179	197	1999

170	198	1985

179	198	2013

169	199	2014

178	199	1994

169	200	2006

178	200	2005

169	201	2002

178	201	2017

169	202	1996

177	202	1993

169	203	1990

177	203	1997

168	204	2008

177	204	1998

168	205	1999

177	205	2005

168	206	1992

177	206	2010

168	207	1992

169	207	1977

170	207	1973

171	207	1970

172	207	1969

173	207	1971

174	207	1975

175	207	1983

176	207	1993

177	207	2016

