177	128	1280

178	128	1298

179	128	1291

180	128	1294

181	128	1310

195	128	1327

196	128	1328

197	128	1343

177	129	1294

182	129	1308

194	129	1321

197	129	1319

177	130	1288

183	130	1311

184	130	1290

194	130	1315

198	130	1326

177	131	1287

185	131	1308

188	131	1386

189	131	1393

190	131	1366

193	131	1330

198	131	1322

177	132	1299

185	132	1322

189	132	1315

191	132	1325

193	132	1328

199	132	1345

177	133	1306

185	133	1286

190	133	1335

191	133	1344

193	133	1327

199	133	1331

178	134	1313

179	134	1296

185	134	1312

190	134	1336

193	134	1342

200	134	1349

180	135	1295

186	135	1320

194	135	1318

199	135	1328

180	136	1291

187	136	1333

188	136	1375

189	136	1330

191	136	1304

194	136	1314

199	136	1329

181	137	1303

188	137	1337

191	137	1306

192	137	1334

193	137	1328

199	137	1326

182	138	1299

187	138	1313

192	138	1367

193	138	1356

200	138	1345

182	139	1307

188	139	1321

194	139	1336

200	139	1337

182	140	1304

189	140	1326

195	140	1323

201	140	1365

183	141	1305

190	141	1346

195	141	1324

200	141	1338

183	142	1310

190	142	1348

195	142	1325

200	142	1346

184	143	1306

191	143	1367

195	143	1325

200	143	1352

184	144	1311

191	144	1368

195	144	1323

200	144	1356

185	145	1305

191	145	1357

194	145	1324

200	145	1359

185	146	1309

191	146	1342

194	146	1324

200	146	1362

186	147	1307

192	147	1318

193	147	1323

200	147	1362

186	148	1311

200	148	1360

186	149	1317

200	149	1354

183	150	1307

184	150	1302

185	150	1312

200	150	1350

181	151	1308

182	151	1293

200	151	1347

180	152	1317

200	152	1347

180	153	1311

200	153	1342

180	154	1328

200	154	1341

180	155	1355

201	155	1364

180	156	1330

201	156	1350

179	157	1307

201	157	1342

178	158	1308

201	158	1339

177	159	1354

202	159	1358

177	160	1369

202	160	1354

177	161	1355

203	161	1392

178	162	1329

203	162	1397

177	163	1391

203	163	1411

177	164	1387

202	164	1370

176	165	1386

202	165	1370

176	166	1357

203	166	1408

177	167	1363

203	167	1397

178	168	1338

203	168	1399

178	169	1339

203	169	1407

178	170	1364

202	170	1364

178	171	1375

202	171	1373

178	172	1350

202	172	1388

179	173	1315

201	173	1364

180	174	1343

201	174	1381

181	175	1358

201	175	1394

181	176	1383

183	176	1330

201	176	1399

182	177	1357

184	177	1331

201	177	1401

183	178	1352

201	178	1402

183	179	1334

184	179	1352

201	179	1404

185	180	1359

201	180	1408

185	181	1392

201	181	1412

184	182	1410

200	182	1390

184	183	1396

185	183	1388

200	183	1395

184	184	1411

186	184	1355

200	184	1404

186	185	1375

200	185	1407

186	186	1377

200	186	1408

185	187	1389

200	187	1408

186	188	1371

199	188	1397

185	189	1393

199	189	1401

185	190	1390

199	190	1404

185	191	1401

199	191	1405

184	192	1395

186	192	1359

199	192	1408

185	193	1361

199	193	1411

184	194	1404

186	194	1358

199	194	1412

187	195	1382

198	195	1406

185	196	1399

187	196	1394

198	196	1409

187	197	1405

198	197	1411

185	198	1403

187	198	1405

198	198	1411

184	199	1398

187	199	1411

198	199	1412

187	200	1405

197	200	1410

186	201	1400

196	201	1412

186	202	1409

187	202	1410

188	202	1408

189	202	1406

194	202	1411

195	202	1412

190	203	1411

191	203	1409

192	203	1410

193	203	1411

185	204	1397

185	207	1407

