153	143	1539

154	143	1540

153	144	1536

154	144	1536

153	145	1537

155	145	1541

153	146	1541

155	146	1541

153	147	1543

155	147	1542

154	148	1537

155	148	1541

154	149	1537

155	149	1539

170	149	1561

153	150	1541

156	150	1543

169	150	1558

171	150	1565

153	151	1543

156	151	1544

169	151	1555

171	151	1565

153	152	1542

156	152	1546

168	152	1558

170	152	1559

154	153	1543

156	153	1547

167	153	1556

170	153	1564

154	154	1542

156	154	1545

166	154	1551

170	154	1570

153	155	1546

156	155	1546

165	155	1552

169	155	1562

153	156	1543

156	156	1544

163	156	1589

164	156	1560

169	156	1564

153	157	1540

156	157	1545

163	157	1557

168	157	1558

153	158	1540

157	158	1550

162	158	1534

168	158	1562

150	159	1522

151	159	1524

153	159	1538

157	159	1552

162	159	1551

167	159	1561

149	160	1517

152	160	1532

158	160	1559

159	160	1563

160	160	1560

161	160	1550

166	160	1556

148	161	1513

166	161	1565

148	162	1510

165	162	1559

147	163	1539

164	163	1557

145	164	1522

146	164	1521

164	164	1565

145	165	1518

163	165	1562

145	166	1514

163	166	1568

144	167	1527

162	167	1558

144	168	1526

162	168	1562

144	169	1541

161	169	1558

143	170	1555

161	170	1559

143	171	1560

161	171	1560

143	172	1552

161	172	1560

143	173	1558

161	173	1566

143	174	1560

160	174	1570

143	175	1566

160	175	1587

143	176	1561

159	176	1564

143	177	1561

159	177	1578

143	178	1564

159	178	1596

143	179	1558

159	179	1607

143	180	1545

158	180	1586

144	181	1563

158	181	1594

144	182	1584

157	182	1584

145	183	1573

157	183	1596

144	184	1603

157	184	1605

144	185	1595

156	185	1596

144	186	1584

156	186	1602

144	187	1579

156	187	1605

144	188	1579

156	188	1608

143	189	1599

156	189	1612

143	190	1592

156	190	1619

143	191	1589

156	191	1621

143	192	1586

156	192	1627

143	193	1593

155	193	1613

143	194	1594

155	194	1620

142	195	1621

155	195	1621

142	196	1615

155	196	1623

142	197	1609

155	197	1624

142	198	1602

155	198	1627

142	199	1604

155	199	1629

142	200	1601

155	200	1633

141	201	1627

155	201	1636

141	202	1629

155	202	1638

141	203	1620

155	203	1642

141	204	1611

155	204	1644

141	205	1613

142	205	1608

143	205	1602

144	205	1602

145	205	1601

146	205	1602

147	205	1601

148	205	1602

149	205	1603

150	205	1605

151	205	1605

152	205	1610

153	205	1619

154	205	1630

