123	37	1165

128	40	1219

138	40	1122

143	45	1161

151	45	1133

142	47	1212

138	49	1142

139	50	1127

143	53	1068

149	54	1193

145	58	1190

145	59	1211

146	59	1192

150	59	1169

146	60	1202

167	60	1104

168	60	1108

169	60	1115

149	61	1161

150	61	1159

153	61	1184

166	61	1101

170	61	1118

154	62	1132

166	62	1103

171	62	1128

166	63	1103

171	63	1120

166	64	1103

171	64	1117

148	65	1195

153	65	1203

154	65	1214

166	65	1103

171	65	1117

166	66	1106

171	66	1117

166	67	1111

171	67	1119

184	67	1126

153	68	1141

165	68	1120

171	68	1120

182	68	1154

183	68	1123

185	68	1123

186	68	1132

153	69	1135

154	69	1149

165	69	1121

171	69	1121

182	69	1130

186	69	1129

155	70	1139

166	70	1110

172	70	1168

181	70	1155

186	70	1128

150	71	1210

166	71	1112

172	71	1157

181	71	1133

186	71	1132

150	72	1200

151	72	1214

166	72	1113

172	72	1156

181	72	1130

186	72	1135

151	73	1209

155	73	1162

166	73	1114

172	73	1153

180	73	1141

186	73	1138

155	74	1164

166	74	1115

172	74	1148

180	74	1132

186	74	1139

166	75	1116

172	75	1147

180	75	1129

186	75	1147

155	76	1194

166	76	1118

172	76	1144

179	76	1129

186	76	1163

166	77	1117

172	77	1141

178	77	1138

185	77	1142

166	78	1118

172	78	1145

178	78	1140

185	78	1147

165	79	1124

172	79	1146

178	79	1136

185	79	1159

165	80	1127

172	80	1147

177	80	1147

185	80	1188

165	81	1126

172	81	1151

177	81	1138

184	81	1149

165	82	1126

172	82	1160

176	82	1143

184	82	1155

165	83	1126

172	83	1161

176	83	1138

184	83	1185

165	84	1130

172	84	1163

175	84	1132

183	84	1154

165	85	1134

172	85	1165

175	85	1147

183	85	1164

160	86	1120

161	86	1111

162	86	1111

163	86	1121

164	86	1122

172	86	1165

175	86	1143

183	86	1184

158	87	1158

159	87	1116

173	87	1156

174	87	1141

182	87	1159

156	88	1198

157	88	1173

182	88	1167

154	89	1173

155	89	1165

182	89	1191

154	90	1161

181	90	1161

153	91	1177

181	91	1182

151	92	1145

152	92	1148

180	92	1158

150	93	1141

180	93	1163

150	94	1110

180	94	1169

149	95	1144

180	95	1174

149	96	1210

180	96	1175

150	97	1152

180	97	1175

148	98	1194

149	98	1211

179	98	1151

149	99	1165

179	99	1149

146	100	1209

147	100	1191

149	100	1154

179	100	1146

147	101	1196

149	101	1144

180	101	1163

148	102	1194

180	102	1163

148	103	1202

179	103	1142

147	104	1219

149	104	1158

179	104	1150

148	105	1216

179	105	1158

147	106	1183

149	106	1144

179	106	1169

148	107	1105

179	107	1181

148	108	1190

178	108	1156

148	109	1130

178	109	1165

149	110	1184

178	110	1176

148	111	1152

177	111	1167

148	112	1161

149	112	1163

177	112	1180

150	113	1197

177	113	1195

148	114	1208

151	114	1171

176	114	1187

148	115	1179

149	115	1197

150	115	1214

176	115	1208

148	116	1174

150	116	1188

175	116	1198

149	117	1172

151	117	1201

175	117	1211

149	118	1206

151	118	1175

174	118	1198

148	119	1167

150	119	1209

174	119	1210

149	120	1179

173	120	1196

148	121	1215

173	121	1205

149	122	1172

173	122	1212

147	123	1188

149	123	1170

172	123	1193

148	124	1198

172	124	1194

147	125	1197

173	125	1219

147	126	1189

173	126	1218

145	127	1185

146	127	1198

172	127	1213

145	128	1199

171	128	1204

145	129	1206

171	129	1213

145	130	1199

170	130	1204

144	131	1186

170	131	1211

145	132	1191

170	132	1218

144	133	1205

169	133	1211

143	134	1177

169	134	1213

143	135	1161

168	135	1209

143	136	1118

168	136	1216

143	137	1150

167	137	1207

142	138	1152

167	138	1212

142	139	1175

167	139	1218

142	140	1170

166	140	1212

141	141	1140

166	141	1218

138	142	1201

139	142	1212

140	142	1161

165	142	1209

138	143	1173

140	143	1169

165	143	1212

139	144	1184

165	144	1216

138	145	1173

164	145	1208

138	146	1182

164	146	1212

138	147	1194

164	147	1216

138	148	1175

164	148	1219

138	149	1184

163	149	1210

136	150	1198

137	150	1187

138	150	1179

139	150	1172

140	150	1169

141	150	1165

142	150	1164

143	150	1162

144	150	1163

145	150	1163

146	150	1164

147	150	1163

148	150	1162

149	150	1162

150	150	1163

151	150	1163

152	150	1163

153	150	1163

154	150	1166

155	150	1168

156	150	1170

157	150	1173

158	150	1176

159	150	1181

160	150	1186

161	150	1195

162	150	1204

163	150	1214

