174	158	2090

175	158	2099

174	159	2092

176	159	2130

174	160	2101

176	160	2106

174	161	2107

176	161	2092

185	161	2141

186	161	2147

174	162	2117

176	162	2086

184	162	2151

186	162	2126

174	163	2106

176	163	2085

184	163	2120

186	163	2121

174	164	2099

177	164	2109

184	164	2106

186	164	2128

174	165	2116

177	165	2099

183	165	2109

185	165	2104

175	166	2081

177	166	2092

182	166	2136

185	166	2103

175	167	2078

177	167	2086

182	167	2093

185	167	2113

175	168	2084

177	168	2086

182	168	2080

184	168	2096

173	169	2121

174	169	2107

177	169	2086

181	169	2082

184	169	2110

172	170	2094

178	170	2102

179	170	2128

180	170	2089

183	170	2088

172	171	2068

183	171	2117

172	172	2055

182	172	2092

170	173	2104

171	173	2080

182	173	2103

169	174	2111

182	174	2120

170	175	2068

181	175	2091

170	176	2065

181	176	2094

169	177	2105

181	177	2105

168	178	2123

181	178	2123

168	179	2114

180	179	2093

168	180	2105

180	180	2093

168	181	2102

179	181	2054

168	182	2107

179	182	2070

168	183	2119

179	183	2097

168	184	2132

178	184	2082

169	185	2092

178	185	2100

169	186	2106

178	186	2115

169	187	2122

178	187	2124

169	188	2130

178	188	2139

169	189	2120

177	189	2112

169	190	2102

177	190	2118

168	191	2128

177	191	2127

168	192	2109

177	192	2138

168	193	2097

176	193	2105

168	194	2086

176	194	2116

167	195	2111

176	195	2138

167	196	2096

175	196	2108

166	197	2120

175	197	2118

166	198	2108

175	198	2121

166	199	2106

175	199	2124

166	200	2098

174	200	2093

165	201	2117

174	201	2108

165	202	2104

174	202	2121

165	203	2094

166	203	2075

167	203	2065

168	203	2060

169	203	2058

170	203	2062

171	203	2066

172	203	2077

173	203	2092

174	203	2129

