183	154	1773

184	154	1771

185	154	1775

197	154	1791

183	155	1771

186	155	1776

196	155	1786

198	155	1784

183	156	1776

186	156	1770

196	156	1784

198	156	1777

184	157	1772

187	157	1776

196	157	1785

198	157	1782

184	158	1780

187	158	1775

196	158	1788

198	158	1786

185	159	1779

188	159	1780

195	159	1755

198	159	1786

185	160	1778

188	160	1775

195	160	1787

198	160	1784

185	161	1775

189	161	1782

195	161	1792

198	161	1782

186	162	1782

190	162	1786

195	162	1792

198	162	1783

187	163	1782

190	163	1784

195	163	1788

198	163	1787

187	164	1784

190	164	1781

194	164	1807

198	164	1792

187	165	1790

191	165	1786

194	165	1791

198	165	1794

187	166	1826

192	166	1800

193	166	1801

198	166	1792

188	167	1784

198	167	1790

187	168	1787

198	168	1791

185	169	1748

186	169	1749

198	169	1790

184	170	1743

198	170	1789

184	171	1750

198	171	1790

184	172	1752

198	172	1786

183	173	1754

198	173	1779

182	174	1759

198	174	1775

182	175	1764

198	175	1782

182	176	1781

198	176	1790

183	177	1761

198	177	1802

182	178	1793

198	178	1800

182	179	1787

198	179	1801

182	180	1781

198	180	1797

182	181	1777

198	181	1796

182	182	1794

198	182	1794

183	183	1773

198	183	1794

183	184	1778

198	184	1795

183	185	1783

198	185	1798

184	186	1781

198	186	1807

185	187	1773

198	187	1816

185	188	1787

198	188	1818

185	189	1811

186	189	1784

198	189	1816

187	190	1780

198	190	1817

187	191	1792

199	191	1844

187	192	1780

199	192	1844

188	193	1793

199	193	1848

187	194	1816

199	194	1846

188	195	1802

199	195	1846

189	196	1803

199	196	1847

188	197	1840

199	197	1850

189	198	1818

200	198	1866

189	199	1819

200	199	1864

189	200	1831

200	200	1856

189	201	1845

200	201	1855

190	202	1822

200	202	1849

190	203	1831

200	203	1853

190	204	1849

200	204	1851

191	205	1839

201	205	1867

191	206	1842

201	206	1865

191	207	1843

201	207	1862

191	208	1855

201	208	1859

192	209	1844

202	209	1865

192	210	1851

202	210	1861

192	211	1854

203	211	1868

193	212	1855

203	212	1867

193	213	1868

202	213	1865

194	214	1860

202	214	1866

195	215	1856

196	215	1852

197	215	1852

198	215	1851

199	215	1850

200	215	1853

201	215	1860

202	215	1868

