150	117	1115

151	117	1104

152	117	1104

153	117	1112

150	118	1103

154	118	1118

150	119	1102

154	119	1106

150	120	1103

155	120	1113

150	121	1105

155	121	1113

150	122	1108

155	122	1108

151	123	1098

155	123	1104

174	123	1147

151	124	1099

156	124	1120

172	124	1135

173	124	1126

175	124	1133

151	125	1107

156	125	1116

171	125	1150

176	125	1134

151	126	1113

156	126	1109

171	126	1130

177	126	1158

151	127	1116

156	127	1108

170	127	1149

177	127	1140

151	128	1115

157	128	1124

170	128	1144

177	128	1141

152	129	1104

157	129	1118

170	129	1135

176	129	1135

152	130	1105

157	130	1113

170	130	1130

176	130	1142

152	131	1109

158	131	1128

170	131	1123

176	131	1144

152	132	1113

158	132	1123

169	132	1127

176	132	1157

152	133	1116

158	133	1121

168	133	1138

175	133	1150

152	134	1117

158	134	1118

168	134	1129

174	134	1132

152	135	1118

159	135	1123

167	135	1143

174	135	1143

152	136	1118

159	136	1130

167	136	1132

173	136	1127

153	137	1110

160	137	1139

166	137	1139

173	137	1130

153	138	1112

160	138	1152

166	138	1126

173	138	1139

153	139	1113

160	139	1150

165	139	1129

172	139	1129

153	140	1115

160	140	1146

164	140	1132

172	140	1139

148	141	1108

153	141	1117

160	141	1139

164	141	1124

171	141	1131

147	142	1099

149	142	1087

150	142	1091

151	142	1101

152	142	1114

161	142	1129

162	142	1138

163	142	1127

171	142	1140

146	143	1099

170	143	1129

145	144	1116

170	144	1140

145	145	1142

170	145	1163

143	146	1185

145	146	1147

169	146	1139

144	147	1161

169	147	1147

143	148	1112

169	148	1160

142	149	1103

168	149	1137

141	150	1095

168	150	1136

141	151	1100

167	151	1131

140	152	1116

167	152	1138

141	153	1116

167	153	1147

141	154	1119

167	154	1149

141	155	1129

167	155	1148

141	156	1124

167	156	1152

140	157	1105

166	157	1132

140	158	1113

166	158	1135

138	159	1111

140	159	1122

166	159	1141

140	160	1124

166	160	1150

139	161	1127

165	161	1136

140	162	1132

165	162	1151

141	163	1128

165	163	1174

140	164	1110

164	164	1145

141	165	1135

164	165	1165

141	166	1135

164	166	1189

141	167	1137

163	167	1150

141	168	1141

164	168	1203

141	169	1106

163	169	1173

142	170	1138

163	170	1181

142	171	1139

163	171	1191

143	172	1135

162	172	1171

143	173	1148

162	173	1186

144	174	1159

162	174	1213

144	175	1165

161	175	1203

145	176	1163

160	176	1196

145	177	1164

160	177	1208

145	178	1166

160	178	1214

145	179	1163

159	179	1202

146	180	1168

159	180	1210

146	181	1182

158	181	1208

145	182	1199

158	182	1213

146	183	1206

157	183	1209

147	184	1191

157	184	1214

148	185	1207

156	185	1212

149	186	1214

150	186	1210

151	186	1209

152	186	1211

153	186	1211

154	186	1210

155	186	1210

156	186	1215

