169	95	1358

170	95	1364

171	95	1377

168	96	1356

172	96	1374

168	97	1361

172	97	1368

168	98	1364

173	98	1366

168	99	1365

173	99	1377

168	100	1366

173	100	1380

182	100	1404

183	100	1405

184	100	1414

169	101	1367

173	101	1380

181	101	1397

185	101	1415

169	102	1370

173	102	1384

181	102	1401

185	102	1406

168	103	1348

173	103	1385

181	103	1399

185	103	1405

168	104	1370

173	104	1385

181	104	1397

185	104	1410

168	105	1372

173	105	1383

180	105	1403

185	105	1414

168	106	1374

173	106	1387

180	106	1396

184	106	1407

168	107	1373

173	107	1388

179	107	1401

184	107	1412

168	108	1377

173	108	1389

179	108	1401

184	108	1416

168	109	1378

174	109	1383

179	109	1402

184	109	1416

168	110	1382

175	110	1405

178	110	1402

183	110	1413

168	111	1382

175	111	1437

177	111	1392

183	111	1417

168	112	1381

174	112	1410

177	112	1400

183	112	1419

168	113	1381

174	113	1413

176	113	1401

182	113	1409

168	114	1382

175	114	1410

182	114	1414

168	115	1385

182	115	1423

168	116	1386

182	116	1434

165	117	1395

166	117	1372

167	117	1377

181	117	1421

164	118	1412

181	118	1421

163	119	1400

181	119	1425

162	120	1385

180	120	1416

161	121	1376

180	121	1418

159	122	1383

160	122	1372

180	122	1419

158	123	1381

180	123	1415

158	124	1375

180	124	1415

157	125	1379

179	125	1392

157	126	1390

180	126	1405

156	127	1411

181	127	1407

156	128	1403

181	128	1395

157	129	1386

182	129	1403

157	130	1384

183	130	1372

156	131	1367

182	131	1410

157	132	1376

181	132	1410

157	133	1391

182	133	1418

157	134	1402

182	134	1424

157	135	1396

181	135	1440

157	136	1411

180	136	1430

157	137	1462

179	137	1427

158	138	1418

179	138	1438

158	139	1425

178	139	1444

158	140	1430

177	140	1450

157	141	1406

177	141	1461

157	142	1380

176	142	1456

158	143	1432

176	143	1456

157	144	1405

175	144	1448

157	145	1406

175	145	1452

156	146	1405

174	146	1452

156	147	1401

174	147	1458

155	148	1390

174	148	1467

155	149	1402

173	149	1466

154	150	1437

173	150	1468

154	151	1431

173	151	1467

154	152	1420

172	152	1465

154	153	1415

172	153	1470

152	154	1410

153	154	1413

172	154	1473

153	155	1422

171	155	1473

152	156	1432

171	156	1476

151	157	1429

170	157	1471

151	158	1421

170	158	1476

151	159	1424

170	159	1483

150	160	1410

170	160	1487

150	161	1423

169	161	1476

149	162	1424

169	162	1478

149	163	1420

169	163	1480

149	164	1426

169	164	1485

148	165	1431

168	165	1478

148	166	1435

168	166	1483

147	167	1432

148	167	1429

149	167	1428

150	167	1422

151	167	1422

152	167	1419

153	167	1420

154	167	1419

155	167	1422

156	167	1422

157	167	1424

158	167	1424

159	167	1425

160	167	1426

161	167	1427

162	167	1431

163	167	1436

164	167	1442

165	167	1451

166	167	1462

167	167	1475

