169	95	1374

170	95	1382

168	96	1372

171	96	1379

168	97	1369

172	97	1384

167	98	1367

172	98	1387

167	99	1351

172	99	1384

168	100	1376

172	100	1382

182	100	1413

183	100	1419

168	101	1379

172	101	1382

181	101	1405

184	101	1421

168	102	1380

172	102	1386

180	102	1408

184	102	1413

168	103	1382

172	103	1391

180	103	1403

184	103	1412

167	104	1374

172	104	1394

180	104	1403

184	104	1415

167	105	1381

172	105	1392

179	105	1412

184	105	1419

167	106	1380

172	106	1391

179	106	1409

184	106	1428

167	107	1378

172	107	1389

178	107	1398

183	107	1411

167	108	1379

172	108	1391

178	108	1408

183	108	1415

168	109	1384

172	109	1394

177	109	1415

183	109	1423

168	110	1387

172	110	1398

177	110	1413

182	110	1416

167	111	1392

173	111	1413

174	111	1434

175	111	1392

176	111	1401

182	111	1418

168	112	1390

173	112	1415

174	112	1463

176	112	1407

182	112	1421

168	113	1391

172	113	1402

174	113	1432

175	113	1397

182	113	1417

167	114	1393

173	114	1414

181	114	1420

167	115	1394

181	115	1422

167	116	1395

181	116	1426

164	117	1412

165	117	1390

166	117	1385

180	117	1424

163	118	1395

180	118	1433

162	119	1398

180	119	1436

161	120	1384

179	120	1423

160	121	1393

179	121	1424

158	122	1388

159	122	1388

179	122	1423

157	123	1385

178	123	1420

156	124	1400

179	124	1430

156	125	1399

179	125	1422

155	126	1438

179	126	1406

155	127	1421

180	127	1411

155	128	1416

181	128	1421

156	129	1388

182	129	1391

156	130	1387

181	130	1416

155	131	1390

180	131	1408

155	132	1430

180	132	1417

156	133	1396

180	133	1426

156	134	1404

179	134	1424

156	135	1434

179	135	1430

156	136	1430

178	136	1429

156	137	1445

178	137	1437

156	138	1462

177	138	1437

157	139	1447

176	139	1442

157	140	1406

176	140	1460

156	141	1434

175	141	1463

157	142	1417

175	142	1463

156	143	1452

174	143	1459

156	144	1434

174	144	1465

156	145	1415

173	145	1459

155	146	1423

173	146	1465

154	147	1414

172	147	1457

154	148	1429

172	148	1463

154	149	1429

172	149	1471

153	150	1443

172	150	1476

153	151	1411

171	151	1473

153	152	1414

171	152	1473

152	153	1416

170	153	1474

152	154	1419

170	154	1479

152	155	1415

169	155	1481

151	156	1417

169	156	1482

149	157	1433

150	157	1430

169	157	1488

149	158	1436

169	158	1491

149	159	1431

168	159	1484

149	160	1425

168	160	1487

148	161	1428

168	161	1494

148	162	1423

167	162	1482

147	163	1413

167	163	1487

146	164	1393

167	164	1490

146	165	1422

167	165	1494

145	166	1411

166	166	1487

145	167	1422

166	167	1492

145	168	1426

146	168	1434

147	168	1433

148	168	1431

149	168	1430

150	168	1430

151	168	1429

152	168	1428

153	168	1427

154	168	1428

155	168	1427

156	168	1429

157	168	1430

158	168	1432

159	168	1434

160	168	1437

161	168	1440

162	168	1446

163	168	1455

164	168	1466

165	168	1480

