169	95	1371

170	95	1371

169	96	1365

171	96	1372

172	96	1383

168	97	1365

172	97	1376

168	98	1368

172	98	1373

168	99	1371

173	99	1373

168	100	1373

172	100	1376

182	100	1404

183	100	1402

184	100	1403

168	101	1371

172	101	1379

181	101	1394

184	101	1400

168	102	1371

173	102	1384

181	102	1404

185	102	1413

168	103	1371

173	103	1385

181	103	1402

185	103	1416

168	104	1371

173	104	1383

180	104	1403

185	104	1417

168	105	1373

173	105	1388

180	105	1400

184	105	1407

168	106	1379

173	106	1393

179	106	1379

184	106	1411

168	107	1382

173	107	1396

179	107	1402

184	107	1417

168	108	1384

173	108	1393

179	108	1400

184	108	1425

168	109	1381

173	109	1389

178	109	1409

183	109	1413

168	110	1381

174	110	1402

176	110	1389

178	110	1403

183	110	1416

167	111	1342

174	111	1419

176	111	1363

177	111	1402

183	111	1421

168	112	1388

175	112	1420

183	112	1430

168	113	1391

182	113	1416

168	114	1393

182	114	1422

168	115	1391

182	115	1432

167	116	1372

181	116	1425

164	117	1391

165	117	1382

166	117	1372

181	117	1432

164	118	1385

181	118	1440

162	119	1389

163	119	1394

180	119	1427

160	120	1369

161	120	1371

180	120	1428

160	121	1378

180	121	1426

159	122	1384

180	122	1425

158	123	1389

180	123	1417

157	124	1390

179	124	1407

157	125	1388

180	125	1408

156	126	1398

180	126	1414

155	127	1383

181	127	1397

156	128	1397

181	128	1400

155	129	1456

181	129	1398

156	130	1398

181	130	1402

156	131	1387

181	131	1409

156	132	1390

181	132	1415

156	133	1395

181	133	1423

156	134	1407

181	134	1433

156	135	1417

180	135	1434

156	136	1422

179	136	1426

157	137	1421

178	137	1423

158	138	1405

178	138	1432

157	139	1417

177	139	1441

157	140	1445

176	140	1449

157	141	1440

176	141	1462

157	142	1414

175	142	1454

157	143	1430

175	143	1457

157	144	1424

174	144	1451

156	145	1418

174	145	1457

156	146	1418

174	146	1461

155	147	1426

173	147	1463

155	148	1421

173	148	1471

155	149	1418

172	149	1467

154	150	1408

172	150	1471

154	151	1415

172	151	1476

154	152	1417

171	152	1475

152	153	1427

153	153	1423

171	153	1480

152	154	1423

171	154	1478

151	155	1425

170	155	1473

151	156	1423

170	156	1477

150	157	1416

170	157	1484

149	158	1414

169	158	1480

149	159	1430

169	159	1484

149	160	1459

169	160	1484

149	161	1431

168	161	1476

148	162	1433

168	162	1480

148	163	1428

168	163	1486

147	164	1421

167	164	1480

147	165	1427

167	165	1484

146	166	1425

167	166	1485

145	167	1417

167	167	1489

145	168	1409

146	168	1429

147	168	1426

148	168	1426

149	168	1424

150	168	1424

151	168	1423

152	168	1423

153	168	1423

154	168	1423

155	168	1423

156	168	1424

157	168	1424

158	168	1426

159	168	1427

160	168	1429

161	168	1432

162	168	1436

163	168	1442

164	168	1451

165	168	1465

166	168	1480

