154	141	1507

155	141	1507

154	142	1506

156	142	1512

154	143	1504

156	143	1509

154	144	1501

156	144	1508

154	145	1505

156	145	1508

155	146	1507

156	146	1508

155	147	1508

156	147	1508

155	148	1506

157	148	1510

170	148	1526

171	148	1528

172	148	1529

155	149	1506

157	149	1510

169	149	1529

172	149	1531

155	150	1506

157	150	1510

169	150	1525

172	150	1534

155	151	1507

157	151	1511

168	151	1526

171	151	1530

155	152	1506

157	152	1511

167	152	1524

171	152	1532

155	153	1507

157	153	1512

166	153	1523

170	153	1529

154	154	1508

157	154	1512

165	154	1524

170	154	1529

154	155	1507

157	155	1513

164	155	1525

169	155	1524

154	156	1505

157	156	1513

162	156	1560

163	156	1540

169	156	1527

151	157	1486

152	157	1490

153	157	1495

158	157	1518

162	157	1530

169	157	1535

150	158	1478

159	158	1517

160	158	1520

161	158	1516

168	158	1534

149	159	1479

167	159	1531

148	160	1490

166	160	1529

147	161	1486

166	161	1536

147	162	1484

165	162	1533

145	163	1498

146	163	1481

164	163	1525

145	164	1483

164	164	1525

145	165	1495

163	165	1521

144	166	1516

163	166	1524

145	167	1511

163	167	1530

144	168	1485

162	168	1524

144	169	1511

162	169	1526

144	170	1511

162	170	1528

144	171	1515

162	171	1535

144	172	1512

161	172	1533

143	173	1550

161	173	1540

144	174	1514

161	174	1554

143	175	1532

160	175	1536

143	176	1526

160	176	1551

143	177	1566

160	177	1569

144	178	1529

159	178	1551

144	179	1542

159	179	1561

145	180	1530

159	180	1569

144	181	1558

158	181	1560

144	182	1574

158	182	1568

145	183	1539

157	183	1567

144	184	1558

157	184	1580

144	185	1545

157	185	1584

144	186	1544

157	186	1588

144	187	1544

156	187	1571

144	188	1543

156	188	1575

143	189	1549

157	189	1604

143	190	1557

156	190	1586

143	191	1554

156	191	1591

143	192	1550

156	192	1595

142	193	1595

156	193	1595

142	194	1574

156	194	1602

142	195	1567

156	195	1606

142	196	1572

155	196	1592

142	197	1578

155	197	1598

142	198	1570

155	198	1601

141	199	1565

155	199	1604

141	200	1582

155	200	1608

141	201	1576

154	201	1596

141	202	1582

154	202	1600

141	203	1583

154	203	1603

141	204	1584

154	204	1603

140	205	1607

141	205	1581

142	205	1575

143	205	1574

144	205	1573

145	205	1571

146	205	1570

147	205	1571

148	205	1573

149	205	1574

150	205	1576

151	205	1580

152	205	1586

153	205	1594

154	205	1604

