177	129	1311

178	129	1316

179	129	1313

194	129	1348

176	130	1298

180	130	1311

192	130	1342

193	130	1330

195	130	1333

175	131	1296

180	131	1303

191	131	1325

196	131	1336

175	132	1293

181	132	1310

191	132	1337

197	132	1355

175	133	1290

182	133	1316

189	133	1381

190	133	1384

198	133	1382

176	134	1308

183	134	1327

188	134	1329

191	134	1320

198	134	1362

177	135	1309

184	135	1336

187	135	1334

188	135	1347

191	135	1331

198	135	1361

178	136	1303

184	136	1333

187	136	1376

188	136	1361

191	136	1350

198	136	1358

178	137	1315

184	137	1325

191	137	1313

198	137	1347

179	138	1307

184	138	1318

192	138	1339

198	138	1344

179	139	1303

185	139	1326

193	139	1333

199	139	1382

180	140	1311

186	140	1331

193	140	1336

199	140	1369

180	141	1290

187	141	1326

193	141	1335

198	141	1350

181	142	1310

187	142	1327

193	142	1332

198	142	1353

181	143	1319

188	143	1339

193	143	1332

198	143	1355

182	144	1312

189	144	1372

193	144	1330

198	144	1356

182	145	1323

189	145	1363

193	145	1332

198	145	1357

183	146	1319

189	146	1358

192	146	1333

198	146	1358

183	147	1327

190	147	1363

192	147	1327

198	147	1359

184	148	1317

190	148	1354

192	148	1336

198	148	1358

184	149	1322

191	149	1336

198	149	1356

183	150	1362

198	150	1353

181	151	1325

182	151	1314

198	151	1349

180	152	1307

198	152	1346

179	153	1307

199	153	1378

178	154	1332

199	154	1377

179	155	1295

199	155	1372

178	156	1372

199	156	1363

176	157	1330

177	157	1340

199	157	1357

177	158	1317

199	158	1350

176	159	1330

200	159	1374

176	160	1338

200	160	1361

176	161	1330

200	161	1356

176	162	1331

201	162	1373

176	163	1320

201	163	1396

174	164	1351

175	164	1330

201	164	1403

174	165	1378

175	165	1365

201	165	1414

176	166	1347

201	166	1410

176	167	1367

201	167	1398

176	168	1394

202	168	1410

176	169	1357

202	169	1417

176	170	1359

201	170	1393

177	171	1364

201	171	1399

178	172	1331

201	172	1399

177	173	1380

201	173	1410

178	174	1351

200	174	1385

179	175	1346

200	175	1397

179	176	1398

200	176	1403

180	177	1362

200	177	1410

180	178	1337

181	178	1365

200	178	1416

182	179	1385

199	179	1387

182	180	1411

199	180	1388

183	181	1380

199	181	1392

183	182	1346

184	182	1370

199	182	1398

185	183	1356

199	183	1404

185	184	1362

199	184	1410

185	185	1369

199	185	1414

184	186	1418

185	186	1387

199	186	1418

183	187	1370

184	187	1381

186	187	1367

198	187	1402

185	188	1350

198	188	1405

183	189	1353

184	189	1367

198	189	1407

185	190	1389

198	190	1409

185	191	1334

198	191	1409

185	192	1408

198	192	1409

186	193	1384

198	193	1413

186	194	1391

198	194	1415

185	195	1396

198	195	1418

184	196	1397

186	196	1403

197	196	1410

186	197	1389

197	197	1413

185	198	1358

197	198	1416

184	199	1369

186	199	1408

197	199	1418

184	200	1404

185	200	1414

196	200	1415

185	201	1415

196	201	1416

184	202	1408

186	202	1418

195	202	1414

187	203	1417

188	203	1411

189	203	1412

194	203	1418

190	204	1415

191	204	1414

193	204	1418

185	205	1369

192	205	1418

