186	145	1581

187	145	1586

186	146	1584

188	146	1592

199	146	1610

200	146	1613

186	147	1585

189	147	1592

199	147	1610

200	147	1613

186	148	1588

189	148	1592

199	148	1610

201	148	1616

187	149	1588

190	149	1596

199	149	1611

201	149	1618

187	150	1587

190	150	1598

199	150	1611

201	150	1617

188	151	1589

191	151	1604

199	151	1611

201	151	1618

188	152	1588

191	152	1602

199	152	1609

201	152	1617

188	153	1588

192	153	1606

199	153	1610

201	153	1618

188	154	1586

192	154	1606

199	154	1609

201	154	1618

188	155	1597

192	155	1606

198	155	1609

201	155	1619

189	156	1598

193	156	1612

197	156	1606

201	156	1622

189	157	1592

194	157	1622

195	157	1627

196	157	1598

198	157	1609

201	157	1624

190	158	1594

197	158	1607

201	158	1626

191	159	1600

201	159	1624

191	160	1603

201	160	1624

189	161	1589

190	161	1591

201	161	1624

188	162	1568

201	162	1624

187	163	1568

201	163	1620

186	164	1577

201	164	1619

186	165	1581

201	165	1617

186	166	1587

201	166	1616

185	167	1577

201	167	1612

184	168	1577

202	168	1614

184	169	1578

202	169	1608

184	170	1580

203	170	1627

183	171	1598

203	171	1632

183	172	1614

203	172	1639

183	173	1599

203	173	1649

183	174	1601

203	174	1655

184	175	1602

203	175	1653

184	176	1598

203	176	1655

183	177	1609

203	177	1665

184	178	1591

202	178	1635

184	179	1592

202	179	1645

184	180	1612

202	180	1656

185	181	1620

202	181	1670

186	182	1607

202	182	1681

187	183	1603

202	183	1697

187	184	1625

201	184	1663

188	185	1625

201	185	1667

189	186	1620

201	186	1672

189	187	1626

201	187	1676

189	188	1631

201	188	1682

189	189	1626

201	189	1690

189	190	1635

201	190	1698

190	191	1635

201	191	1703

190	192	1642

200	192	1679

190	193	1646

200	193	1682

190	194	1647

200	194	1687

190	195	1652

200	195	1688

190	196	1660

200	196	1690

190	197	1663

200	197	1693

190	198	1661

200	198	1692

190	199	1664

200	199	1695

190	200	1683

200	200	1695

191	201	1668

200	201	1699

191	202	1669

200	202	1698

191	203	1671

200	203	1701

191	204	1680

200	204	1701

191	205	1686

200	205	1702

191	206	1697

199	206	1698

191	207	1704

199	207	1701

192	208	1698

198	208	1697

192	209	1702

199	209	1704

193	210	1699

196	210	1699

197	210	1703

198	210	1704

194	211	1701

195	211	1700

