168	94	1373

168	95	1361

169	95	1362

170	95	1367

167	96	1361

171	96	1375

167	97	1363

171	97	1370

167	98	1364

171	98	1369

167	99	1364

172	99	1371

183	99	1403

184	99	1412

167	100	1364

172	100	1361

182	100	1398

185	100	1409

167	101	1357

172	101	1377

182	101	1391

185	101	1402

167	102	1343

172	102	1381

182	102	1392

185	102	1402

167	103	1358

172	103	1382

181	103	1393

185	103	1406

167	104	1363

172	104	1381

181	104	1394

185	104	1407

167	105	1365

172	105	1379

180	105	1398

185	105	1410

167	106	1365

172	106	1382

180	106	1397

185	106	1412

167	107	1371

172	107	1382

179	107	1393

184	107	1402

167	108	1372

173	108	1383

179	108	1399

184	108	1407

167	109	1373

173	109	1392

178	109	1397

184	109	1412

167	110	1370

174	110	1394

178	110	1398

184	110	1419

167	111	1379

174	111	1405

176	111	1401

178	111	1398

183	111	1413

167	112	1362

174	112	1410

177	112	1401

183	112	1418

168	113	1384

175	113	1388

177	113	1400

183	113	1422

169	114	1382

176	114	1394

182	114	1411

168	115	1378

182	115	1418

166	116	1362

167	116	1360

182	116	1423

165	117	1369

182	117	1422

163	118	1424

164	118	1400

181	118	1420

163	119	1390

181	119	1420

162	120	1386

181	120	1418

160	121	1369

161	121	1363

181	121	1418

159	122	1372

180	122	1401

158	123	1376

180	123	1383

157	124	1370

181	124	1384

157	125	1366

181	125	1376

157	126	1385

182	126	1396

157	127	1386

182	127	1394

157	128	1386

183	128	1412

157	129	1396

184	129	1418

157	130	1404

184	130	1409

157	131	1396

184	131	1412

157	132	1382

183	132	1417

157	133	1365

183	133	1425

157	134	1364

183	134	1434

157	135	1392

182	135	1437

158	136	1399

181	136	1431

158	137	1410

180	137	1425

158	138	1420

180	138	1436

158	139	1405

179	139	1443

159	140	1412

178	140	1451

159	141	1422

177	141	1455

159	142	1413

176	142	1453

158	143	1412

176	143	1456

158	144	1408

175	144	1449

158	145	1403

175	145	1455

157	146	1434

175	146	1461

156	147	1451

174	147	1458

157	148	1416

174	148	1468

156	149	1402

173	149	1467

155	150	1403

173	150	1471

155	151	1415

173	151	1469

155	152	1412

173	152	1469

155	153	1410

172	153	1475

154	154	1419

172	154	1479

153	155	1425

171	155	1471

153	156	1425

171	156	1473

152	157	1411

171	157	1480

152	158	1422

171	158	1479

152	159	1421

170	159	1480

151	160	1420

170	160	1483

150	161	1428

169	161	1479

150	162	1424

169	162	1483

149	163	1427

169	163	1482

149	164	1424

168	164	1473

148	165	1434

168	165	1475

147	166	1443

168	166	1483

147	167	1436

167	167	1471

147	168	1447

148	168	1434

149	168	1429

150	168	1427

151	168	1425

152	168	1424

153	168	1423

154	168	1422

155	168	1421

156	168	1421

157	168	1422

158	168	1423

159	168	1423

160	168	1425

161	168	1427

162	168	1433

163	168	1438

164	168	1445

165	168	1451

166	168	1461

167	168	1479

