175	157	2105

174	158	2101

176	158	2089

174	159	2110

176	159	2084

175	160	2078

176	160	2085

175	161	2080

177	161	2120

186	161	2117

175	162	2084

177	162	2094

185	162	2104

186	162	2102

175	163	2084

177	163	2082

185	163	2091

186	163	2097

175	164	2088

177	164	2078

184	164	2096

186	164	2097

175	165	2091

177	165	2079

184	165	2087

186	165	2108

175	166	2092

177	166	2083

183	166	2099

186	166	2126

175	167	2090

177	167	2082

182	167	2102

185	167	2097

175	168	2086

178	168	2119

182	168	2073

185	168	2108

174	169	2104

178	169	2105

181	169	2079

184	169	2085

172	170	2083

173	170	2065

179	170	2107

180	170	2089

184	170	2105

172	171	2058

183	171	2085

172	172	2054

183	172	2107

171	173	2090

182	173	2078

170	174	2091

182	174	2087

170	175	2079

182	175	2105

170	176	2079

181	176	2082

169	177	2105

181	177	2091

169	178	2090

181	178	2095

168	179	2120

181	179	2114

168	180	2111

180	180	2064

169	181	2077

180	181	2072

169	182	2080

180	182	2091

169	183	2085

179	183	2071

169	184	2087

179	184	2080

169	185	2103

179	185	2100

169	186	2124

178	186	2097

170	187	2101

178	187	2114

170	188	2103

178	188	2121

169	189	2128

178	189	2132

169	190	2112

177	190	2101

169	191	2097

177	191	2110

168	192	2126

177	192	2118

168	193	2107

177	193	2133

168	194	2092

176	194	2107

167	195	2118

176	195	2113

167	196	2100

176	196	2126

167	197	2094

176	197	2145

166	198	2123

175	198	2108

166	199	2110

175	199	2109

166	200	2102

175	200	2114

165	201	2130

175	201	2128

165	202	2111

174	202	2099

165	203	2102

174	203	2111

164	204	2129

165	204	2089

166	204	2068

167	204	2057

168	204	2052

169	204	2051

170	204	2053

171	204	2058

172	204	2070

173	204	2084

174	204	2115

