170	95	1370

171	95	1375

169	96	1364

172	96	1371

169	97	1360

173	97	1381

169	98	1360

173	98	1379

169	99	1364

173	99	1380

169	100	1370

173	100	1380

182	100	1412

183	100	1401

184	100	1407

169	101	1374

173	101	1380

182	101	1401

185	101	1410

169	102	1375

173	102	1382

181	102	1407

185	102	1407

169	103	1373

173	103	1382

181	103	1402

185	103	1409

169	104	1373

173	104	1384

180	104	1394

185	104	1412

168	105	1376

173	105	1382

180	105	1397

185	105	1416

168	106	1379

173	106	1383

180	106	1400

185	106	1425

168	107	1383

173	107	1384

179	107	1407

184	107	1416

168	108	1387

174	108	1351

179	108	1400

184	108	1419

168	109	1387

174	109	1364

178	109	1392

184	109	1420

168	110	1387

174	110	1398

178	110	1404

183	110	1411

168	111	1386

175	111	1454

178	111	1401

183	111	1416

169	112	1386

176	112	1389

177	112	1407

183	112	1421

168	113	1388

175	113	1430

177	113	1407

183	113	1423

168	114	1395

176	114	1411

182	114	1417

169	115	1392

182	115	1421

168	116	1394

182	116	1430

165	117	1384

166	117	1366

167	117	1377

181	117	1419

165	118	1371

181	118	1423

164	119	1381

181	119	1428

162	120	1400

163	120	1390

180	120	1418

161	121	1393

180	121	1420

160	122	1385

180	122	1423

159	123	1379

180	123	1422

157	124	1402

158	124	1382

180	124	1419

157	125	1420

180	125	1410

157	126	1412

180	126	1398

157	127	1396

181	127	1407

157	128	1389

182	128	1407

157	129	1392

183	129	1399

157	130	1392

182	130	1411

183	130	1364

157	131	1397

181	131	1410

157	132	1402

181	132	1414

157	133	1401

181	133	1419

156	134	1457

181	134	1427

182	134	1378

157	135	1419

180	135	1420

157	136	1395

180	136	1426

158	137	1399

179	137	1424

159	138	1400

179	138	1434

159	139	1405

178	139	1441

158	140	1418

177	140	1454

157	141	1348

177	141	1469

157	142	1381

176	142	1460

157	143	1401

176	143	1457

157	144	1389

175	144	1451

156	145	1412

175	145	1455

156	146	1423

174	146	1454

156	147	1419

174	147	1461

156	148	1415

174	148	1466

155	149	1421

173	149	1462

155	150	1429

173	150	1463

155	151	1427

173	151	1465

154	152	1429

172	152	1467

154	153	1425

172	153	1474

152	154	1437

153	154	1428

172	154	1475

153	155	1424

171	155	1472

152	156	1418

171	156	1471

151	157	1402

171	157	1472

151	158	1408

170	158	1473

150	159	1421

170	159	1477

151	160	1422

169	160	1471

150	161	1424

169	161	1474

149	162	1414

169	162	1478

149	163	1422

169	163	1485

149	164	1423

168	164	1478

148	165	1422

168	165	1483

147	166	1436

168	166	1486

147	167	1422

148	167	1427

149	167	1427

150	167	1426

151	167	1424

152	167	1425

153	167	1423

154	167	1421

155	167	1421

156	167	1423

157	167	1426

158	167	1425

159	167	1426

160	167	1426

161	167	1429

162	167	1432

163	167	1439

164	167	1445

165	167	1453

166	167	1462

167	167	1475

