198	158	1818

185	159	1794

186	159	1794

187	159	1806

197	159	1812

199	159	1814

184	160	1807

187	160	1800

197	160	1805

199	160	1809

184	161	1815

188	161	1806

196	161	1808

199	161	1808

185	162	1822

189	162	1807

196	162	1813

199	162	1808

186	163	1810

189	163	1801

197	163	1806

199	163	1804

186	164	1815

190	164	1802

196	164	1826

199	164	1802

187	165	1801

190	165	1799

196	165	1810

199	165	1803

188	166	1798

191	166	1806

196	166	1810

199	166	1806

188	167	1806

191	167	1804

196	167	1813

199	167	1811

189	168	1804

192	168	1814

196	168	1809

199	168	1811

189	169	1806

193	169	1824

196	169	1804

199	169	1813

189	170	1813

194	170	1868

195	170	1813

199	170	1811

190	171	1807

199	171	1813

190	172	1809

199	172	1812

188	173	1786

189	173	1797

199	173	1812

186	174	1773

187	174	1770

199	174	1810

186	175	1768

199	175	1809

186	176	1774

199	176	1805

185	177	1806

200	177	1815

185	178	1777

200	178	1809

184	179	1783

200	179	1803

184	180	1788

200	180	1805

184	181	1799

200	181	1816

184	182	1809

200	182	1827

184	183	1829

200	183	1826

185	184	1811

200	184	1822

185	185	1817

200	185	1817

185	186	1812

200	186	1817

185	187	1814

200	187	1819

185	188	1829

200	188	1823

186	189	1805

200	189	1827

186	190	1817

200	190	1826

187	191	1810

200	191	1830

188	192	1807

201	192	1857

189	193	1807

201	193	1856

190	194	1810

201	194	1856

190	195	1831

202	195	1884

191	196	1827

202	196	1879

191	197	1832

202	197	1873

191	198	1834

202	198	1874

191	199	1853

202	199	1874

192	200	1840

203	200	1896

192	201	1848

203	201	1891

192	202	1863

203	202	1886

193	203	1846

203	203	1884

193	204	1856

204	204	1896

193	205	1873

204	205	1891

194	206	1859

204	206	1886

194	207	1871

204	207	1885

195	208	1860

204	208	1884

194	209	1896

205	209	1894

195	210	1876

205	210	1890

195	211	1886

205	211	1886

196	212	1877

206	212	1895

197	213	1879

206	213	1892

197	214	1890

206	214	1892

197	215	1896

206	215	1893

198	216	1889

206	216	1895

199	217	1891

206	217	1895

200	218	1895

201	218	1888

202	218	1887

203	218	1885

204	218	1887

205	218	1892

206	218	1895

