198	158	1815

185	159	1800

186	159	1796

187	159	1801

197	159	1817

199	159	1809

185	160	1802

188	160	1807

197	160	1815

199	160	1809

185	161	1810

188	161	1800

196	161	1798

199	161	1812

185	162	1824

189	162	1804

197	162	1805

199	162	1810

186	163	1806

189	163	1804

196	163	1771

199	163	1807

187	164	1804

190	164	1807

197	164	1808

199	164	1804

188	165	1806

191	165	1813

196	165	1829

199	165	1805

188	166	1809

191	166	1805

196	166	1844

199	166	1806

188	167	1819

192	167	1814

196	167	1826

199	167	1808

189	168	1807

192	168	1815

196	168	1815

199	168	1809

189	169	1811

193	169	1823

196	169	1811

199	169	1812

190	170	1807

194	170	1829

195	170	1830

199	170	1812

190	171	1807

199	171	1816

190	172	1808

199	172	1814

188	173	1786

189	173	1801

199	173	1813

186	174	1777

187	174	1771

199	174	1810

186	175	1772

199	175	1809

186	176	1775

200	176	1820

186	177	1779

200	177	1812

185	178	1781

200	178	1807

184	179	1790

200	179	1807

184	180	1798

200	180	1813

185	181	1784

200	181	1818

185	182	1793

200	182	1822

185	183	1809

200	183	1822

185	184	1814

200	184	1822

185	185	1815

200	185	1820

185	186	1818

200	186	1817

186	187	1803

200	187	1817

186	188	1804

200	188	1819

186	189	1813

200	189	1828

187	190	1808

200	190	1832

187	191	1820

200	191	1838

188	192	1811

201	192	1853

189	193	1811

201	193	1855

190	194	1819

202	194	1880

190	195	1837

202	195	1884

191	196	1826

202	196	1882

191	197	1836

202	197	1878

191	198	1843

202	198	1874

191	199	1858

202	199	1872

192	200	1851

203	200	1897

192	201	1862

203	201	1896

193	202	1844

203	202	1892

193	203	1852

203	203	1884

193	204	1858

204	204	1895

194	205	1850

204	205	1893

194	206	1857

204	206	1892

194	207	1871

204	207	1890

195	208	1868

204	208	1886

195	209	1877

204	209	1883

195	210	1880

205	210	1891

196	211	1873

205	211	1888

196	212	1885

206	212	1896

197	213	1876

206	213	1895

197	214	1885

206	214	1893

197	215	1897

206	215	1893

198	216	1890

206	216	1895

199	217	1891

205	217	1893

206	217	1897

200	218	1895

204	218	1892

201	219	1895

202	219	1892

203	219	1892

204	219	1897

