153	147	1405

154	147	1408

155	147	1410

153	148	1409

155	148	1412

153	149	1413

155	149	1412

153	150	1416

156	150	1414

154	151	1414

156	151	1417

170	151	1433

171	151	1434

172	151	1435

154	152	1415

156	152	1419

170	152	1436

172	152	1443

154	153	1416

156	153	1419

169	153	1434

172	153	1444

154	154	1422

157	154	1423

169	154	1435

171	154	1440

155	155	1423

157	155	1424

169	155	1434

171	155	1438

155	156	1425

157	156	1426

168	156	1434

171	156	1440

155	157	1424

158	157	1428

168	157	1434

171	157	1443

155	158	1425

158	158	1429

167	158	1435

170	158	1442

155	159	1424

158	159	1430

167	159	1435

170	159	1441

155	160	1427

158	160	1431

166	160	1436

170	160	1441

155	161	1429

159	161	1435

165	161	1432

170	161	1440

156	162	1429

159	162	1434

164	162	1426

169	162	1441

156	163	1428

160	163	1438

161	163	1441

163	163	1452

169	163	1443

156	164	1429

162	164	1457

169	164	1446

155	165	1429

168	165	1449

152	166	1406

153	166	1410

154	166	1419

168	166	1450

151	167	1405

167	167	1449

150	168	1409

167	168	1449

150	169	1410

166	169	1445

148	170	1433

149	170	1428

166	170	1449

147	171	1419

166	171	1454

146	172	1425

165	172	1451

146	173	1405

165	173	1450

146	174	1419

165	174	1451

146	175	1429

165	175	1452

146	176	1441

165	176	1450

146	177	1444

165	177	1447

146	178	1439

164	178	1444

146	179	1432

164	179	1450

146	180	1437

164	180	1457

146	181	1434

164	181	1459

146	182	1452

163	182	1440

147	183	1455

163	183	1447

147	184	1458

163	184	1464

147	185	1467

163	185	1482

147	186	1481

162	186	1473

148	187	1466

162	187	1483

148	188	1476

162	188	1497

149	189	1480

161	189	1501

162	189	1521

149	190	1494

160	190	1498

149	191	1500

160	191	1519

149	192	1503

159	192	1504

149	193	1509

159	193	1518

149	194	1516

158	194	1515

150	195	1511

157	195	1521

151	196	1520

152	196	1517

154	196	1515

155	196	1518

156	196	1524

153	197	1523

