194	132	1381

195	132	1394

180	133	1339

181	133	1352

194	133	1365

196	133	1367

197	133	1392

179	134	1330

182	134	1338

183	134	1320

193	134	1368

198	134	1405

178	135	1331

184	135	1359

193	135	1366

198	135	1382

178	136	1335

183	136	1342

193	136	1365

198	136	1376

178	137	1320

184	137	1351

192	137	1376

198	137	1376

179	138	1340

184	138	1350

193	138	1369

199	138	1398

180	139	1341

185	139	1364

194	139	1364

199	139	1393

180	140	1347

185	140	1354

194	140	1367

199	140	1394

181	141	1346

186	141	1369

194	141	1369

198	141	1377

181	142	1349

186	142	1358

194	142	1369

198	142	1375

181	143	1327

187	143	1364

194	143	1369

199	143	1401

182	144	1350

188	144	1374

194	144	1371

199	144	1395

182	145	1351

189	145	1372

194	145	1376

199	145	1395

183	146	1356

190	146	1387

194	146	1378

199	146	1397

183	147	1360

190	147	1391

194	147	1378

199	147	1399

183	148	1361

190	148	1393

194	148	1377

199	148	1401

184	149	1354

190	149	1388

194	149	1375

199	149	1404

185	150	1354

190	150	1388

194	150	1372

199	150	1409

185	151	1361

191	151	1410

193	151	1379

199	151	1411

185	152	1373

192	152	1378

199	152	1412

185	153	1388

199	153	1410

183	154	1363

184	154	1355

199	154	1409

182	155	1344

199	155	1405

181	156	1341

199	156	1403

180	157	1380

199	157	1400

180	158	1359

199	158	1393

181	159	1345

200	159	1410

179	160	1409

180	160	1407

201	160	1442

178	161	1374

201	161	1434

178	162	1372

201	162	1425

177	163	1382

200	163	1389

177	164	1399

200	164	1388

177	165	1397

200	165	1384

177	166	1382

200	166	1374

177	167	1380

200	167	1373

177	168	1390

200	168	1376

177	169	1385

200	169	1383

177	170	1374

200	170	1393

177	171	1372

200	171	1399

176	172	1365

200	172	1399

176	173	1447

177	173	1423

200	173	1398

178	174	1392

200	174	1400

178	175	1406

200	175	1406

179	176	1397

200	176	1420

179	177	1438

199	177	1401

179	178	1421

199	178	1423

180	179	1410

199	179	1446

181	180	1405

182	180	1394

198	180	1426

181	181	1424

183	181	1394

198	181	1425

184	182	1392

198	182	1425

184	183	1406

198	183	1431

183	184	1445

198	184	1436

184	185	1419

198	185	1446

184	186	1430

197	186	1436

182	187	1376

184	187	1444

197	187	1442

185	188	1414

197	188	1448

185	189	1412

196	189	1438

184	190	1437

196	190	1442

185	191	1421

196	191	1445

185	192	1425

196	192	1448

184	193	1438

195	193	1438

183	194	1428

184	194	1451

195	194	1441

183	195	1441

185	195	1435

195	195	1446

183	196	1434

185	196	1441

195	196	1450

183	197	1416

185	197	1446

194	197	1447

182	198	1397

185	198	1446

193	198	1449

185	199	1451

192	199	1448

182	200	1397

186	200	1451

191	200	1449

187	201	1451

188	201	1447

189	201	1447

190	201	1449

182	205	1438

