206	150	1507

205	151	1497

207	151	1509

192	152	1469

193	152	1475

204	152	1496

208	152	1519

191	153	1467

194	153	1480

204	153	1496

208	153	1519

191	154	1472

195	154	1487

204	154	1489

208	154	1520

191	155	1471

196	155	1497

205	155	1502

208	155	1519

192	156	1475

196	156	1492

205	156	1501

209	156	1533

193	157	1476

197	157	1496

205	157	1504

209	157	1534

193	158	1476

197	158	1494

205	158	1506

209	158	1531

194	159	1479

198	159	1503

205	159	1510

209	159	1528

195	160	1486

199	160	1511

205	160	1511

209	160	1526

195	161	1491

199	161	1506

205	161	1512

209	161	1528

195	162	1493

200	162	1510

202	162	1552

203	162	1554

205	162	1509

209	162	1531

196	163	1491

201	163	1523

203	163	1539

205	163	1509

209	163	1533

196	164	1491

202	164	1545

204	164	1510

209	164	1533

196	165	1479

203	165	1555

205	165	1515

209	165	1533

197	166	1498

204	166	1516

210	166	1531

198	167	1501

210	167	1546

197	168	1449

210	168	1550

196	169	1520

211	169	1590

196	170	1491

211	170	1598

195	171	1481

210	171	1552

193	172	1508

194	172	1474

211	172	1594

193	173	1497

211	173	1588

193	174	1514

211	174	1577

193	175	1527

211	175	1571

192	176	1496

211	176	1565

191	177	1502

211	177	1563

191	178	1505

211	178	1556

191	179	1506

211	179	1540

191	180	1511

211	180	1529

191	181	1514

211	181	1527

191	182	1505

211	182	1532

190	183	1511

211	183	1537

191	184	1512

211	184	1545

191	185	1511

211	185	1547

191	186	1513

211	186	1548

192	187	1515

211	187	1552

192	188	1547

211	188	1563

193	189	1528

211	189	1581

193	190	1498

211	190	1601

194	191	1522

210	191	1579

195	192	1528

210	192	1591

196	193	1541

210	193	1594

197	194	1546

210	194	1595

197	195	1562

210	195	1603

198	196	1538

209	196	1588

198	197	1539

209	197	1595

198	198	1551

209	198	1599

198	199	1557

209	199	1605

199	200	1551

208	200	1594

199	201	1555

208	201	1599

199	202	1556

208	202	1601

199	203	1557

208	203	1603

199	204	1561

208	204	1604

199	205	1566

207	205	1599

199	206	1578

206	206	1600

199	207	1579

205	207	1599

200	208	1597

204	208	1601

200	209	1601

203	209	1602

204	209	1605

200	210	1599

202	210	1600

200	211	1600

201	211	1601

202	211	1605

200	212	1605

