186	155	1761

198	155	1775

199	155	1776

185	156	1761

187	156	1760

198	156	1775

199	156	1777

185	157	1766

188	157	1770

197	157	1781

199	157	1781

185	158	1749

189	158	1779

197	158	1780

199	158	1781

186	159	1768

189	159	1773

197	159	1785

199	159	1780

187	160	1765

190	160	1779

197	160	1788

199	160	1775

187	161	1767

190	161	1772

197	161	1787

200	161	1785

187	162	1780

191	162	1777

197	162	1788

200	162	1785

188	163	1778

192	163	1785

196	163	1822

200	163	1786

188	164	1787

192	164	1780

197	164	1788

200	164	1786

189	165	1772

193	165	1790

196	165	1800

200	165	1787

189	166	1775

193	166	1786

196	166	1796

200	166	1792

189	167	1768

194	167	1795

195	167	1788

200	167	1791

190	168	1782

200	168	1789

189	169	1779

200	169	1784

188	170	1752

200	170	1786

187	171	1741

200	171	1786

186	172	1747

200	172	1785

185	173	1791

200	173	1781

185	174	1777

200	174	1779

184	175	1770

200	175	1776

184	176	1758

200	176	1775

184	177	1760

201	177	1789

184	178	1769

201	178	1796

185	179	1765

201	179	1804

184	180	1795

200	180	1786

185	181	1786

200	181	1784

185	182	1790

200	182	1784

185	183	1787

201	183	1809

185	184	1785

201	184	1811

186	185	1775

201	185	1813

185	186	1817

201	186	1818

186	187	1798

201	187	1826

187	188	1789

200	188	1809

188	189	1781

200	189	1809

189	190	1779

201	190	1834

189	191	1793

201	191	1831

190	192	1796

202	192	1860

190	193	1815

202	193	1855

190	194	1833

202	194	1858

191	195	1803

202	195	1858

191	196	1807

202	196	1863

191	197	1842

202	197	1863

191	198	1837

202	198	1864

192	199	1818

202	199	1862

192	200	1826

202	200	1862

192	201	1835

202	201	1859

192	202	1846

202	202	1857

193	203	1821

202	203	1855

193	204	1828

203	204	1867

193	205	1843

203	205	1863

193	206	1858

203	206	1860

194	207	1848

203	207	1860

194	208	1854

203	208	1859

194	209	1864

203	209	1861

195	210	1854

203	210	1860

195	211	1862

204	211	1869

196	212	1851

204	212	1865

196	213	1862

204	213	1866

197	214	1854

204	214	1866

197	215	1864

203	215	1866

198	216	1862

203	216	1868

199	217	1869

200	217	1866

201	217	1868

202	217	1869

