153	129	1253

152	130	1250

154	130	1255

151	131	1253

155	131	1259

151	132	1248

156	132	1256

152	133	1258

156	133	1265

152	134	1258

156	134	1264

152	135	1258

156	135	1262

152	136	1256

157	136	1264

172	136	1296

173	136	1291

174	136	1299

153	137	1257

157	137	1267

171	137	1285

175	137	1305

153	138	1257

157	138	1263

170	138	1284

175	138	1298

153	139	1259

157	139	1261

170	139	1282

174	139	1284

153	140	1260

158	140	1259

170	140	1280

174	140	1287

153	141	1261

158	141	1271

169	141	1285

174	141	1292

153	142	1262

158	142	1269

169	142	1279

174	142	1299

153	143	1262

158	143	1271

168	143	1273

173	143	1284

153	144	1262

158	144	1271

168	144	1281

173	144	1287

153	145	1259

159	145	1259

167	145	1283

173	145	1295

154	146	1263

159	146	1272

167	146	1278

172	146	1285

154	147	1262

159	147	1274

166	147	1282

172	147	1293

154	148	1264

159	148	1274

161	148	1289

162	148	1272

163	148	1273

165	148	1281

172	148	1304

154	149	1263

160	149	1291

162	149	1274

164	149	1279

171	149	1294

151	150	1244

152	150	1244

154	150	1261

163	150	1280

171	150	1301

150	151	1239

153	151	1251

170	151	1289

149	152	1239

170	152	1300

148	153	1242

169	153	1293

148	154	1238

169	154	1303

146	155	1298

147	155	1272

168	155	1294

145	156	1254

167	156	1286

145	157	1237

167	157	1292

143	158	1231

144	158	1234

167	158	1291

144	159	1237

166	159	1284

143	160	1247

166	160	1286

143	161	1264

166	161	1293

143	162	1269

166	162	1289

142	163	1274

165	163	1284

142	164	1250

165	164	1283

142	165	1266

165	165	1283

142	166	1261

165	166	1285

142	167	1278

165	167	1295

142	168	1283

164	168	1287

142	169	1287

164	169	1294

142	170	1286

163	170	1272

142	171	1287

163	171	1281

143	172	1280

162	172	1274

142	173	1298

162	173	1291

142	174	1328

162	174	1304

143	175	1288

162	175	1318

143	176	1292

161	176	1311

143	177	1327

161	177	1320

144	178	1298

161	178	1322

144	179	1295

160	179	1323

144	180	1299

159	180	1337

144	181	1324

159	181	1364

144	182	1326

158	182	1351

144	183	1336

158	183	1357

145	184	1312

158	184	1365

145	185	1314

157	185	1345

145	186	1315

157	186	1352

145	187	1320

157	187	1360

145	188	1325

157	188	1364

145	189	1332

156	189	1361

145	190	1343

156	190	1366

145	191	1352

155	191	1362

145	192	1359

155	192	1365

145	193	1363

154	193	1361

145	194	1360

154	194	1364

144	195	1364

145	195	1366

146	195	1365

147	195	1366

148	195	1366

149	195	1365

150	195	1364

151	195	1365

152	195	1364

153	195	1366

