152	124	1164

153	124	1160

154	124	1163

155	124	1177

151	125	1164

156	125	1185

151	126	1161

156	126	1174

152	127	1161

156	127	1168

152	128	1163

157	128	1184

152	129	1166

157	129	1178

175	129	1201

152	130	1165

157	130	1174

173	130	1202

174	130	1186

176	130	1188

153	131	1161

157	131	1169

172	131	1204

177	131	1204

153	132	1162

157	132	1165

172	132	1195

177	132	1197

153	133	1164

158	133	1179

172	133	1190

177	133	1202

153	134	1164

158	134	1176

172	134	1185

176	134	1189

153	135	1168

158	135	1172

171	135	1182

176	135	1194

153	136	1169

159	136	1186

170	136	1196

176	136	1198

154	137	1161

159	137	1181

170	137	1191

176	137	1205

154	138	1161

159	138	1176

170	138	1184

175	138	1189

154	139	1166

159	139	1173

169	139	1191

175	139	1199

154	140	1167

160	140	1176

169	140	1185

175	140	1204

154	141	1167

160	141	1183

168	141	1190

174	141	1187

154	142	1169

160	142	1184

168	142	1185

174	142	1193

154	143	1168

160	143	1181

167	143	1187

174	143	1202

154	144	1167

161	144	1188

166	144	1188

173	144	1189

155	145	1169

162	145	1202

166	145	1184

173	145	1202

155	146	1172

162	146	1210

165	146	1186

172	146	1191

150	147	1155

151	147	1153

152	147	1160

155	147	1171

162	147	1204

164	147	1188

172	147	1203

149	148	1148

153	148	1156

154	148	1165

163	148	1186

172	148	1220

148	149	1149

171	149	1205

147	150	1135

170	150	1190

146	151	1205

148	151	1144

170	151	1200

145	152	1213

147	152	1180

169	152	1190

144	153	1172

146	153	1175

169	153	1199

144	154	1141

169	154	1208

143	155	1153

169	155	1214

144	156	1147

168	156	1192

143	157	1155

168	157	1197

143	158	1167

168	158	1197

143	159	1177

168	159	1193

142	160	1173

168	160	1194

142	161	1197

167	161	1193

142	162	1195

167	162	1198

142	163	1204

167	163	1201

142	164	1202

167	164	1204

142	165	1185

167	165	1211

142	166	1188

166	166	1205

142	167	1219

166	167	1224

143	168	1190

165	168	1198

143	169	1189

165	169	1216

142	170	1170

164	170	1187

142	171	1192

164	171	1209

143	172	1209

164	172	1228

143	173	1219

164	173	1241

143	174	1233

164	174	1244

144	175	1197

164	175	1256

144	176	1209

163	176	1244

145	177	1197

163	177	1265

146	178	1212

162	178	1257

145	179	1223

146	179	1232

161	179	1250

147	180	1226

161	180	1269

147	181	1227

160	181	1260

147	182	1225

160	182	1265

147	183	1230

160	183	1274

147	184	1240

159	184	1270

148	185	1245

158	185	1269

148	186	1254

158	186	1271

149	187	1246

157	187	1270

149	188	1254

155	188	1267

156	188	1272

150	189	1267

151	189	1268

152	189	1268

153	189	1268

154	189	1271

150	190	1269

