178	127	1334

179	127	1334

180	127	1351

176	128	1317

177	128	1316

181	128	1330

182	128	1343

194	128	1356

195	128	1351

196	128	1362

176	129	1308

183	129	1327

193	129	1354

197	129	1361

177	130	1309

184	130	1350

192	130	1362

197	130	1352

177	131	1311

184	131	1330

187	131	1362

192	131	1354

197	131	1350

177	132	1318

184	132	1332

189	132	1378

192	132	1356

198	132	1373

177	133	1316

184	133	1338

189	133	1381

190	133	1379

192	133	1359

198	133	1362

178	134	1330

185	134	1347

189	134	1401

192	134	1359

199	134	1380

179	135	1317

186	135	1348

187	135	1356

188	135	1378

189	135	1360

190	135	1425

193	135	1346

198	135	1360

180	136	1325

187	136	1360

188	136	1386

191	136	1417

192	136	1383

198	136	1359

181	137	1320

186	137	1336

190	137	1419

191	137	1402

192	137	1388

198	137	1356

181	138	1326

187	138	1350

193	138	1353

199	138	1377

181	139	1340

187	139	1344

193	139	1353

199	139	1368

182	140	1330

188	140	1352

194	140	1343

199	140	1369

182	141	1334

189	141	1360

193	141	1347

199	141	1376

183	142	1327

189	142	1359

193	142	1352

198	142	1360

183	143	1329

190	143	1403

193	143	1351

198	143	1363

183	144	1332

190	144	1398

193	144	1349

198	144	1366

184	145	1330

190	145	1384

193	145	1346

198	145	1367

185	146	1330

191	146	1364

192	146	1351

198	146	1367

185	147	1334

198	147	1364

182	148	1321

183	148	1350

184	148	1352

198	148	1363

182	149	1312

198	149	1361

181	150	1310

198	150	1360

179	151	1351

180	151	1308

199	151	1390

179	152	1366

199	152	1389

180	153	1318

199	153	1380

179	154	1364

199	154	1370

178	155	1346

200	155	1395

177	156	1361

200	156	1384

177	157	1341

200	157	1376

176	158	1380

200	158	1371

176	159	1385

200	159	1373

176	160	1360

200	160	1378

176	161	1357

200	161	1382

176	162	1371

199	162	1337

176	163	1371

199	163	1342

176	164	1354

199	164	1348

176	165	1338

200	165	1395

176	166	1368

200	166	1394

177	167	1341

200	167	1392

177	168	1349

200	168	1393

177	169	1389

200	169	1398

177	170	1392

200	170	1404

177	171	1391

199	171	1371

178	172	1384

199	172	1386

179	173	1374

199	173	1404

180	174	1366

199	174	1418

181	175	1369

199	175	1426

181	176	1408

199	176	1429

181	177	1415

199	177	1434

181	178	1401

199	178	1437

182	179	1420

198	179	1405

183	180	1388

198	180	1411

183	181	1393

198	181	1419

183	182	1391

198	182	1429

184	183	1371

198	183	1436

183	184	1403

197	184	1417

182	185	1408

197	185	1423

182	186	1426

197	186	1425

183	187	1398

197	187	1428

183	188	1368

197	188	1432

183	189	1379

197	189	1434

183	190	1358

197	190	1433

183	191	1354

197	191	1434

183	192	1366

197	192	1438

182	193	1431

196	193	1431

182	194	1405

196	194	1432

183	195	1435

196	195	1435

182	196	1437

184	196	1422

196	196	1434

182	197	1438

183	197	1421

196	197	1437

182	198	1438

196	198	1436

182	199	1439

196	199	1439

182	200	1431

195	200	1438

183	201	1437

184	201	1435

194	201	1439

185	202	1439

193	202	1439

186	203	1438

192	203	1439

187	204	1438

190	204	1436

191	204	1438

188	205	1439

189	205	1439

