189	131	1402

190	131	1405

174	132	1395

175	132	1395

176	132	1400

177	132	1409

189	132	1433

191	132	1444

174	133	1391

177	133	1405

188	133	1432

192	133	1443

174	134	1390

177	134	1402

188	134	1426

193	134	1404

174	135	1391

178	135	1406

188	135	1424

192	135	1434

174	136	1393

179	136	1398

187	136	1438

193	136	1442

175	137	1395

179	137	1410

188	137	1423

193	137	1441

175	138	1396

179	138	1407

188	138	1421

193	138	1442

176	139	1400

180	139	1415

188	139	1417

193	139	1424

176	140	1402

181	140	1411

188	140	1419

192	140	1432

176	141	1404

181	141	1413

188	141	1417

192	141	1432

176	142	1403

181	142	1411

188	142	1425

193	142	1439

177	143	1407

182	143	1418

188	143	1426

193	143	1443

178	144	1405

182	144	1417

188	144	1427

193	144	1443

178	145	1408

183	145	1422

184	145	1388

188	145	1427

193	145	1446

178	146	1409

184	146	1432

188	146	1429

193	146	1447

179	147	1411

184	147	1442

188	147	1428

193	147	1451

179	148	1412

184	148	1437

187	148	1401

193	148	1441

180	149	1412

185	149	1460

187	149	1428

192	149	1438

180	150	1414

186	150	1432

192	150	1440

178	151	1415

180	151	1416

192	151	1442

177	152	1388

179	152	1395

192	152	1444

175	153	1396

176	153	1390

192	153	1443

174	154	1416

193	154	1452

174	155	1421

193	155	1446

174	156	1429

193	156	1451

173	157	1450

194	157	1450

173	158	1408

194	158	1477

173	159	1393

194	159	1483

173	160	1388

193	160	1447

172	161	1403

193	161	1446

171	162	1418

193	162	1438

171	163	1417

193	163	1430

171	164	1420

193	164	1432

171	165	1414

193	165	1437

170	166	1429

193	166	1444

171	167	1431

193	167	1449

171	168	1434

193	168	1453

170	169	1440

193	169	1454

171	170	1423

193	170	1457

171	171	1461

193	171	1461

172	172	1424

193	172	1469

172	173	1406

192	173	1443

173	174	1431

192	174	1460

173	175	1444

192	175	1479

174	176	1457

192	176	1494

175	177	1468

192	177	1500

176	178	1445

192	178	1507

176	179	1454

192	179	1515

177	180	1449

192	180	1520

177	181	1443

191	181	1485

176	182	1477

177	182	1456

191	182	1492

176	183	1455

178	183	1442

191	183	1501

176	184	1491

178	184	1449

191	184	1509

177	185	1481

191	185	1516

176	186	1491

190	186	1494

176	187	1461

190	187	1500

176	188	1491

177	188	1466

190	188	1505

176	189	1464

178	189	1464

190	189	1506

178	190	1463

190	190	1509

178	191	1464

190	191	1513

178	192	1469

190	192	1516

177	193	1494

190	193	1519

178	194	1481

190	194	1519

178	195	1481

189	195	1509

178	196	1482

189	196	1509

178	197	1489

189	197	1511

178	198	1498

189	198	1512

175	199	1462

176	199	1484

178	199	1502

189	199	1513

177	200	1514

189	200	1517

178	201	1505

189	201	1519

178	202	1506

188	202	1515

178	203	1516

189	203	1519

179	204	1513

188	204	1518

179	205	1518

188	205	1520

179	206	1520

187	206	1518

180	207	1520

181	207	1517

182	207	1514

183	207	1512

184	207	1511

185	207	1514

186	207	1516

