157	134	1390

158	134	1393

159	134	1397

157	135	1389

160	135	1398

158	136	1388

160	136	1396

158	137	1387

160	137	1394

158	138	1388

160	138	1396

158	139	1390

160	139	1395

158	140	1394

160	140	1395

158	141	1395

161	141	1396

175	141	1419

176	141	1420

177	141	1422

159	142	1395

161	142	1398

174	142	1415

177	142	1421

159	143	1394

161	143	1399

174	143	1415

177	143	1424

159	144	1395

161	144	1400

173	144	1417

177	144	1427

159	145	1395

161	145	1398

172	145	1397

176	145	1423

159	146	1397

161	146	1400

172	146	1409

176	146	1424

159	147	1397

162	147	1404

171	147	1408

175	147	1421

159	148	1397

162	148	1404

169	148	1426

170	148	1413

175	148	1422

159	149	1395

162	149	1401

168	149	1434

175	149	1425

159	150	1395

162	150	1401

167	150	1424

174	150	1421

158	151	1393

163	151	1408

166	151	1442

174	151	1424

155	152	1373

156	152	1374

157	152	1378

164	152	1425

165	152	1440

173	152	1419

153	153	1380

154	153	1372

172	153	1419

153	154	1382

172	154	1420

152	155	1399

171	155	1424

152	156	1384

170	156	1423

151	157	1373

170	157	1425

149	158	1383

150	158	1371

169	158	1418

148	159	1400

169	159	1420

148	160	1400

168	160	1415

148	161	1402

168	161	1419

148	162	1403

168	162	1421

147	163	1425

168	163	1425

147	164	1405

167	164	1418

147	165	1405

167	165	1417

147	166	1409

167	166	1416

147	167	1412

167	167	1426

147	168	1414

166	168	1418

146	169	1429

166	169	1413

146	170	1406

165	170	1400

147	171	1413

165	171	1408

146	172	1477

165	172	1425

146	173	1495

164	173	1430

147	174	1425

164	174	1449

147	175	1447

164	175	1464

147	176	1437

163	176	1454

147	177	1454

163	177	1460

148	178	1430

162	178	1458

147	179	1444

161	179	1461

147	180	1436

161	180	1472

147	181	1430

160	181	1466

147	182	1431

160	182	1470

146	183	1457

160	183	1476

146	184	1460

160	184	1481

146	185	1454

160	185	1486

146	186	1449

159	186	1476

146	187	1445

159	187	1481

146	188	1443

159	188	1490

145	189	1459

159	189	1497

145	190	1457

159	190	1504

145	191	1457

158	191	1499

144	192	1451

158	192	1505

144	193	1438

157	193	1490

144	194	1461

157	194	1493

144	195	1466

157	195	1496

144	196	1472

157	196	1500

143	197	1490

156	197	1491

143	198	1487

156	198	1495

143	199	1487

156	199	1500

143	200	1489

156	200	1505

142	201	1504

155	201	1494

142	202	1497

155	202	1498

142	203	1492

155	203	1503

142	204	1499

143	204	1491

144	204	1487

145	204	1483

146	204	1483

147	204	1484

148	204	1483

149	204	1482

150	204	1484

151	204	1487

152	204	1490

153	204	1493

154	204	1498

