152	145	1560

153	145	1561

152	146	1562

154	146	1569

152	147	1561

154	147	1564

152	148	1562

154	148	1565

152	149	1561

154	149	1564

153	150	1560

154	150	1565

153	151	1559

154	151	1562

169	151	1577

170	151	1578

152	152	1563

155	152	1567

168	152	1572

170	152	1579

152	153	1565

155	153	1566

167	153	1572

170	153	1585

152	154	1567

155	154	1567

166	154	1577

169	154	1578

152	155	1565

155	155	1566

166	155	1575

169	155	1584

152	156	1558

155	156	1566

164	156	1578

165	156	1572

168	156	1580

152	157	1554

155	157	1566

163	157	1551

168	157	1584

152	158	1551

155	158	1566

163	158	1572

168	158	1586

152	159	1556

155	159	1564

161	159	1587

162	159	1574

167	159	1579

152	160	1554

156	160	1571

161	160	1573

166	160	1578

149	161	1539

150	161	1547

151	161	1562

157	161	1579

159	161	1576

160	161	1567

166	161	1583

147	162	1526

148	162	1532

158	162	1570

165	162	1578

147	163	1525

164	163	1578

146	164	1546

164	164	1588

146	165	1528

163	165	1584

145	166	1535

162	166	1577

144	167	1536

162	167	1580

144	168	1540

161	168	1574

143	169	1552

161	169	1577

144	170	1541

161	170	1585

143	171	1584

160	171	1581

142	172	1607

160	172	1583

143	173	1575

160	173	1585

143	174	1574

160	174	1590

143	175	1571

159	175	1588

143	176	1573

159	176	1600

143	177	1576

159	177	1612

143	178	1580

158	178	1588

143	179	1580

158	179	1595

143	180	1572

158	180	1610

143	181	1580

158	181	1619

143	182	1590

157	182	1606

144	183	1588

157	183	1617

144	184	1600

156	184	1612

144	185	1611

156	185	1623

144	186	1608

156	186	1628

144	187	1604

156	187	1630

144	188	1600

156	188	1631

144	189	1600

156	189	1638

143	190	1628

156	190	1642

143	191	1617

156	191	1647

143	192	1612

156	192	1646

143	193	1611

156	193	1651

142	194	1648

156	194	1652

143	195	1612

156	195	1660

142	196	1642

155	196	1640

142	197	1627

155	197	1643

142	198	1619

155	198	1645

142	199	1619

155	199	1646

142	200	1637

155	200	1648

142	201	1646

155	201	1653

142	202	1636

155	202	1657

142	203	1632

154	203	1644

142	204	1631

155	204	1659

141	205	1657

155	205	1659

141	206	1653

142	206	1632

143	206	1624

144	206	1622

145	206	1620

146	206	1620

147	206	1621

148	206	1622

149	206	1621

150	206	1622

151	206	1624

152	206	1630

153	206	1635

154	206	1644

155	206	1658

