151	125	1213

152	125	1208

153	125	1210

154	125	1219

150	126	1208

154	126	1207

151	127	1205

155	127	1220

151	128	1208

155	128	1213

151	129	1208

155	129	1210

151	130	1211

155	130	1209

151	131	1210

156	131	1221

171	131	1230

172	131	1246

173	131	1244

174	131	1254

152	132	1207

156	132	1218

171	132	1236

175	132	1249

152	133	1209

156	133	1219

170	133	1250

175	133	1248

152	134	1209

156	134	1214

170	134	1241

174	134	1236

152	135	1209

157	135	1218

170	135	1235

174	135	1239

152	136	1210

157	136	1221

170	136	1230

174	136	1242

152	137	1213

157	137	1220

169	137	1237

174	137	1246

152	138	1214

157	138	1218

169	138	1231

174	138	1253

152	139	1213

158	139	1222

168	139	1236

173	139	1239

152	140	1208

158	140	1227

168	140	1230

173	140	1244

152	141	1202

158	141	1227

167	141	1232

173	141	1247

153	142	1211

158	142	1227

166	142	1235

172	142	1236

153	143	1212

158	143	1227

166	143	1227

172	143	1244

153	144	1214

159	144	1211

165	144	1229

172	144	1255

153	145	1215

160	145	1238

164	145	1234

171	145	1242

149	146	1210

153	146	1216

161	146	1272

163	146	1236

171	146	1252

148	147	1201

150	147	1196

151	147	1204

153	147	1213

161	147	1256

163	147	1228

170	147	1240

147	148	1200

152	148	1202

162	148	1227

170	148	1255

146	149	1195

169	149	1240

145	150	1222

147	150	1190

169	150	1254

146	151	1199

168	151	1245

144	152	1217

145	152	1239

167	152	1243

144	153	1199

167	153	1257

142	154	1205

143	154	1192

166	154	1235

142	155	1196

166	155	1242

141	156	1205

166	156	1249

141	157	1211

165	157	1233

142	158	1208

165	158	1238

142	159	1216

165	159	1239

142	160	1216

165	160	1242

140	161	1182

141	161	1223

165	161	1247

141	162	1225

165	162	1241

141	163	1223

164	163	1236

141	164	1221

164	164	1241

141	165	1222

164	165	1251

141	166	1225

163	166	1247

141	167	1227

163	167	1258

142	168	1224

163	168	1273

142	169	1226

162	169	1251

142	170	1227

161	170	1233

142	171	1227

161	171	1249

142	172	1230

161	172	1264

141	173	1236

161	173	1274

142	174	1243

161	174	1283

142	175	1247

160	175	1273

142	176	1280

160	176	1282

143	177	1261

159	177	1289

160	177	1302

143	178	1244

158	178	1290

144	179	1251

158	179	1313

144	180	1257

157	180	1295

144	181	1261

157	181	1301

144	182	1264

157	182	1309

144	183	1273

156	183	1303

144	184	1274

156	184	1309

145	185	1281

156	185	1314

145	186	1289

156	186	1316

145	187	1302

155	187	1315

145	188	1310

154	188	1312

146	189	1308

153	189	1312

146	190	1314

147	190	1313

148	190	1312

149	190	1311

150	190	1314

151	190	1314

152	190	1315

153	190	1318

