181	126	1293

182	126	1296

197	126	1312

198	126	1309

199	126	1324

179	127	1290

180	127	1279

183	127	1287

196	127	1314

200	127	1328

178	128	1268

184	128	1289

196	128	1307

200	128	1308

179	129	1276

185	129	1289

186	129	1320

196	129	1307

200	129	1305

179	130	1288

187	130	1314

196	130	1308

201	130	1328

180	131	1286

188	131	1326

196	131	1309

201	131	1325

181	132	1284

189	132	1320

190	132	1338

194	132	1331

195	132	1333

201	132	1321

180	133	1303

191	133	1372

193	133	1355

201	133	1317

181	134	1301

190	134	1315

192	134	1331

193	134	1321

194	134	1347

195	134	1320

202	134	1342

181	135	1318

182	135	1302

191	135	1294

192	135	1309

196	135	1314

203	135	1365

183	136	1298

193	136	1350

196	136	1303

202	136	1327

184	137	1292

194	137	1343

195	137	1334

202	137	1328

184	138	1278

193	138	1364

194	138	1354

195	138	1349

202	138	1326

185	139	1295

192	139	1336

196	139	1328

203	139	1355

185	140	1295

192	140	1328

197	140	1310

203	140	1355

186	141	1293

192	141	1319

197	141	1311

203	141	1362

186	142	1302

193	142	1356

197	142	1311

202	142	1334

187	143	1296

193	143	1342

197	143	1310

202	143	1343

187	144	1301

193	144	1335

196	144	1314

202	144	1347

188	145	1299

194	145	1344

195	145	1321

202	145	1349

188	146	1303

202	146	1347

185	147	1322

186	147	1332

187	147	1331

202	147	1342

184	148	1288

202	148	1336

183	149	1298

202	149	1332

180	150	1363

183	150	1284

202	150	1330

181	151	1389

182	151	1302

202	151	1329

181	152	1382

183	152	1277

202	152	1326

181	153	1371

182	153	1322

203	153	1360

181	154	1367

203	154	1341

180	155	1353

203	155	1329

180	156	1329

204	156	1365

179	157	1361

204	157	1351

180	158	1300

204	158	1344

179	159	1357

204	159	1338

179	160	1373

205	160	1385

179	161	1380

204	161	1340

179	162	1349

204	162	1345

179	163	1334

205	163	1392

179	164	1362

205	164	1389

180	165	1317

205	165	1386

179	166	1342

180	166	1316

205	166	1392

181	167	1308

204	167	1344

180	168	1336

204	168	1350

179	169	1348

180	169	1350

204	169	1360

179	170	1356

181	170	1317

204	170	1371

182	171	1309

203	171	1346

180	172	1384

181	172	1350

203	172	1363

182	173	1350

203	173	1376

183	174	1362

203	174	1384

184	175	1371

203	175	1387

185	176	1346

203	176	1388

184	177	1391

186	177	1351

203	177	1389

185	178	1387

187	178	1331

203	178	1389

185	179	1374

186	179	1365

203	179	1393

185	180	1368

186	180	1381

202	180	1372

187	181	1365

202	181	1378

188	182	1358

202	182	1382

185	183	1368

188	183	1350

202	183	1389

188	184	1350

201	184	1375

187	185	1359

201	185	1382

186	186	1392

201	186	1384

187	187	1373

201	187	1386

187	188	1360

201	188	1389

186	189	1378

201	189	1390

185	190	1378

187	190	1363

201	190	1391

187	191	1369

201	191	1393

188	192	1365

200	192	1387

187	193	1390

200	193	1392

188	194	1368

199	194	1387

186	195	1376

187	195	1344

199	195	1390

188	196	1383

199	196	1390

189	197	1387

199	197	1392

186	198	1358

189	198	1388

198	198	1389

189	199	1393

195	199	1390

197	199	1392

198	199	1393

190	200	1392

191	200	1389

192	200	1387

194	200	1391

196	200	1393

193	201	1393

186	210	1368

