204	124	1645

205	124	1648

204	125	1648

205	125	1651

204	126	1652

205	126	1654

204	127	1657

205	127	1657

203	128	1659

205	128	1660

203	129	1660

205	129	1663

213	129	1656

214	129	1673

215	129	1671

216	129	1674

202	130	1640

205	130	1664

213	130	1675

216	130	1673

202	131	1662

205	131	1667

212	131	1677

216	131	1681

202	132	1666

205	132	1668

211	132	1674

216	132	1685

201	133	1675

205	133	1670

210	133	1625

215	133	1683

201	134	1646

206	134	1670

209	134	1641

215	134	1689

201	135	1607

207	135	1693

209	135	1689

214	135	1689

201	136	1658

207	136	1696

209	136	1686

214	136	1696

201	137	1663

208	137	1690

214	137	1700

200	138	1704

214	138	1700

200	139	1703

213	139	1694

199	140	1637

213	140	1697

198	141	1651

212	141	1697

197	142	1657

212	142	1701

195	143	1640

196	143	1649

211	143	1703

193	144	1626

194	144	1643

211	144	1705

192	145	1654

210	145	1695

192	146	1660

210	146	1691

191	147	1660

209	147	1676

191	148	1677

209	148	1668

190	149	1644

209	149	1664

191	150	1669

209	150	1664

191	151	1673

209	151	1669

190	152	1678

209	152	1671

191	153	1677

209	153	1675

191	154	1679

209	154	1679

191	155	1681

209	155	1687

191	156	1684

208	156	1685

191	157	1688

208	157	1697

191	158	1705

207	158	1701

192	159	1688

206	159	1713

191	160	1692

206	160	1736

191	161	1689

205	161	1738

191	162	1690

204	162	1721

190	163	1705

204	163	1724

190	164	1696

203	164	1721

189	165	1701

203	165	1728

188	166	1711

203	166	1736

188	167	1700

202	167	1735

187	168	1677

202	168	1744

187	169	1701

202	169	1751

186	170	1710

201	170	1748

186	171	1700

200	171	1745

185	172	1693

200	172	1748

184	173	1719

200	173	1755

184	174	1713

199	174	1744

183	175	1716

199	175	1754

183	176	1713

198	176	1746

182	177	1721

198	177	1753

182	178	1717

198	178	1760

181	179	1712

197	179	1753

181	180	1714

197	180	1759

180	181	1734

196	181	1752

180	182	1727

196	182	1760

179	183	1737

180	183	1719

181	183	1707

182	183	1704

183	183	1701

184	183	1702

185	183	1700

186	183	1699

187	183	1700

188	183	1703

189	183	1708

190	183	1708

191	183	1710

192	183	1712

193	183	1720

194	183	1729

195	183	1745

