169	95	1374

170	95	1372

171	95	1385

169	96	1369

172	96	1382

168	97	1370

172	97	1376

168	98	1374

172	98	1374

168	99	1376

172	99	1375

168	100	1377

172	100	1376

182	100	1407

183	100	1407

184	100	1414

168	101	1374

172	101	1379

181	101	1406

184	101	1407

168	102	1376

173	102	1370

181	102	1402

185	102	1419

168	103	1377

173	103	1385

180	103	1398

185	103	1421

168	104	1377

173	104	1386

180	104	1405

185	104	1427

168	105	1375

173	105	1388

180	105	1406

184	105	1414

168	106	1379

173	106	1389

179	106	1410

184	106	1421

168	107	1383

173	107	1395

179	107	1407

184	107	1427

167	108	1349

173	108	1397

178	108	1399

184	108	1424

168	109	1383

173	109	1397

178	109	1405

183	109	1417

168	110	1383

174	110	1420

177	110	1404

183	110	1418

168	111	1384

174	111	1418

177	111	1408

183	111	1425

168	112	1385

174	112	1424

177	112	1408

182	112	1419

168	113	1389

175	113	1391

176	113	1417

182	113	1424

168	114	1394

182	114	1427

168	115	1395

182	115	1427

167	116	1373

181	116	1426

164	117	1390

165	117	1383

166	117	1374

181	117	1432

163	118	1408

165	118	1369

181	118	1433

162	119	1359

164	119	1382

180	119	1421

161	120	1401

180	120	1423

159	121	1395

160	121	1397

180	121	1425

159	122	1378

180	122	1428

158	123	1386

180	123	1427

157	124	1405

180	124	1421

157	125	1393

180	125	1410

157	126	1391

180	126	1399

157	127	1390

181	127	1402

156	128	1411

182	128	1411

156	129	1417

182	129	1411

156	130	1411

182	130	1418

156	131	1432

181	131	1416

156	132	1428

181	132	1421

156	133	1408

181	133	1429

156	134	1407

181	134	1435

157	135	1406

181	135	1409

157	136	1407

180	136	1442

157	137	1402

179	137	1437

157	138	1436

178	138	1440

158	139	1421

178	139	1457

157	140	1457

177	140	1460

158	141	1424

176	141	1461

157	142	1451

176	142	1468

157	143	1450

175	143	1453

157	144	1424

175	144	1453

157	145	1427

174	145	1449

156	146	1440

174	146	1455

155	147	1405

174	147	1462

156	148	1402

173	148	1460

155	149	1388

173	149	1464

154	150	1351

173	150	1469

154	151	1410

172	151	1471

153	152	1443

172	152	1473

153	153	1447

171	153	1469

153	154	1423

171	154	1473

152	155	1411

171	155	1478

152	156	1421

170	156	1474

151	157	1442

170	157	1477

151	158	1432

170	158	1485

150	159	1417

169	159	1477

150	160	1425

169	160	1478

148	161	1355

149	161	1433

169	161	1483

149	162	1432

169	162	1489

149	163	1438

168	163	1481

148	164	1436

168	164	1484

148	165	1425

168	165	1490

147	166	1435

167	166	1480

147	167	1432

148	167	1432

149	167	1432

150	167	1429

151	167	1426

152	167	1421

153	167	1422

154	167	1423

155	167	1424

156	167	1423

157	167	1424

158	167	1427

159	167	1428

160	167	1429

161	167	1431

162	167	1436

163	167	1444

164	167	1448

165	167	1458

166	167	1469

167	167	1488

