152	126	1203

153	126	1204

154	126	1218

151	127	1199

154	127	1202

151	128	1197

155	128	1209

151	129	1201

155	129	1204

151	130	1204

156	130	1217

151	131	1191

156	131	1214

172	131	1249

173	131	1241

174	131	1249

152	132	1201

156	132	1210

172	132	1230

175	132	1234

152	133	1202

156	133	1208

171	133	1215

175	133	1233

152	134	1201

157	134	1219

171	134	1224

175	134	1236

152	135	1196

157	135	1214

170	135	1232

175	135	1241

153	136	1200

157	136	1208

170	136	1227

175	136	1243

153	137	1203

158	137	1225

170	137	1224

175	137	1251

153	138	1207

158	138	1221

169	138	1227

174	138	1233

153	139	1211

158	139	1215

169	139	1229

174	139	1237

153	140	1211

159	140	1220

169	140	1221

174	140	1240

153	141	1212

159	141	1226

168	141	1228

174	141	1246

153	142	1188

159	142	1224

168	142	1223

173	142	1231

154	143	1206

159	143	1220

167	143	1229

173	143	1236

154	144	1206

159	144	1219

166	144	1230

173	144	1241

154	145	1206

160	145	1227

166	145	1224

172	145	1228

154	146	1208

161	146	1240

165	146	1225

172	146	1240

154	147	1210

161	147	1260

164	147	1213

172	147	1243

154	148	1212

161	148	1264

164	148	1225

171	148	1237

149	149	1203

150	149	1191

151	149	1192

152	149	1201

154	149	1213

162	149	1226

163	149	1227

171	149	1245

148	150	1200

153	150	1206

170	150	1236

148	151	1189

170	151	1239

147	152	1207

169	152	1234

146	153	1195

169	153	1250

145	154	1197

169	154	1261

145	155	1205

168	155	1238

144	156	1205

168	156	1241

143	157	1205

168	157	1238

143	158	1198

167	158	1235

144	159	1192

167	159	1238

143	160	1253

167	160	1242

143	161	1258

167	161	1246

144	162	1218

167	162	1247

143	163	1229

167	163	1243

142	164	1233

166	164	1237

142	165	1220

166	165	1240

143	166	1236

166	166	1244

143	167	1241

166	167	1256

142	168	1237

165	168	1252

143	169	1247

165	169	1269

144	170	1232

164	170	1237

144	171	1236

164	171	1257

143	172	1268

163	172	1241

143	173	1266

164	173	1287

144	174	1241

163	174	1261

144	175	1250

163	175	1267

145	176	1239

163	176	1274

146	177	1236

163	177	1292

146	178	1251

162	178	1290

147	179	1255

161	179	1292

146	180	1272

160	180	1286

146	181	1270

160	181	1302

147	182	1265

160	182	1306

147	183	1273

159	183	1293

148	184	1275

159	184	1301

149	185	1277

158	185	1300

149	186	1279

157	186	1303

149	187	1285

156	187	1300

150	188	1294

151	188	1296

152	188	1301

153	188	1302

154	188	1303

155	188	1303

156	188	1306

150	189	1305

