185	157	1792

186	157	1786

187	157	1793

198	157	1792

199	157	1790

185	158	1787

188	158	1797

197	158	1793

199	158	1791

185	159	1790

188	159	1787

197	159	1794

199	159	1792

185	160	1827

186	160	1791

189	160	1792

197	160	1792

199	160	1791

187	161	1787

189	161	1785

197	161	1794

199	161	1792

187	162	1794

190	162	1794

197	162	1796

199	162	1794

188	163	1787

190	163	1788

197	163	1799

199	163	1797

188	164	1792

191	164	1795

197	164	1803

199	164	1796

188	165	1801

191	165	1791

197	165	1803

200	165	1800

189	166	1797

192	166	1798

196	166	1807

200	166	1800

189	167	1801

192	167	1798

196	167	1807

200	167	1807

189	168	1804

193	168	1802

195	168	1830

199	168	1798

190	169	1796

194	169	1816

199	169	1798

190	170	1795

199	170	1797

189	171	1776

199	171	1799

187	172	1759

188	172	1762

199	172	1796

186	173	1756

199	173	1794

185	174	1772

200	174	1809

186	175	1766

199	175	1794

184	176	1783

185	176	1770

200	176	1801

184	177	1771

200	177	1794

184	178	1771

200	178	1797

184	179	1781

200	179	1801

185	180	1771

200	180	1807

185	181	1781

200	181	1810

184	182	1812

200	182	1811

185	183	1794

200	183	1810

185	184	1798

200	184	1807

185	185	1803

200	185	1810

185	186	1810

200	186	1809

185	187	1812

200	187	1813

186	188	1798

200	188	1816

186	189	1806

200	189	1822

187	190	1799

200	190	1824

187	191	1817

200	191	1828

188	192	1806

189	192	1793

201	192	1862

190	193	1800

201	193	1854

190	194	1815

201	194	1853

190	195	1826

202	195	1881

190	196	1837

202	196	1883

191	197	1824

202	197	1875

191	198	1829

202	198	1878

191	199	1837

202	199	1879

192	200	1825

202	200	1881

192	201	1833

202	201	1875

192	202	1842

202	202	1866

192	203	1852

203	203	1887

192	204	1860

203	204	1883

192	205	1861

203	205	1881

193	206	1857

203	206	1878

194	207	1851

203	207	1878

194	208	1853

204	208	1883

194	209	1862

204	209	1879

194	210	1874

204	210	1875

195	211	1870

205	211	1887

195	212	1878

205	212	1886

196	213	1869

205	213	1882

196	214	1878

205	214	1885

197	215	1874

205	215	1886

198	216	1874

204	216	1884

198	217	1885

199	217	1876

200	217	1874

201	217	1874

202	217	1879

203	217	1879

204	217	1887

