168	97	1379

167	98	1381

169	98	1382

170	98	1386

167	99	1382

171	99	1391

166	100	1351

171	100	1397

167	101	1387

171	101	1398

167	102	1389

171	102	1398

181	102	1416

182	102	1426

167	103	1391

171	103	1399

180	103	1411

182	103	1415

167	104	1392

171	104	1401

179	104	1411

183	104	1423

167	105	1393

171	105	1402

179	105	1414

183	105	1423

167	106	1394

171	106	1403

179	106	1414

183	106	1426

166	107	1365

171	107	1404

178	107	1424

183	107	1433

166	108	1397

171	108	1405

178	108	1420

183	108	1425

166	109	1396

171	109	1407

177	109	1421

182	109	1429

166	110	1397

171	110	1412

177	110	1418

182	110	1435

166	111	1398

171	111	1414

176	111	1413

182	111	1438

166	112	1399

172	112	1429

176	112	1427

181	112	1427

166	113	1402

173	113	1471

174	113	1446

176	113	1422

181	113	1432

166	114	1400

172	114	1425

174	114	1439

175	114	1428

181	114	1441

166	115	1401

173	115	1420

181	115	1438

167	116	1404

180	116	1436

167	117	1407

180	117	1437

166	118	1404

180	118	1443

163	119	1393

164	119	1384

165	119	1387

179	119	1437

163	120	1389

178	120	1434

162	121	1396

178	121	1434

160	122	1414

161	122	1406

178	122	1435

159	123	1403

178	123	1437

157	124	1396

158	124	1397

178	124	1437

156	125	1388

178	125	1436

156	126	1406

178	126	1430

155	127	1431

179	127	1443

155	128	1434

179	128	1428

155	129	1402

180	129	1421

155	130	1407

181	130	1400

154	131	1417

180	131	1421

154	132	1407

180	132	1397

155	133	1409

179	133	1430

155	134	1421

179	134	1435

155	135	1418

178	135	1434

155	136	1406

178	136	1442

155	137	1427

177	137	1436

155	138	1453

177	138	1443

155	139	1447

177	139	1451

156	140	1452

176	140	1456

155	141	1404

157	141	1421

176	141	1475

156	142	1421

175	142	1479

156	143	1426

174	143	1474

155	144	1449

174	144	1476

155	145	1431

173	145	1469

155	146	1436

173	146	1475

155	147	1449

172	147	1467

155	148	1435

172	148	1473

154	149	1427

172	149	1479

154	150	1433

171	150	1477

154	151	1433

171	151	1490

153	152	1433

171	152	1497

152	153	1432

170	153	1496

152	154	1428

170	154	1496

151	155	1441

169	155	1490

151	156	1449

169	156	1493

151	157	1443

169	157	1497

150	158	1439

169	158	1501

150	159	1431

168	159	1497

150	160	1437

168	160	1500

149	161	1448

168	161	1504

148	162	1435

168	162	1509

148	163	1441

167	163	1501

148	164	1438

167	164	1503

147	165	1422

166	165	1498

147	166	1435

166	166	1500

146	167	1451

166	167	1506

146	168	1450

166	168	1506

145	169	1440

146	169	1451

147	169	1447

148	169	1444

149	169	1444

150	169	1443

151	169	1442

152	169	1441

153	169	1442

154	169	1441

155	169	1443

156	169	1443

157	169	1446

158	169	1446

159	169	1448

160	169	1452

161	169	1456

162	169	1462

163	169	1470

164	169	1481

165	169	1495

166	169	1509

