182	152	1752

183	152	1752

181	153	1765

184	153	1752

195	153	1767

196	153	1765

182	154	1757

185	154	1760

194	154	1764

197	154	1770

182	155	1773

185	155	1761

194	155	1768

197	155	1767

183	156	1766

186	156	1762

194	156	1770

197	156	1765

184	157	1755

187	157	1760

194	157	1770

197	157	1763

184	158	1757

187	158	1758

194	158	1759

197	158	1768

185	159	1755

188	159	1768

194	159	1779

197	159	1768

185	160	1759

188	160	1763

194	160	1780

197	160	1769

185	161	1760

189	161	1765

194	161	1770

197	161	1764

185	162	1773

189	162	1762

193	162	1780

197	162	1765

185	163	1746

189	163	1762

193	163	1775

197	163	1765

186	164	1766

190	164	1769

193	164	1767

197	164	1768

186	165	1777

191	165	1777

192	165	1776

197	165	1771

187	166	1765

196	166	1762

185	167	1725

186	167	1747

196	167	1758

183	168	1724

184	168	1720

196	168	1755

183	169	1727

197	169	1766

182	170	1748

197	170	1767

182	171	1743

197	171	1768

182	172	1732

197	172	1767

181	173	1732

197	173	1763

181	174	1731

197	174	1766

181	175	1742

197	175	1766

181	176	1759

197	176	1769

181	177	1761

197	177	1765

181	178	1761

197	178	1768

181	179	1764

197	179	1765

181	180	1766

197	180	1767

181	181	1766

197	181	1767

181	182	1773

197	182	1774

181	183	1768

197	183	1782

182	184	1760

197	184	1786

182	185	1780

197	185	1790

183	186	1762

197	186	1796

184	187	1758

197	187	1803

185	188	1762

197	188	1805

185	189	1788

197	189	1802

186	190	1768

197	190	1805

186	191	1777

198	191	1831

187	192	1770

198	192	1831

186	193	1802

198	193	1833

187	194	1776

198	194	1839

187	195	1781

198	195	1840

187	196	1791

198	196	1837

187	197	1807

198	197	1835

188	198	1786

198	198	1831

188	199	1792

198	199	1831

188	200	1800

198	200	1830

188	201	1813

199	201	1850

188	202	1818

199	202	1842

189	203	1806

199	203	1839

189	204	1809

199	204	1838

189	205	1816

199	205	1837

189	206	1827

200	206	1845

189	207	1840

200	207	1839

190	208	1822

200	208	1837

190	209	1833

200	209	1840

190	210	1845

201	210	1850

191	211	1834

200	211	1843

191	212	1844

200	212	1843

192	213	1842

200	213	1845

193	214	1836

194	214	1831

195	214	1831

196	214	1831

197	214	1832

198	214	1835

199	214	1841

200	214	1848

