169	97	1383

168	98	1383

170	98	1386

167	99	1385

171	99	1391

167	100	1386

171	100	1393

167	101	1391

171	101	1395

167	102	1389

171	102	1395

182	102	1419

167	103	1390

172	103	1399

180	103	1422

181	103	1414

183	103	1420

167	104	1387

172	104	1397

180	104	1420

184	104	1426

167	105	1389

172	105	1409

180	105	1420

183	105	1423

167	106	1398

172	106	1413

179	106	1417

183	106	1427

167	107	1399

172	107	1414

179	107	1415

183	107	1433

167	108	1401

172	108	1412

178	108	1418

183	108	1434

167	109	1402

172	109	1410

178	109	1417

183	109	1438

167	110	1401

172	110	1412

177	110	1419

182	110	1427

167	111	1399

172	111	1415

177	111	1427

182	111	1432

167	112	1401

173	112	1446

175	112	1415

177	112	1424

182	112	1436

167	113	1406

173	113	1429

175	113	1437

176	113	1429

182	113	1442

167	114	1407

174	114	1405

181	114	1435

167	115	1409

181	115	1440

167	116	1412

180	116	1433

167	117	1415

180	117	1438

165	118	1421

167	118	1412

180	118	1445

164	119	1398

166	119	1394

179	119	1440

163	120	1399

179	120	1442

161	121	1435

162	121	1404

179	121	1445

160	122	1416

179	122	1447

158	123	1404

159	123	1412

179	123	1447

157	124	1430

179	124	1443

157	125	1414

179	125	1438

156	126	1416

179	126	1444

156	127	1408

179	127	1434

155	128	1418

179	128	1422

155	129	1435

180	129	1426

155	130	1452

181	130	1382

155	131	1451

180	131	1427

155	132	1457

180	132	1432

155	133	1438

180	133	1438

155	134	1427

180	134	1444

155	135	1414

179	135	1438

156	136	1423

178	136	1435

156	137	1432

178	137	1443

156	138	1434

178	138	1449

156	139	1431

177	139	1448

156	140	1482

177	140	1460

157	141	1442

176	141	1468

157	142	1413

175	142	1475

157	143	1437

175	143	1481

157	144	1443

174	144	1474

156	145	1456

174	145	1472

155	146	1419

173	146	1471

155	147	1442

173	147	1479

155	148	1434

172	148	1476

155	149	1442

172	149	1483

154	150	1458

172	150	1489

154	151	1447

171	151	1487

154	152	1442

171	152	1489

154	153	1435

171	153	1493

153	154	1434

170	154	1487

152	155	1443

170	155	1492

152	156	1442

170	156	1497

151	157	1459

169	157	1490

150	158	1421

169	158	1493

150	159	1441

169	159	1496

149	160	1430

168	160	1494

149	161	1444

168	161	1500

149	162	1446

168	162	1504

148	163	1431

168	163	1510

148	164	1443

167	164	1500

147	165	1444

167	165	1503

147	166	1444

167	166	1504

147	167	1452

166	167	1501

146	168	1447

147	168	1452

148	168	1449

149	168	1446

150	168	1444

151	168	1441

152	168	1441

153	168	1443

154	168	1443

155	168	1443

156	168	1444

157	168	1447

158	168	1448

159	168	1448

160	168	1449

161	168	1453

162	168	1459

163	168	1468

164	168	1478

165	168	1493

166	168	1508

