177	128	1311

178	128	1300

179	128	1300

180	128	1311

194	128	1340

195	128	1336

196	128	1353

176	129	1302

181	129	1304

182	129	1301

193	129	1335

197	129	1352

176	130	1288

183	130	1300

193	130	1325

197	130	1333

176	131	1280

183	131	1313

191	131	1376

192	131	1333

197	131	1326

176	132	1295

183	132	1307

190	132	1374

198	132	1339

176	133	1279

177	133	1303

184	133	1309

191	133	1349

192	133	1345

199	133	1357

178	134	1305

185	134	1335

193	134	1329

199	134	1362

179	135	1302

186	135	1337

187	135	1339

188	135	1375

189	135	1383

193	135	1325

198	135	1326

180	136	1299

187	136	1335

188	136	1358

189	136	1377

190	136	1395

191	136	1362

192	136	1340

199	136	1354

180	137	1305

186	137	1325

190	137	1361

191	137	1340

192	137	1348

199	137	1352

181	138	1301

186	138	1316

193	138	1335

199	138	1342

181	139	1307

187	139	1330

194	139	1326

200	139	1371

182	140	1304

188	140	1340

194	140	1331

200	140	1371

182	141	1312

189	141	1345

194	141	1332

199	141	1341

182	142	1314

189	142	1343

194	142	1330

199	142	1346

183	143	1309

189	143	1332

194	143	1327

199	143	1351

183	144	1314

190	144	1372

194	144	1324

199	144	1354

184	145	1310

190	145	1347

194	145	1323

199	145	1355

184	146	1301

191	146	1340

193	146	1331

199	146	1355

185	147	1316

191	147	1339

193	147	1325

199	147	1356

185	148	1319

192	148	1323

199	148	1352

183	149	1324

184	149	1340

199	149	1350

182	150	1305

199	150	1348

180	151	1324

181	151	1297

199	151	1346

179	152	1342

199	152	1343

179	153	1325

199	153	1339

179	154	1354

200	154	1374

178	155	1347

200	155	1358

178	156	1345

200	156	1347

178	157	1314

200	157	1340

177	158	1332

201	158	1377

177	159	1340

201	159	1365

177	160	1316

201	160	1352

177	161	1330

202	161	1383

177	162	1332

202	162	1387

176	163	1368

202	163	1409

176	164	1360

201	164	1372

177	165	1321

201	165	1368

178	166	1313

202	166	1402

178	167	1318

202	167	1395

177	168	1296

202	168	1395

177	169	1315

202	169	1393

178	170	1333

202	170	1396

178	171	1344

202	171	1404

178	172	1359

201	172	1380

179	173	1337

201	173	1390

180	174	1334

201	174	1397

181	175	1339

201	175	1405

181	176	1367

200	176	1383

182	177	1362

200	177	1383

182	178	1346

200	178	1386

182	179	1348

200	179	1391

183	180	1404

200	180	1394

183	181	1407

200	181	1397

184	182	1383

200	182	1401

185	183	1373

200	183	1405

186	184	1365

200	184	1410

186	185	1375

199	185	1393

186	186	1373

199	186	1399

185	187	1377

199	187	1402

184	188	1403

199	188	1406

184	189	1396

199	189	1406

185	190	1399

199	190	1406

186	191	1375

199	191	1407

185	192	1391

199	192	1410

186	193	1368

198	193	1401

184	194	1396

185	194	1368

198	194	1405

183	195	1383

185	195	1404

198	195	1408

186	196	1395

198	196	1410

185	197	1403

198	197	1411

185	198	1397

186	198	1394

197	198	1407

187	199	1403

197	199	1410

187	200	1408

196	200	1409

185	201	1411

188	201	1408

195	201	1410

188	202	1408

194	202	1408

188	203	1410

189	203	1410

190	203	1409

192	203	1410

193	203	1411

191	204	1411

185	206	1389

186	206	1402

185	207	1381

186	212	1402

186	213	1404

