168	95	1364

169	95	1363

170	95	1365

171	95	1373

167	96	1340

172	96	1371

167	97	1367

172	97	1372

168	98	1364

172	98	1371

168	99	1364

172	99	1372

183	99	1411

184	99	1411

168	100	1365

172	100	1373

182	100	1399

185	100	1409

168	101	1367

172	101	1376

181	101	1376

185	101	1402

168	102	1368

172	102	1377

181	102	1393

185	102	1403

168	103	1370

173	103	1371

181	103	1392

185	103	1406

168	104	1373

173	104	1381

181	104	1392

185	104	1406

168	105	1373

173	105	1382

180	105	1396

185	105	1408

168	106	1374

173	106	1383

180	106	1394

185	106	1411

168	107	1373

173	107	1383

179	107	1399

184	107	1405

168	108	1375

173	108	1384

179	108	1394

184	108	1410

168	109	1376

173	109	1382

178	109	1391

184	109	1416

168	110	1378

174	110	1378

178	110	1397

184	110	1420

168	111	1379

175	111	1435

178	111	1399

183	111	1409

168	112	1380

176	112	1419

177	112	1402

183	112	1411

168	113	1378

175	113	1444

177	113	1400

183	113	1416

168	114	1380

176	114	1401

182	114	1405

168	115	1380

182	115	1411

165	116	1384

166	116	1368

167	116	1357

182	116	1419

164	117	1378

181	117	1415

164	118	1358

181	118	1419

163	119	1354

181	119	1421

162	120	1365

181	120	1420

161	121	1368

181	121	1420

159	122	1382

160	122	1373

181	122	1413

159	123	1375

180	123	1381

158	124	1382

181	124	1379

157	125	1420

181	125	1371

157	126	1367

182	126	1394

157	127	1382

182	127	1391

157	128	1388

183	128	1410

157	129	1380

184	129	1410

157	130	1384

184	130	1410

157	131	1380

183	131	1405

157	132	1393

183	132	1414

157	133	1411

183	133	1420

157	134	1392

182	134	1419

183	134	1430

157	135	1440

181	135	1419

158	136	1399

181	136	1426

158	137	1408

180	137	1423

158	138	1439

180	138	1435

158	139	1429

179	139	1439

159	140	1408

178	140	1453

159	141	1416

177	141	1463

158	142	1438

177	142	1466

158	143	1426

176	143	1453

157	144	1406

175	144	1449

158	145	1412

175	145	1453

157	146	1414

175	146	1459

156	147	1408

174	147	1454

156	148	1410

174	148	1466

155	149	1397

173	149	1466

155	150	1402

173	150	1474

155	151	1410

173	151	1477

155	152	1415

172	152	1471

154	153	1413

172	153	1472

153	154	1437

172	154	1472

152	155	1427

171	155	1470

153	156	1414

171	156	1473

152	157	1414

171	157	1475

151	158	1427

171	158	1478

151	159	1422

170	159	1472

150	160	1418

170	160	1477

149	161	1394

169	161	1474

150	162	1434

169	162	1480

149	163	1432

168	163	1472

149	164	1426

168	164	1474

148	165	1425

168	165	1480

148	166	1428

168	166	1484

147	167	1418

148	167	1426

149	167	1426

150	167	1424

151	167	1424

152	167	1422

153	167	1424

154	167	1422

155	167	1422

156	167	1422

157	167	1424

158	167	1424

159	167	1424

160	167	1424

161	167	1426

162	167	1431

163	167	1436

164	167	1442

165	167	1451

166	167	1461

167	167	1476

