155	130	1285

156	130	1286

154	131	1286

157	131	1288

154	132	1287

158	132	1290

154	133	1290

158	133	1294

154	134	1291

158	134	1294

155	135	1289

158	135	1292

155	136	1292

159	136	1295

155	137	1293

159	137	1300

174	137	1321

175	137	1320

176	137	1325

156	138	1289

159	138	1296

173	138	1321

176	138	1320

156	139	1289

159	139	1294

173	139	1316

176	139	1323

156	140	1290

160	140	1286

172	140	1323

176	140	1326

155	141	1292

160	141	1300

172	141	1318

176	141	1328

155	142	1293

160	142	1301

171	142	1302

176	142	1333

155	143	1292

160	143	1303

170	143	1306

175	143	1322

155	144	1290

160	144	1304

170	144	1313

175	144	1326

156	145	1293

160	145	1303

169	145	1321

175	145	1335

156	146	1296

161	146	1301

169	146	1312

174	146	1323

156	147	1293

161	147	1307

168	147	1314

174	147	1330

156	148	1295

161	148	1305

167	148	1312

174	148	1334

157	149	1296

162	149	1306

165	149	1303

166	149	1310

173	149	1324

153	150	1284

156	150	1298

162	150	1318

164	150	1331

172	150	1318

152	151	1275

154	151	1276

155	151	1284

163	151	1323

172	151	1322

150	152	1268

151	152	1273

172	152	1322

149	153	1256

171	153	1329

149	154	1325

170	154	1323

149	155	1329

170	155	1326

148	156	1282

169	156	1327

147	157	1274

169	157	1333

146	158	1277

168	158	1319

146	159	1281

168	159	1322

146	160	1285

168	160	1323

146	161	1294

167	161	1315

145	162	1302

167	162	1317

145	163	1303

167	163	1319

145	164	1306

167	164	1321

145	165	1306

166	165	1314

145	166	1304

167	166	1309

145	167	1305

166	167	1327

144	168	1322

165	168	1317

144	169	1315

165	169	1315

145	170	1307

165	170	1323

144	171	1316

164	171	1311

144	172	1320

164	172	1324

144	173	1332

164	173	1344

144	174	1347

163	174	1336

145	175	1324

163	175	1353

145	176	1337

163	176	1362

146	177	1327

162	177	1362

146	178	1341

162	178	1365

145	179	1363

161	179	1364

146	180	1345

160	180	1370

146	181	1346

160	181	1390

146	182	1346

159	182	1374

146	183	1342

159	183	1380

146	184	1345

159	184	1386

146	185	1349

159	185	1399

146	186	1356

158	186	1385

145	187	1373

158	187	1391

145	188	1372

158	188	1395

145	189	1373

158	189	1402

145	190	1365

157	190	1395

145	191	1371

157	191	1400

145	192	1381

156	192	1393

145	193	1387

156	193	1399

145	194	1396

155	194	1397

145	195	1399

155	195	1402

146	196	1399

153	196	1399

154	196	1398

146	197	1402

147	197	1400

151	197	1402

152	197	1401

148	198	1402

149	198	1401

150	198	1401

