185	156	1774

186	156	1774

198	156	1785

199	156	1787

185	157	1771

187	157	1773

197	157	1788

199	157	1786

185	158	1779

188	158	1779

197	158	1793

199	158	1786

186	159	1778

189	159	1782

197	159	1795

199	159	1789

186	160	1786

189	160	1781

197	160	1797

199	160	1787

187	161	1779

190	161	1788

197	161	1793

199	161	1786

187	162	1785

190	162	1784

197	162	1793

200	162	1793

187	163	1787

191	163	1791

197	163	1794

200	163	1794

188	164	1789

191	164	1786

197	164	1797

200	164	1795

188	165	1800

192	165	1794

197	165	1792

200	165	1797

189	166	1792

192	166	1790

196	166	1802

200	166	1799

189	167	1790

193	167	1797

196	167	1794

200	167	1798

189	168	1795

194	168	1809

195	168	1804

199	168	1787

190	169	1784

199	169	1788

189	170	1798

199	170	1788

188	171	1764

199	171	1787

186	172	1758

187	172	1754

200	172	1792

186	173	1753

200	173	1791

186	174	1751

200	174	1788

185	175	1765

200	175	1786

184	176	1772

200	176	1785

184	177	1763

200	177	1778

184	178	1768

200	178	1779

184	179	1787

200	179	1787

185	180	1773

200	180	1799

185	181	1785

200	181	1805

185	182	1791

200	182	1799

185	183	1789

200	183	1792

185	184	1789

200	184	1788

185	185	1793

201	185	1824

186	186	1785

201	186	1828

186	187	1786

200	187	1808

186	188	1792

200	188	1809

186	189	1801

200	189	1811

187	190	1803

200	190	1814

188	191	1777

201	191	1839

189	192	1797

201	192	1838

190	193	1802

201	193	1838

190	194	1813

202	194	1863

191	195	1802

202	195	1866

191	196	1807

202	196	1866

191	197	1826

202	197	1863

191	198	1834

202	198	1862

191	199	1864

202	199	1860

192	200	1837

202	200	1859

192	201	1848

202	201	1856

192	202	1855

203	202	1876

193	203	1834

203	203	1874

193	204	1840

203	204	1869

193	205	1849

203	205	1873

193	206	1860

203	206	1869

193	207	1874

203	207	1866

194	208	1856

204	208	1876

194	209	1865

204	209	1872

195	210	1858

204	210	1871

195	211	1867

204	211	1870

196	212	1860

204	212	1870

196	213	1872

204	213	1870

197	214	1862

204	214	1872

197	215	1873

204	215	1873

198	216	1872

204	216	1874

199	217	1877

200	217	1872

201	217	1871

202	217	1869

203	217	1874

