184	122	1253

185	122	1253

201	122	1275

202	122	1279

183	123	1245

186	123	1243

187	123	1270

200	123	1267

203	123	1273

183	124	1237

187	124	1247

200	124	1261

204	124	1287

183	125	1241

188	125	1255

200	125	1261

204	125	1275

183	126	1246

189	126	1267

200	126	1262

204	126	1269

184	127	1239

189	127	1254

200	127	1265

204	127	1269

183	128	1265

190	128	1269

200	128	1269

205	128	1303

183	129	1278

191	129	1278

200	129	1271

205	129	1295

182	130	1271

183	130	1257

192	130	1290

200	130	1271

205	130	1284

184	131	1274

185	131	1258

193	131	1299

194	131	1323

200	131	1272

205	131	1281

186	132	1251

194	132	1306

200	132	1274

205	132	1279

186	133	1253

195	133	1333

196	133	1346

197	133	1298

198	133	1355

199	133	1303

205	133	1278

186	134	1266

205	134	1273

185	135	1318

198	135	1333

206	135	1294

186	136	1298

197	136	1344

199	136	1286

206	136	1287

187	137	1303

188	137	1268

197	137	1329

199	137	1291

207	137	1341

189	138	1258

198	138	1311

206	138	1314

190	139	1256

197	139	1308

198	139	1310

206	139	1321

190	140	1264

196	140	1291

199	140	1283

206	140	1321

191	141	1257

196	141	1289

199	141	1276

207	141	1355

191	142	1264

197	142	1287

199	142	1273

206	142	1313

191	143	1268

198	143	1273

205	143	1284

188	144	1276

189	144	1291

190	144	1294

205	144	1285

187	145	1253

205	145	1286

186	146	1267

206	146	1327

186	147	1247

206	147	1323

185	148	1288

206	148	1316

185	149	1289

206	149	1299

183	150	1357

184	150	1354

206	150	1288

184	151	1340

207	151	1313

184	152	1268

208	152	1348

183	153	1280

208	153	1344

183	154	1243

208	154	1344

182	155	1287

208	155	1342

183	156	1253

207	156	1290

180	157	1319

181	157	1332

183	157	1261

207	157	1287

182	158	1282

207	158	1283

182	159	1288

207	159	1283

181	160	1284

207	160	1290

182	161	1296

207	161	1295

182	162	1311

207	162	1298

182	163	1309

208	163	1356

182	164	1303

208	164	1355

183	165	1278

208	165	1356

182	166	1324

207	166	1300

182	167	1327

183	167	1301

207	167	1306

182	168	1360

184	168	1284

207	168	1318

184	169	1304

206	169	1296

185	170	1293

206	170	1314

185	171	1342

206	171	1335

186	172	1343

206	172	1349

187	173	1337

206	173	1355

188	174	1354

206	174	1358

189	175	1331

206	175	1359

189	176	1354

206	176	1362

189	177	1338

205	177	1333

189	178	1344

205	178	1340

189	179	1362

205	179	1347

190	180	1320

205	180	1356

190	181	1315

204	181	1341

190	182	1316

204	182	1349

189	183	1330

204	183	1354

189	184	1335

204	184	1357

189	185	1357

204	185	1360

190	186	1324

203	186	1349

190	187	1338

203	187	1349

189	188	1341

203	188	1351

189	189	1355

203	189	1354

189	190	1360

203	190	1358

189	191	1361

203	191	1361

189	192	1338

202	192	1353

189	193	1305

202	193	1357

189	194	1317

202	194	1361

188	195	1361

189	195	1331

201	195	1358

190	196	1359

191	196	1361

201	196	1360

192	197	1359

200	197	1359

201	197	1362

193	198	1356

198	198	1359

199	198	1361

193	199	1362

194	199	1359

197	199	1361

195	200	1360

196	200	1362

187	201	1355

188	201	1361

187	202	1351

188	202	1330

