150	146	1559

151	146	1560

150	147	1559

152	147	1565

150	148	1562

152	148	1565

151	149	1562

152	149	1564

151	150	1562

153	150	1574

150	151	1563

153	151	1570

150	152	1572

153	152	1566

167	152	1576

168	152	1578

151	153	1562

153	153	1566

166	153	1577

168	153	1581

151	154	1565

153	154	1567

166	154	1575

168	154	1582

151	155	1568

154	155	1575

164	155	1572

165	155	1574

168	155	1585

150	156	1609

154	156	1570

164	156	1571

168	156	1587

150	157	1520

154	157	1571

163	157	1579

167	157	1588

151	158	1568

154	158	1573

162	158	1588

166	158	1584

150	159	1585

154	159	1574

162	159	1576

166	159	1585

151	160	1569

154	160	1573

160	160	1592

161	160	1577

166	160	1586

150	161	1549

155	161	1577

159	161	1591

165	161	1583

149	162	1553

155	162	1575

158	162	1582

165	162	1594

147	163	1542

148	163	1540

156	163	1579

157	163	1586

164	163	1588

146	164	1540

163	164	1580

145	165	1579

162	165	1581

144	166	1570

162	166	1589

143	167	1554

161	167	1586

143	168	1543

161	168	1590

142	169	1568

160	169	1581

142	170	1563

160	170	1588

143	171	1542

159	171	1581

142	172	1565

159	172	1582

142	173	1583

159	173	1581

142	174	1578

159	174	1584

142	175	1573

159	175	1590

142	176	1571

158	176	1586

142	177	1577

158	177	1599

141	178	1597

158	178	1614

142	179	1584

158	179	1629

142	180	1585

157	180	1598

142	181	1593

157	181	1610

142	182	1611

157	182	1621

143	183	1588

156	183	1604

143	184	1600

156	184	1611

144	185	1601

156	185	1618

144	186	1607

155	186	1611

144	187	1606

155	187	1619

144	188	1603

155	188	1624

144	189	1604

155	189	1630

143	190	1606

156	190	1652

143	191	1607

156	191	1657

143	192	1614

155	192	1634

143	193	1613

156	193	1661

143	194	1610

155	194	1639

142	195	1631

155	195	1644

143	196	1617

155	196	1647

142	197	1641

155	197	1647

142	198	1638

155	198	1644

142	199	1629

155	199	1649

142	200	1639

155	200	1654

142	201	1638

155	201	1661

142	202	1635

155	202	1660

142	203	1634

155	203	1661

142	204	1638

154	204	1647

142	205	1643

154	205	1650

142	206	1641

143	206	1632

144	206	1627

145	206	1626

146	206	1624

147	206	1624

148	206	1622

149	206	1623

150	206	1625

151	206	1629

152	206	1633

153	206	1638

154	206	1650

