190	85	1280

191	85	1276

192	85	1297

189	86	1275

193	86	1281

189	87	1271

193	87	1270

188	88	1302

193	88	1274

189	89	1277

193	89	1277

189	90	1278

193	90	1278

189	91	1279

194	91	1306

204	91	1323

205	91	1306

206	91	1334

189	92	1279

194	92	1302

203	92	1313

207	92	1317

189	93	1280

194	93	1318

203	93	1298

207	93	1299

189	94	1281

194	94	1310

202	94	1306

207	94	1303

188	95	1304

194	95	1303

202	95	1297

207	95	1311

188	96	1295

194	96	1297

201	96	1329

207	96	1327

188	97	1292

194	97	1300

201	97	1304

206	97	1302

188	98	1292

195	98	1373

201	98	1297

206	98	1308

188	99	1292

195	99	1373

200	99	1310

206	99	1324

188	100	1295

195	100	1365

200	100	1306

206	100	1365

188	101	1298

195	101	1364

199	101	1320

205	101	1315

188	102	1297

195	102	1366

199	102	1309

205	102	1328

188	103	1299

195	103	1360

198	103	1313

204	103	1314

188	104	1300

195	104	1347

197	104	1316

204	104	1327

188	105	1302

194	105	1297

197	105	1310

204	105	1343

188	106	1299

194	106	1308

196	106	1311

203	106	1319

184	107	1313

188	107	1297

195	107	1341

203	107	1333

183	108	1308

185	108	1274

186	108	1278

187	108	1288

203	108	1354

182	109	1317

202	109	1326

181	110	1332

202	110	1339

179	111	1334

180	111	1307

201	111	1323

178	112	1314

201	112	1333

177	113	1302

201	113	1349

175	114	1363

176	114	1314

201	114	1368

174	115	1338

200	115	1320

175	116	1297

200	116	1325

174	117	1336

200	117	1332

174	118	1332

200	118	1339

174	119	1311

200	119	1332

174	120	1307

200	120	1319

174	121	1308

200	121	1305

174	122	1315

200	122	1304

172	123	1260

173	123	1361

200	123	1314

171	124	1296

200	124	1328

172	125	1325

200	125	1341

173	126	1338

199	126	1315

173	127	1289

199	127	1328

171	128	1342

172	128	1331

199	128	1351

172	129	1339

198	129	1331

172	130	1327

198	130	1346

172	131	1305

198	131	1362

173	132	1312

198	132	1375

174	133	1312

175	133	1325

197	133	1365

198	133	1373

174	134	1304

176	134	1312

196	134	1369

198	134	1376

175	135	1318

195	135	1369

197	135	1372

173	136	1301

174	136	1326

195	136	1374

174	137	1322

195	137	1378

171	138	1328

173	138	1347

194	138	1368

173	139	1348

193	139	1359

173	140	1346

193	140	1365

172	141	1321

193	141	1375

171	142	1319

192	142	1364

170	143	1338

172	143	1328

192	143	1374

171	144	1328

191	144	1367

169	145	1358

170	145	1359

191	145	1375

169	146	1359

190	146	1371

168	147	1299

190	147	1377

169	148	1324

189	148	1368

168	149	1316

189	149	1374

167	150	1290

189	150	1378

166	151	1282

188	151	1370

166	152	1299

188	152	1375

165	153	1341

166	153	1305

187	153	1369

167	154	1340

187	154	1377

166	155	1335

186	155	1366

164	156	1375

165	156	1347

186	156	1373

164	157	1354

186	157	1377

164	158	1328

185	158	1367

164	159	1335

185	159	1374

164	160	1339

184	160	1364

163	161	1327

184	161	1369

162	162	1303

184	162	1372

162	163	1307

184	163	1378

162	164	1354

163	164	1342

164	164	1339

165	164	1336

166	164	1333

167	164	1329

168	164	1329

169	164	1329

170	164	1329

171	164	1329

172	164	1330

173	164	1332

174	164	1332

175	164	1332

176	164	1333

177	164	1335

178	164	1338

179	164	1340

180	164	1344

181	164	1350

182	164	1359

183	164	1371

