185	159	1806

186	159	1802

187	159	1804

197	159	1818

198	159	1807

199	159	1809

185	160	1809

188	160	1812

197	160	1819

199	160	1809

185	161	1814

188	161	1807

197	161	1814

199	161	1807

186	162	1806

189	162	1815

197	162	1815

199	162	1808

186	163	1815

189	163	1806

197	163	1814

199	163	1808

187	164	1806

190	164	1805

197	164	1812

199	164	1809

187	165	1813

190	165	1800

197	165	1810

199	165	1805

187	166	1824

191	166	1809

197	166	1809

199	166	1805

188	167	1812

192	167	1819

196	167	1823

199	167	1806

188	168	1812

192	168	1814

196	168	1810

199	168	1810

189	169	1811

193	169	1824

195	169	1809

199	169	1811

189	170	1817

194	170	1838

199	170	1812

189	171	1823

199	171	1813

190	172	1808

199	172	1813

188	173	1784

189	173	1792

199	173	1813

187	174	1773

199	174	1811

186	175	1770

199	175	1808

186	176	1772

199	176	1805

185	177	1783

200	177	1811

185	178	1779

200	178	1809

184	179	1786

200	179	1807

184	180	1789

200	180	1807

185	181	1782

200	181	1816

185	182	1791

200	182	1824

185	183	1808

200	183	1826

185	184	1812

200	184	1821

185	185	1814

201	185	1841

185	186	1814

200	186	1816

186	187	1804

200	187	1818

186	188	1803

200	188	1825

186	189	1805

200	189	1827

186	190	1812

200	190	1825

186	191	1824

201	191	1850

187	192	1832

201	192	1855

188	193	1837

201	193	1854

189	194	1828

201	194	1851

190	195	1826

202	195	1878

190	196	1838

202	196	1878

190	197	1844

202	197	1872

191	198	1839

203	198	1892

192	199	1836

203	199	1891

192	200	1847

203	200	1894

193	201	1839

203	201	1891

192	202	1868

203	202	1887

192	203	1892

203	203	1883

193	204	1853

203	204	1878

193	205	1865

204	205	1895

193	206	1883

204	206	1892

194	207	1866

204	207	1888

194	208	1879

204	208	1884

195	209	1864

205	209	1895

195	210	1870

205	210	1894

196	211	1871

205	211	1894

196	212	1881

205	212	1891

196	213	1885

205	213	1888

197	214	1879

206	214	1893

197	215	1893

206	215	1893

198	216	1890

206	216	1892

199	217	1889

205	217	1888

200	218	1890

205	218	1891

201	219	1895

202	219	1891

203	219	1891

204	219	1892

