153	139	1334

154	139	1334

153	140	1340

155	140	1343

153	141	1342

155	141	1346

153	142	1343

156	142	1348

153	143	1343

156	143	1344

153	144	1344

156	144	1345

171	144	1360

172	144	1361

173	144	1365

154	145	1344

156	145	1346

170	145	1357

173	145	1367

154	146	1342

157	146	1349

170	146	1359

173	146	1370

154	147	1344

157	147	1349

169	147	1362

173	147	1370

154	148	1346

157	148	1347

169	148	1363

173	148	1368

155	149	1348

158	149	1349

169	149	1360

172	149	1367

155	150	1348

158	150	1353

168	150	1357

172	150	1370

155	151	1352

158	151	1356

167	151	1348

172	151	1373

155	152	1355

158	152	1358

167	152	1361

171	152	1367

155	153	1356

158	153	1357

167	153	1367

172	153	1367

155	154	1354

159	154	1363

166	154	1369

171	154	1368

155	155	1353

159	155	1363

164	155	1309

165	155	1367

171	155	1374

156	156	1357

160	156	1369

165	156	1367

170	156	1371

156	157	1357

161	157	1377

163	157	1341

164	157	1366

170	157	1375

155	158	1355

162	158	1374

169	158	1372

152	159	1327

153	159	1330

155	159	1353

169	159	1376

151	160	1328

154	160	1341

168	160	1371

150	161	1330

168	161	1376

149	162	1329

168	162	1379

148	163	1346

167	163	1373

147	164	1336

167	164	1371

147	165	1338

166	165	1373

147	166	1337

166	166	1375

146	167	1338

166	167	1376

145	168	1352

166	168	1377

146	169	1342

166	169	1376

146	170	1344

165	170	1373

146	171	1359

165	171	1372

146	172	1366

165	172	1372

146	173	1373

165	173	1375

145	174	1385

165	174	1380

145	175	1405

165	175	1390

146	176	1381

164	176	1378

146	177	1384

164	177	1382

146	178	1383

164	178	1392

146	179	1385

163	179	1384

146	180	1402

163	180	1400

147	181	1382

163	181	1410

147	182	1387

163	182	1416

147	183	1401

162	183	1411

147	184	1415

162	184	1429

148	185	1423

161	185	1425

149	186	1413

161	186	1447

149	187	1417

160	187	1444

149	188	1421

159	188	1428

149	189	1436

159	189	1439

149	190	1428

158	190	1437

159	190	1448

150	191	1446

157	191	1438

151	192	1448

152	192	1439

157	192	1446

153	193	1444

154	193	1445

155	193	1445

156	193	1448

