206	124	1651

207	124	1656

208	124	1660

206	125	1656

208	125	1661

206	126	1660

209	126	1665

206	127	1662

209	127	1664

206	128	1665

209	128	1664

206	129	1667

209	129	1662

216	129	1681

217	129	1679

218	129	1678

206	130	1673

209	130	1653

216	130	1683

219	130	1684

206	131	1674

209	131	1639

215	131	1683

219	131	1679

205	132	1675

208	132	1677

213	132	1629

214	132	1652

218	132	1689

204	133	1675

209	133	1658

213	133	1682

218	133	1694

204	134	1680

208	134	1683

212	134	1666

218	134	1692

203	135	1631

208	135	1685

212	135	1684

217	135	1693

204	136	1677

209	136	1678

211	136	1709

216	136	1694

204	137	1682

210	137	1712

216	137	1698

203	138	1685

216	138	1704

202	139	1698

204	139	1693

215	139	1702

201	140	1639

203	140	1672

215	140	1708

200	141	1644

215	141	1708

199	142	1646

214	142	1703

198	143	1664

214	143	1710

196	144	1663

197	144	1661

214	144	1713

195	145	1669

213	145	1705

194	146	1674

213	146	1702

194	147	1683

212	147	1689

194	148	1685

213	148	1686

193	149	1682

213	149	1673

193	150	1701

212	150	1669

193	151	1649

212	151	1672

193	152	1694

212	152	1677

193	153	1689

212	153	1685

241	153	1771

193	154	1692

211	154	1689

193	155	1682

211	155	1697

193	156	1717

211	156	1707

194	157	1702

210	157	1707

194	158	1704

210	158	1719

194	159	1706

209	159	1724

194	160	1710

208	160	1728

193	161	1678

208	161	1743

193	162	1707

207	162	1731

193	163	1702

207	163	1732

193	164	1700

206	164	1729

237	164	1765

192	165	1711

206	165	1737

191	166	1723

206	166	1748

191	167	1706

205	167	1746

236	167	1732

190	168	1719

205	168	1755

190	169	1710

204	169	1751

189	170	1714

204	170	1760

189	171	1708

203	171	1756

188	172	1714

203	172	1765

188	173	1718

203	173	1773

187	174	1724

202	174	1757

187	175	1720

202	175	1765

186	176	1726

202	176	1774

185	177	1724

201	177	1762

185	178	1721

201	178	1773

184	179	1737

200	179	1769

184	180	1735

200	180	1772

183	181	1742

199	181	1761

183	182	1744

199	182	1766

182	183	1764

183	183	1739

184	183	1729

185	183	1722

186	183	1719

187	183	1714

188	183	1712

189	183	1711

190	183	1714

191	183	1714

192	183	1715

193	183	1714

194	183	1716

195	183	1721

196	183	1729

197	183	1738

198	183	1753

199	183	1774

