150	147	1559

151	147	1556

152	147	1561

150	148	1559

152	148	1562

150	149	1561

152	149	1562

150	150	1564

152	150	1564

150	151	1566

153	151	1568

150	152	1562

153	152	1564

168	152	1583

150	153	1550

153	153	1561

166	153	1578

167	153	1577

168	153	1582

150	154	1551

153	154	1564

166	154	1575

168	154	1583

150	155	1564

153	155	1565

165	155	1574

168	155	1584

150	156	1571

154	156	1576

164	156	1573

168	156	1585

150	157	1586

154	157	1575

163	157	1573

167	157	1583

150	158	1571

154	158	1571

162	158	1561

167	158	1589

150	159	1565

154	159	1570

161	159	1576

166	159	1580

150	160	1566

154	160	1571

160	160	1585

166	160	1588

151	161	1565

154	161	1571

159	161	1569

165	161	1585

149	162	1548

150	162	1560

155	162	1576

158	162	1601

165	162	1592

148	163	1542

156	163	1585

157	163	1588

164	163	1584

146	164	1534

147	164	1537

163	164	1581

146	165	1536

163	165	1590

146	166	1536

162	166	1587

144	167	1559

145	167	1534

161	167	1581

143	168	1544

161	168	1585

143	169	1538

160	169	1579

142	170	1548

160	170	1583

143	171	1539

160	171	1591

142	172	1568

159	172	1584

142	173	1588

159	173	1586

142	174	1582

159	174	1586

142	175	1575

159	175	1585

142	176	1579

159	176	1594

142	177	1582

158	177	1594

142	178	1586

158	178	1612

142	179	1585

158	179	1628

142	180	1588

157	180	1603

142	181	1590

157	181	1616

142	182	1588

157	182	1624

142	183	1592

156	183	1603

142	184	1609

156	184	1613

143	185	1607

156	185	1619

144	186	1601

155	186	1614

143	187	1635

155	187	1617

143	188	1629

155	188	1621

143	189	1621

155	189	1624

143	190	1603

156	190	1654

143	191	1609

156	191	1662

143	192	1618

155	192	1637

144	193	1605

155	193	1639

143	194	1615

155	194	1640

143	195	1616

155	195	1642

143	196	1619

155	196	1644

142	197	1648

155	197	1643

142	198	1641

155	198	1645

142	199	1626

155	199	1650

142	200	1637

155	200	1654

142	201	1653

155	201	1655

142	202	1646

155	202	1657

142	203	1649

155	203	1659

142	204	1651

154	204	1646

142	205	1651

155	205	1662

142	206	1649

143	206	1637

144	206	1629

145	206	1628

146	206	1626

147	206	1626

148	206	1625

149	206	1626

150	206	1626

151	206	1629

152	206	1634

153	206	1642

154	206	1650

