185	156	1763

186	156	1762

187	156	1767

198	156	1784

199	156	1788

185	157	1766

188	157	1769

197	157	1787

199	157	1787

185	158	1772

188	158	1769

197	158	1791

199	158	1787

186	159	1767

189	159	1776

197	159	1795

199	159	1788

187	160	1775

189	160	1776

197	160	1795

199	160	1787

187	161	1780

190	161	1778

197	161	1790

199	161	1788

187	162	1791

191	162	1785

196	162	1758

199	162	1790

187	163	1818

191	163	1784

197	163	1798

199	163	1792

188	164	1792

192	164	1788

196	164	1815

199	164	1790

188	165	1810

192	165	1786

196	165	1802

199	165	1789

189	166	1789

193	166	1797

196	166	1798

199	166	1790

189	167	1793

194	167	1794

196	167	1797

199	167	1792

190	168	1786

195	168	1806

199	168	1791

190	169	1787

199	169	1791

188	170	1764

189	170	1768

200	170	1803

187	171	1753

200	171	1801

186	172	1755

200	172	1798

186	173	1768

200	173	1795

186	174	1765

200	174	1792

185	175	1757

200	175	1785

184	176	1750

200	176	1782

184	177	1759

200	177	1780

184	178	1780

200	178	1786

185	179	1768

201	179	1814

185	180	1782

200	180	1794

184	181	1800

200	181	1789

184	182	1799

200	182	1789

185	183	1786

200	183	1788

185	184	1787

200	184	1792

185	185	1790

201	185	1821

185	186	1801

200	186	1803

185	187	1780

200	187	1806

186	188	1803

200	188	1811

187	189	1796

200	189	1813

188	190	1792

200	190	1816

188	191	1804

201	191	1840

189	192	1821

201	192	1834

190	193	1810

202	193	1859

190	194	1813

202	194	1859

190	195	1819

202	195	1861

191	196	1815

202	196	1866

191	197	1826

202	197	1867

191	198	1830

202	198	1868

192	199	1816

202	199	1862

192	200	1825

202	200	1857

192	201	1832

202	201	1854

192	202	1842

203	202	1873

192	203	1847

203	203	1873

193	204	1836

203	204	1867

193	205	1849

203	205	1864

193	206	1858

203	206	1859

193	207	1869

203	207	1858

194	208	1852

204	208	1872

194	209	1865

204	209	1871

195	210	1858

204	210	1868

195	211	1872

204	211	1865

196	212	1862

204	212	1868

196	213	1869

204	213	1868

197	214	1858

204	214	1868

197	215	1868

204	215	1867

198	216	1868

203	216	1868

204	216	1871

199	217	1872

200	217	1871

201	217	1871

202	217	1872

