183	89	1301

184	89	1316

182	90	1294

185	90	1302

182	91	1287

185	91	1289

182	92	1287

186	92	1332

182	93	1288

186	93	1320

182	94	1290

186	94	1316

182	95	1290

186	95	1306

197	95	1320

198	95	1325

181	96	1307

186	96	1302

196	96	1316

199	96	1319

181	97	1306

186	97	1298

195	97	1320

199	97	1312

181	98	1300

186	98	1299

195	98	1318

199	98	1316

181	99	1300

187	99	1345

194	99	1323

199	99	1324

181	100	1304

187	100	1349

194	100	1321

199	100	1346

181	101	1306

186	101	1304

194	101	1317

198	101	1320

181	102	1305

187	102	1335

193	102	1319

198	102	1323

181	103	1304

187	103	1328

193	103	1317

198	103	1334

180	104	1294

188	104	1359

192	104	1325

198	104	1362

181	105	1309

188	105	1349

191	105	1327

197	105	1327

181	106	1311

187	106	1321

191	106	1334

197	106	1339

181	107	1313

187	107	1327

191	107	1328

197	107	1359

181	108	1313

187	108	1339

190	108	1330

196	108	1335

181	109	1315

187	109	1349

189	109	1330

196	109	1353

181	110	1317

187	110	1356

189	110	1338

195	110	1335

180	111	1322

188	111	1331

195	111	1349

179	112	1291

195	112	1367

176	113	1317

177	113	1298

178	113	1291

194	113	1344

174	114	1338

175	114	1326

194	114	1355

173	115	1350

194	115	1371

170	116	1363

172	116	1333

193	116	1342

169	117	1363

171	117	1316

193	117	1347

169	118	1337

193	118	1355

170	119	1304

193	119	1366

168	120	1324

169	120	1310

193	120	1373

166	121	1274

167	121	1328

193	121	1373

166	122	1292

168	122	1320

192	122	1331

168	123	1319

193	123	1360

167	124	1366

193	124	1338

167	125	1349

193	125	1327

167	126	1328

193	126	1325

166	127	1337

193	127	1333

166	128	1304

193	128	1343

165	129	1343

167	129	1311

193	129	1356

165	130	1350

166	130	1335

193	130	1363

166	131	1378

193	131	1364

167	132	1386

194	132	1340

168	133	1344

193	133	1357

168	134	1350

192	134	1375

193	134	1384

167	135	1344

191	135	1369

167	136	1323

191	136	1382

168	137	1413

190	137	1392

168	138	1401

189	138	1406

168	139	1367

188	139	1401

166	140	1387

168	140	1350

187	140	1386

167	141	1390

187	141	1397

166	142	1401

186	142	1381

166	143	1373

186	143	1385

165	144	1381

167	144	1351

186	144	1393

165	145	1368

166	145	1353

186	145	1403

164	146	1352

185	146	1395

164	147	1348

185	147	1401

163	148	1360

184	148	1395

162	149	1373

184	149	1403

162	150	1373

184	150	1402

161	151	1373

163	151	1347

183	151	1399

161	152	1325

162	152	1338

183	152	1404

161	153	1405

182	153	1400

161	154	1381

182	154	1403

160	155	1351

182	155	1407

159	156	1296

161	156	1354

182	156	1390

160	157	1358

181	157	1403

159	158	1348

181	158	1408

158	159	1317

181	159	1404

158	160	1368

180	160	1413

157	161	1412

180	161	1418

158	162	1366

180	162	1418

156	163	1362

157	163	1369

179	163	1412

156	164	1368

179	164	1413

156	165	1373

178	165	1410

156	166	1370

178	166	1415

155	167	1374

177	167	1412

155	168	1366

177	168	1417

154	169	1373

155	169	1367

156	169	1360

157	169	1357

158	169	1355

159	169	1354

160	169	1352

161	169	1351

162	169	1352

163	169	1352

164	169	1352

165	169	1352

166	169	1353

167	169	1353

168	169	1352

169	169	1353

170	169	1354

171	169	1358

172	169	1361

173	169	1368

174	169	1375

175	169	1388

176	169	1403

