185	123	1259

186	123	1254

187	123	1257

201	123	1286

202	123	1271

203	123	1272

204	123	1283

184	124	1256

188	124	1253

201	124	1276

205	124	1292

184	125	1253

189	125	1261

201	125	1275

205	125	1282

184	126	1258

190	126	1270

201	126	1276

205	126	1282

185	127	1247

190	127	1258

201	127	1278

206	127	1313

184	128	1279

191	128	1272

201	128	1282

206	128	1309

185	129	1267

192	129	1281

201	129	1284

206	129	1301

183	130	1299

184	130	1323

192	130	1266

201	130	1289

206	130	1295

183	131	1322

184	131	1282

185	131	1255

193	131	1272

194	131	1312

201	131	1293

206	131	1290

186	132	1280

195	132	1309

196	132	1348

197	132	1363

201	132	1290

206	132	1286

187	133	1262

197	133	1372

200	133	1329

206	133	1285

187	134	1277

198	134	1365

200	134	1322

207	134	1316

185	135	1280

187	135	1295

198	135	1357

201	135	1283

207	135	1304

187	136	1301

188	136	1295

198	136	1328

201	136	1287

208	136	1352

189	137	1291

198	137	1349

201	137	1290

208	137	1336

190	138	1279

198	138	1350

201	138	1289

208	138	1349

191	139	1268

199	139	1330

200	139	1307

208	139	1353

191	140	1276

198	140	1318

199	140	1344

208	140	1355

192	141	1269

197	141	1290

200	141	1292

208	141	1364

192	142	1277

198	142	1312

200	142	1292

208	142	1356

192	143	1285

199	143	1288

207	143	1316

190	144	1305

191	144	1313

207	144	1323

189	145	1267

207	145	1326

188	146	1260

207	146	1322

187	147	1266

207	147	1315

187	148	1257

207	148	1310

187	149	1262

207	149	1304

187	150	1272

207	150	1298

186	151	1356

208	151	1317

184	152	1300

185	152	1275

209	152	1357

184	153	1299

209	153	1337

183	154	1371

209	154	1324

183	155	1349

209	155	1332

183	156	1316

208	156	1294

183	157	1329

208	157	1289

183	158	1291

208	158	1285

182	159	1342

208	159	1284

182	160	1341

208	160	1290

183	161	1315

208	161	1294

183	162	1324

208	162	1300

183	163	1362

208	163	1300

183	164	1331

209	164	1345

183	165	1302

209	165	1346

184	166	1300

208	166	1303

183	167	1365

184	167	1348

208	167	1311

185	168	1333

208	168	1321

185	169	1361

208	169	1339

186	170	1327

208	170	1360

187	171	1324

207	171	1334

187	172	1347

207	172	1346

187	173	1347

188	173	1332

207	173	1351

189	174	1331

207	174	1354

189	175	1364

207	175	1356

189	176	1351

207	176	1360

190	177	1357

207	177	1370

190	178	1365

206	178	1345

190	179	1345

206	179	1351

190	180	1370

206	180	1356

191	181	1330

206	181	1365

191	182	1340

206	182	1371

191	183	1326

205	183	1357

191	184	1307

205	184	1362

191	185	1303

205	185	1365

191	186	1312

205	186	1365

190	187	1369

205	187	1366

190	188	1353

205	188	1368

190	189	1370

204	189	1361

190	190	1344

204	190	1367

189	191	1355

190	191	1368

204	191	1371

191	192	1349

203	192	1362

191	193	1362

203	193	1366

191	194	1365

203	194	1371

191	195	1366

203	195	1372

190	196	1357

202	196	1369

190	197	1363

192	197	1371

193	197	1367

202	197	1372

190	198	1370

191	198	1366

194	198	1366

201	198	1371

191	199	1371

194	199	1371

199	199	1370

200	199	1371

195	200	1372

196	200	1369

197	200	1370

198	200	1371

