150	147	1561

151	147	1565

150	148	1560

152	148	1573

150	149	1559

152	149	1568

150	150	1559

152	150	1563

150	151	1561

152	151	1559

151	152	1557

152	152	1558

151	153	1556

153	153	1564

166	153	1572

167	153	1575

168	153	1582

151	154	1557

153	154	1563

165	154	1575

168	154	1582

150	155	1560

153	155	1563

165	155	1573

168	155	1580

150	156	1561

153	156	1563

164	156	1570

167	156	1579

150	157	1562

153	157	1564

163	157	1568

167	157	1581

150	158	1562

154	158	1573

162	158	1568

166	158	1576

150	159	1562

154	159	1572

161	159	1561

166	159	1579

150	160	1561

154	160	1568

160	160	1610

165	160	1573

150	161	1569

155	161	1579

160	161	1575

165	161	1576

150	162	1568

155	162	1580

158	162	1540

159	162	1577

164	162	1572

147	163	1543

148	163	1549

149	163	1561

155	163	1579

158	163	1575

164	163	1580

146	164	1537

156	164	1577

157	164	1573

163	164	1580

145	165	1541

163	165	1592

145	166	1536

162	166	1588

144	167	1519

161	167	1582

143	168	1542

161	168	1590

142	169	1542

160	169	1579

142	170	1537

160	170	1588

142	171	1554

159	171	1580

142	172	1568

159	172	1582

142	173	1565

159	173	1582

142	174	1571

159	174	1584

142	175	1576

159	175	1586

142	176	1577

158	176	1579

142	177	1577

158	177	1590

142	178	1578

158	178	1607

142	179	1582

158	179	1617

141	180	1579

157	180	1593

142	181	1582

157	181	1608

142	182	1583

157	182	1622

142	183	1589

156	183	1605

142	184	1599

156	184	1611

142	185	1627

156	185	1618

143	186	1602

156	186	1629

144	187	1596

155	187	1611

143	188	1602

155	188	1615

143	189	1621

155	189	1620

143	190	1613

155	190	1623

143	191	1616

156	191	1645

143	192	1613

156	192	1648

143	193	1608

156	193	1660

143	194	1606

155	194	1635

143	195	1608

156	195	1658

143	196	1609

156	196	1656

143	197	1617

156	197	1655

143	198	1619

156	198	1658

143	199	1620

155	199	1640

143	200	1619

155	200	1641

143	201	1622

155	201	1644

143	202	1627

155	202	1643

143	203	1630

155	203	1648

142	204	1651

155	204	1652

142	205	1649

155	205	1654

142	206	1644

143	206	1627

144	206	1619

145	206	1618

146	206	1618

147	206	1619

148	206	1618

149	206	1620

150	206	1622

151	206	1625

152	206	1629

153	206	1633

154	206	1642

155	206	1654

