188	139	1488

202	139	1522

187	140	1488

189	140	1490

190	140	1493

201	140	1520

203	140	1520

204	140	1528

187	141	1489

190	141	1495

201	141	1517

204	141	1523

188	142	1493

191	142	1498

200	142	1509

204	142	1524

188	143	1492

191	143	1501

200	143	1490

204	143	1524

188	144	1494

192	144	1502

201	144	1517

204	144	1523

189	145	1499

192	145	1500

201	145	1520

204	145	1521

189	146	1500

193	146	1502

201	146	1520

204	146	1519

189	147	1494

193	147	1504

201	147	1521

205	147	1526

190	148	1502

194	148	1506

200	148	1488

205	148	1530

190	149	1503

194	149	1511

201	149	1521

205	149	1533

190	150	1500

195	150	1518

197	150	1548

200	150	1526

205	150	1536

191	151	1499

196	151	1530

198	151	1548

200	151	1527

205	151	1539

191	152	1501

197	152	1554

200	152	1528

205	152	1540

192	153	1506

198	153	1574

200	153	1525

205	153	1526

192	154	1510

198	154	1565

200	154	1523

204	154	1528

193	155	1511

199	155	1526

204	155	1531

193	156	1512

204	156	1533

190	157	1490

191	157	1495

192	157	1504

204	157	1534

189	158	1479

204	158	1533

188	159	1487

204	159	1532

188	160	1491

204	160	1533

187	161	1535

204	161	1530

187	162	1505

204	162	1529

186	163	1495

205	163	1539

185	164	1505

205	164	1539

185	165	1500

205	165	1539

185	166	1503

205	166	1534

185	167	1507

206	167	1557

184	168	1541

206	168	1569

207	168	1596

184	169	1533

205	169	1544

184	170	1544

205	170	1550

185	171	1517

206	171	1594

185	172	1513

206	172	1589

185	173	1514

205	173	1548

185	174	1519

205	174	1554

185	175	1529

205	175	1563

185	176	1532

204	176	1542

185	177	1568

204	177	1557

186	178	1549

204	178	1572

187	179	1539

204	179	1583

187	180	1552

204	180	1595

188	181	1529

204	181	1602

189	182	1521

204	182	1611

189	183	1542

204	183	1617

189	184	1556

203	184	1581

190	185	1566

203	185	1587

190	186	1553

203	186	1592

190	187	1525

203	187	1601

190	188	1502

203	188	1610

191	189	1553

203	189	1617

191	190	1578

202	190	1593

191	191	1571

202	191	1595

191	192	1573

202	192	1594

191	193	1573

202	193	1599

192	194	1555

202	194	1604

192	195	1561

202	195	1608

192	196	1567

202	196	1606

192	197	1576

202	197	1608

192	198	1577

202	198	1610

192	199	1582

202	199	1611

192	200	1586

202	200	1609

192	201	1599

202	201	1610

192	202	1607

202	202	1611

192	203	1610

202	203	1613

192	204	1613

202	204	1613

193	205	1609

202	205	1615

193	206	1614

201	206	1614

194	207	1613

200	207	1617

194	208	1617

198	208	1614

199	208	1615

195	209	1617

196	209	1616

197	209	1617

