156	130	1300

157	130	1301

156	131	1312

157	131	1315

156	132	1312

158	132	1318

155	133	1315

158	133	1320

156	134	1315

159	134	1323

156	135	1316

159	135	1324

156	136	1314

159	136	1322

156	137	1315

160	137	1326

157	138	1316

160	138	1326

175	138	1349

176	138	1352

177	138	1358

157	139	1318

160	139	1326

174	139	1349

177	139	1357

157	140	1319

160	140	1325

173	140	1340

177	140	1357

157	141	1319

161	141	1331

173	141	1347

177	141	1358

156	142	1321

161	142	1332

173	142	1346

177	142	1361

157	143	1319

161	143	1335

172	143	1344

177	143	1363

157	144	1320

161	144	1335

171	144	1344

176	144	1356

157	145	1322

161	145	1334

170	145	1339

175	145	1350

157	146	1326

161	146	1331

170	146	1342

175	146	1353

158	147	1327

162	147	1330

169	147	1345

175	147	1354

158	148	1328

162	148	1332

168	148	1331

175	148	1351

158	149	1325

162	149	1338

168	149	1339

174	149	1352

154	150	1306

157	150	1322

162	150	1340

165	150	1376

166	150	1348

167	150	1339

174	150	1358

153	151	1303

155	151	1303

156	151	1315

163	151	1353

164	151	1373

173	151	1352

152	152	1304

172	152	1348

152	153	1300

172	153	1356

151	154	1303

171	154	1351

151	155	1303

171	155	1332

149	156	1312

150	156	1314

170	156	1356

149	157	1302

169	157	1352

147	158	1314

148	158	1300

169	158	1357

146	159	1336

169	159	1361

146	160	1317

168	160	1348

147	161	1323

168	161	1352

146	162	1333

168	162	1356

146	163	1334

167	163	1347

146	164	1334

168	164	1357

146	165	1334

168	165	1340

146	166	1332

167	166	1345

145	167	1344

166	167	1348

145	168	1335

166	168	1348

145	169	1353

166	169	1347

146	170	1341

165	170	1329

146	171	1340

165	171	1340

146	172	1342

164	172	1339

145	173	1354

164	173	1359

146	174	1341

164	174	1378

146	175	1343

163	175	1373

146	176	1392

163	176	1386

147	177	1362

163	177	1396

147	178	1369

162	178	1393

147	179	1361

161	179	1397

147	180	1359

161	180	1418

147	181	1357

160	181	1415

146	182	1368

160	182	1422

145	183	1395

160	183	1426

145	184	1391

160	184	1430

146	185	1380

159	185	1417

146	186	1382

159	186	1426

145	187	1389

158	187	1413

145	188	1388

158	188	1419

145	189	1387

158	189	1430

145	190	1391

157	190	1422

145	191	1395

157	191	1427

145	192	1401

156	192	1422

145	193	1409

156	193	1425

144	194	1409

156	194	1429

144	195	1414

156	195	1431

143	196	1426

155	196	1423

144	197	1421

155	197	1428

143	198	1427

154	198	1428

143	199	1427

153	199	1430

143	200	1427

144	200	1427

145	200	1427

151	200	1430

152	200	1431

146	201	1430

149	201	1431

150	201	1431

147	202	1431

148	202	1430

