185	119	1584

186	119	1587

187	119	1593

184	120	1570

187	120	1595

184	121	1570

187	121	1593

184	122	1571

187	122	1596

185	123	1596

187	123	1600

185	124	1601

187	124	1605

196	124	1610

197	124	1613

198	124	1616

185	125	1600

187	125	1604

196	125	1613

198	125	1617

185	126	1602

187	126	1603

194	126	1583

195	126	1611

198	126	1620

184	127	1608

187	127	1606

194	127	1603

198	127	1625

183	128	1608

187	128	1610

194	128	1616

197	128	1622

182	129	1613

188	129	1617

193	129	1616

197	129	1627

183	130	1616

189	130	1626

192	130	1615

197	130	1630

183	131	1617

189	131	1615

191	131	1602

196	131	1631

183	132	1604

190	132	1622

196	132	1633

183	133	1608

189	133	1622

191	133	1625

196	133	1635

182	134	1608

190	134	1615

196	134	1639

181	135	1585

195	135	1640

181	136	1582

195	136	1647

179	137	1547

180	137	1580

195	137	1655

178	138	1602

194	138	1642

177	139	1598

193	139	1637

175	140	1593

176	140	1590

193	140	1638

174	141	1590

192	141	1628

173	142	1574

192	142	1625

173	143	1601

192	143	1625

173	144	1601

192	144	1618

173	145	1605

192	145	1614

172	146	1631

192	146	1607

173	147	1610

192	147	1608

173	148	1606

192	148	1607

173	149	1609

192	149	1613

173	150	1608

192	150	1619

172	151	1628

191	151	1623

172	152	1632

191	152	1626

173	153	1628

191	153	1635

173	154	1642

190	154	1635

173	155	1646

190	155	1659

174	156	1633

189	156	1672

173	157	1617

188	157	1668

173	158	1630

188	158	1678

172	159	1587

187	159	1663

172	160	1629

187	160	1673

171	161	1655

186	161	1664

171	162	1640

186	162	1672

170	163	1632

186	163	1678

170	164	1626

185	164	1674

170	165	1628

185	165	1689

169	166	1642

184	166	1685

169	167	1636

184	167	1694

168	168	1646

184	168	1698

168	169	1640

183	169	1686

167	170	1644

183	170	1693

166	171	1638

182	171	1685

166	172	1655

182	172	1699

165	173	1656

181	173	1696

165	174	1658

181	174	1700

164	175	1667

181	175	1700

164	176	1647

180	176	1690

164	177	1644

180	177	1696

163	178	1658

180	178	1700

162	179	1672

163	179	1657

164	179	1647

165	179	1643

166	179	1640

167	179	1640

168	179	1637

169	179	1637

170	179	1637

171	179	1640

172	179	1640

173	179	1641

174	179	1640

175	179	1643

176	179	1650

177	179	1661

178	179	1673

179	179	1687

