184	130	1316

185	130	1306

182	131	1283

183	131	1292

186	131	1307

187	131	1278

199	131	1340

200	131	1332

201	131	1348

182	132	1293

188	132	1334

198	132	1332

202	132	1341

181	133	1287

188	133	1315

194	133	1387

197	133	1323

202	133	1323

181	134	1273

188	134	1315

197	134	1345

203	134	1339

182	135	1304

189	135	1323

194	135	1397

197	135	1350

203	135	1327

183	136	1305

190	136	1323

198	136	1328

204	136	1362

184	137	1298

191	137	1324

192	137	1330

194	137	1317

196	137	1391

198	137	1332

204	137	1367

185	138	1297

191	138	1327

195	138	1394

197	138	1378

203	138	1333

185	139	1308

190	139	1311

198	139	1341

204	139	1358

186	140	1301

191	140	1322

198	140	1353

204	140	1348

186	141	1305

192	141	1321

199	141	1327

204	141	1340

187	142	1305

192	142	1319

199	142	1330

205	142	1383

187	143	1311

193	143	1331

194	143	1367

199	143	1333

204	143	1343

187	144	1312

194	144	1347

199	144	1334

204	144	1349

188	145	1312

195	145	1375

199	145	1332

204	145	1355

188	146	1319

195	146	1371

199	146	1330

204	146	1361

189	147	1311

195	147	1361

199	147	1329

204	147	1360

189	148	1316

195	148	1355

198	148	1321

204	148	1357

190	149	1313

195	149	1347

198	149	1331

204	149	1359

190	150	1319

195	150	1337

198	150	1332

204	150	1368

190	151	1326

196	151	1333

197	151	1332

204	151	1369

188	152	1357

189	152	1357

204	152	1367

187	153	1315

204	153	1365

185	154	1339

186	154	1301

204	154	1366

185	155	1306

204	155	1364

184	156	1354

204	156	1354

184	157	1377

204	157	1346

184	158	1389

205	158	1376

183	159	1329

205	159	1363

183	160	1301

205	160	1350

182	161	1319

206	161	1380

181	162	1376

206	162	1366

182	163	1322

206	163	1366

182	164	1323

206	164	1371

180	165	1392

181	165	1349

206	165	1379

181	166	1356

205	166	1334

181	167	1361

205	167	1340

181	168	1364

205	168	1348

181	169	1348

205	169	1357

181	170	1366

205	170	1359

182	171	1361

205	171	1360

182	172	1335

205	172	1360

181	173	1399

205	173	1362

182	174	1361

183	174	1335

205	174	1365

182	175	1373

184	175	1333

205	175	1374

183	176	1370

204	176	1354

184	177	1356

204	177	1376

183	178	1393

204	178	1403

184	179	1386

185	179	1377

186	179	1365

203	179	1387

187	180	1367

203	180	1389

187	181	1402

203	181	1386

185	182	1336

188	182	1376

203	182	1391

186	183	1360

187	183	1399

189	183	1364

203	183	1397

188	184	1408

203	184	1406

189	185	1361

203	185	1411

188	186	1409

202	186	1399

189	187	1379

202	187	1407

189	188	1397

201	188	1403

188	189	1407

201	189	1406

189	190	1387

201	190	1407

189	191	1382

201	191	1408

188	192	1403

201	192	1411

187	193	1397

200	193	1405

188	194	1366

200	194	1408

188	195	1402

200	195	1408

189	196	1392

200	196	1410

190	197	1402

198	197	1407

199	197	1410

191	198	1408

192	198	1407

197	198	1409

193	199	1410

195	199	1408

196	199	1410

194	200	1411

189	214	1403

