151	146	1559

152	146	1563

151	147	1562

152	147	1562

151	148	1563

152	148	1563

150	149	1568

153	149	1567

150	150	1560

153	150	1564

151	151	1563

153	151	1563

151	152	1565

153	152	1566

167	152	1577

168	152	1581

151	153	1564

153	153	1564

166	153	1574

168	153	1583

151	154	1560

154	154	1574

165	154	1571

168	154	1583

151	155	1563

154	155	1573

165	155	1571

168	155	1585

151	156	1566

154	156	1571

164	156	1571

168	156	1588

151	157	1570

154	157	1568

163	157	1574

167	157	1583

151	158	1568

154	158	1568

162	158	1577

167	158	1588

151	159	1567

154	159	1569

161	159	1587

166	159	1580

151	160	1569

154	160	1571

160	160	1595

166	160	1587

149	161	1581

151	161	1569

155	161	1576

159	161	1591

165	161	1586

148	162	1547

150	162	1569

155	162	1573

157	162	1588

158	162	1584

164	162	1584

147	163	1539

156	163	1574

164	163	1591

146	164	1542

163	164	1584

145	165	1556

162	165	1582

144	166	1561

162	166	1589

144	167	1535

161	167	1584

143	168	1537

161	168	1591

143	169	1538

160	169	1583

142	170	1548

160	170	1588

143	171	1549

160	171	1593

142	172	1584

159	172	1581

142	173	1582

159	173	1583

142	174	1580

159	174	1586

142	175	1580

159	175	1591

142	176	1584

158	176	1589

142	177	1584

158	177	1602

142	178	1585

158	178	1620

142	179	1584

157	179	1596

142	180	1582

157	180	1609

142	181	1577

157	181	1611

142	182	1581

157	182	1623

142	183	1580

156	183	1609

143	184	1601

156	184	1624

144	185	1599

156	185	1633

144	186	1601

155	186	1620

144	187	1597

155	187	1622

143	188	1582

155	188	1625

143	189	1610

155	189	1627

143	190	1614

155	190	1632

143	191	1612

155	191	1638

143	192	1611

155	192	1637

142	193	1609

155	193	1637

143	194	1612

155	194	1642

143	195	1610

155	195	1647

142	196	1634

155	196	1649

142	197	1639

155	197	1648

142	198	1640

155	198	1651

142	199	1628

155	199	1655

142	200	1635

155	200	1658

142	201	1639

155	201	1660

142	202	1636

155	202	1663

142	203	1633

155	203	1661

142	204	1633

155	204	1660

142	205	1636

155	205	1660

142	206	1640

155	206	1661

142	207	1644

143	207	1632

144	207	1626

145	207	1626

146	207	1624

147	207	1626

148	207	1626

149	207	1630

150	207	1630

151	207	1633

152	207	1637

153	207	1642

154	207	1651

155	207	1662

