143	39	1096

122	50	1126

140	52	1148

131	54	1174

152	54	1190

143	55	1195

148	55	1155

153	55	1191

147	56	1195

149	56	1198

148	57	1210

152	58	1165

153	58	1147

131	59	1175

161	59	1100

162	59	1099

163	59	1107

160	60	1099

164	60	1108

152	61	1205

160	61	1095

164	61	1101

140	62	1131

152	62	1122

160	62	1096

164	62	1101

144	63	1178

152	63	1210

160	63	1098

164	63	1102

160	64	1101

164	64	1103

160	65	1101

165	65	1113

148	66	1080

150	66	1158

160	66	1102

165	66	1114

114	67	1192

149	67	1150

160	67	1103

165	67	1115

177	67	1122

178	67	1116

179	67	1116

180	67	1121

146	68	1166

147	68	1201

154	68	1154

160	68	1104

165	68	1115

176	68	1131

181	68	1127

115	69	1123

147	69	1187

148	69	1206

154	69	1122

160	69	1103

165	69	1115

176	69	1122

181	69	1128

147	70	1175

153	70	1170

155	70	1176

160	70	1103

166	70	1144

175	70	1130

181	70	1132

154	71	1153

160	71	1106

166	71	1144

175	71	1125

181	71	1134

154	72	1135

155	72	1135

160	72	1107

166	72	1141

175	72	1124

181	72	1141

154	73	1136

160	73	1109

166	73	1139

175	73	1121

180	73	1130

151	74	1209

155	74	1192

160	74	1107

166	74	1136

174	74	1124

180	74	1132

151	75	1184

152	75	1180

153	75	1192

154	75	1170

155	75	1187

160	75	1107

166	75	1134

173	75	1130

180	75	1137

152	76	1180

155	76	1191

160	76	1109

166	76	1132

173	76	1122

179	76	1132

153	77	1190

154	77	1199

160	77	1111

166	77	1130

172	77	1136

179	77	1139

160	78	1112

166	78	1136

172	78	1129

179	78	1148

160	79	1112

166	79	1139

171	79	1149

179	79	1163

159	80	1116

166	80	1142

171	80	1131

178	80	1139

159	81	1120

166	81	1145

170	81	1143

178	81	1147

159	82	1125

166	82	1149

170	82	1130

178	82	1162

159	83	1128

166	83	1151

170	83	1129

177	83	1146

159	84	1130

166	84	1147

169	84	1143

177	84	1156

154	85	1111

155	85	1109

156	85	1113

157	85	1126

159	85	1128

166	85	1154

169	85	1139

177	85	1168

152	86	1135

153	86	1095

158	86	1111

166	86	1145

168	86	1136

176	86	1146

152	87	1104

167	87	1132

176	87	1154

147	88	1171

150	88	1188

151	88	1130

176	88	1171

147	89	1180

148	89	1141

149	89	1158

175	89	1151

147	90	1151

175	90	1162

146	91	1145

175	91	1181

145	92	1121

174	92	1154

144	93	1162

174	93	1157

144	94	1130

174	94	1164

143	95	1163

174	95	1168

142	96	1154

174	96	1170

142	97	1141

173	97	1144

142	98	1120

173	98	1141

141	99	1164

173	99	1136

141	100	1147

173	100	1134

141	101	1159

173	101	1134

141	102	1159

173	102	1139

142	103	1139

173	103	1147

140	104	1128

143	104	1125

173	104	1160

142	105	1169

173	105	1172

141	106	1151

173	106	1184

141	107	1124

172	107	1156

142	108	1153

172	108	1164

141	109	1168

172	109	1175

142	110	1159

143	110	1117

171	110	1159

144	111	1145

171	111	1175

144	112	1153

171	112	1193

144	113	1186

170	113	1172

145	114	1157

170	114	1193

144	115	1206

169	115	1182

144	116	1176

169	116	1197

144	117	1162

168	117	1188

144	118	1171

168	118	1197

143	119	1161

168	119	1206

144	120	1174

167	120	1195

143	121	1184

167	121	1203

143	122	1165

166	122	1186

143	123	1160

166	123	1190

141	124	1165

142	124	1157

166	124	1194

141	125	1159

166	125	1200

141	126	1157

166	126	1204

140	127	1133

165	127	1199

139	128	1170

165	128	1204

139	129	1145

165	129	1206

138	130	1163

164	130	1199

137	131	1145

164	131	1206

137	132	1134

163	132	1202

137	133	1209

163	133	1207

137	134	1178

162	134	1196

134	135	1201

136	135	1190

162	135	1202

135	136	1187

162	136	1208

135	137	1177

161	137	1200

136	138	1184

161	138	1207

135	139	1188

160	139	1202

135	140	1171

160	140	1207

134	141	1162

159	141	1200

133	142	1169

159	142	1205

132	143	1184

159	143	1210

132	144	1194

158	144	1199

132	145	1179

158	145	1203

132	146	1187

133	146	1163

134	146	1157

135	146	1156

136	146	1155

137	146	1154

138	146	1152

139	146	1150

140	146	1150

141	146	1150

142	146	1149

143	146	1148

144	146	1149

145	146	1152

146	146	1153

147	146	1154

148	146	1153

149	146	1154

150	146	1155

151	146	1160

152	146	1163

153	146	1167

154	146	1174

155	146	1182

156	146	1190

157	146	1197

158	146	1207

