136	62	1283

153	64	1334

143	68	1270

167	77	1224

168	77	1215

169	77	1214

166	78	1228

170	78	1210

166	79	1223

170	79	1208

166	80	1223

170	80	1210

167	81	1215

170	81	1210

167	82	1217

170	82	1210

167	83	1219

170	83	1210

182	83	1262

183	83	1245

184	83	1247

167	84	1221

170	84	1213

181	84	1282

185	84	1247

167	85	1221

170	85	1214

181	85	1254

185	85	1240

166	86	1234

171	86	1219

181	86	1245

185	86	1239

166	87	1230

171	87	1219

180	87	1263

185	87	1243

166	88	1231

171	88	1219

180	88	1253

185	88	1252

166	89	1233

171	89	1220

179	89	1271

185	89	1280

166	90	1235

171	90	1220

179	90	1256

184	90	1251

165	91	1257

172	91	1236

178	91	1291

184	91	1260

165	92	1245

172	92	1238

178	92	1264

184	92	1272

165	93	1239

172	93	1243

177	93	1290

184	93	1310

165	94	1237

171	94	1227

177	94	1265

183	94	1254

165	95	1239

172	95	1238

176	95	1284

183	95	1272

165	96	1240

173	96	1323

176	96	1260

182	96	1256

165	97	1223

173	97	1294

175	97	1261

182	97	1266

165	98	1222

173	98	1285

175	98	1257

182	98	1290

165	99	1240

172	99	1292

174	99	1259

181	99	1262

165	100	1236

172	100	1290

174	100	1260

181	100	1276

161	101	1240

162	101	1224

163	101	1212

164	101	1211

173	101	1259

181	101	1290

160	102	1246

180	102	1271

157	103	1252

158	103	1229

159	103	1256

180	103	1288

157	104	1258

179	104	1265

155	105	1260

156	105	1241

179	105	1276

154	106	1238

179	106	1287

153	107	1245

179	107	1303

153	108	1239

178	108	1267

151	109	1293

152	109	1265

178	109	1272

152	110	1252

178	110	1278

149	111	1275

151	111	1277

178	111	1280

150	112	1295

178	112	1271

151	113	1241

178	113	1253

151	114	1239

179	114	1275

151	115	1250

179	115	1265

150	116	1342

179	116	1269

149	117	1334

179	117	1283

149	118	1239

178	118	1255

150	119	1297

178	119	1266

150	120	1296

178	120	1283

149	121	1245

151	121	1266

178	121	1306

152	122	1242

177	122	1280

150	123	1228

152	123	1248

177	123	1294

151	124	1287

177	124	1313

151	125	1273

177	125	1320

151	126	1301

177	126	1335

152	127	1293

177	127	1312

152	128	1336

176	128	1321

149	129	1271

151	129	1283

174	129	1314

175	129	1304

149	130	1265

150	130	1274

173	130	1312

149	131	1251

173	131	1317

150	132	1280

173	132	1321

149	133	1249

172	133	1327

149	134	1270

171	134	1315

148	135	1280

171	135	1321

149	136	1277

171	136	1329

148	137	1291

170	137	1314

148	138	1260

170	138	1328

147	139	1274

170	139	1331

145	140	1291

146	140	1246

170	140	1330

145	141	1315

169	141	1316

145	142	1305

168	142	1318

145	143	1275

168	143	1319

145	144	1270

167	144	1321

144	145	1275

167	145	1329

144	146	1279

167	146	1328

143	147	1281

166	147	1331

143	148	1287

166	148	1335

142	149	1288

166	149	1332

142	150	1286

165	150	1329

141	151	1291

165	151	1334

141	152	1286

165	152	1331

140	153	1295

164	153	1329

139	154	1301

164	154	1332

139	155	1289

164	155	1337

139	156	1284

164	156	1339

137	157	1271

138	157	1283

163	157	1336

137	158	1288

163	158	1339

136	159	1299

163	159	1342

137	160	1294

163	160	1345

135	161	1260

136	161	1274

162	161	1344

133	162	1277

134	162	1285

162	162	1344

134	163	1286

135	163	1289

161	163	1341

136	164	1298

137	164	1290

138	164	1284

139	164	1280

140	164	1278

141	164	1276

142	164	1277

143	164	1275

144	164	1274

145	164	1272

146	164	1272

147	164	1272

148	164	1273

149	164	1274

150	164	1276

151	164	1277

152	164	1278

153	164	1280

154	164	1282

155	164	1285

156	164	1292

157	164	1301

158	164	1310

159	164	1320

160	164	1332

