183	123	1243

184	123	1246

185	123	1264

199	123	1271

200	123	1264

201	123	1268

202	123	1293

182	124	1237

186	124	1264

198	124	1282

202	124	1271

181	125	1249

186	125	1244

198	125	1273

203	125	1284

182	126	1238

187	126	1249

198	126	1273

203	126	1274

182	127	1237

188	127	1263

198	127	1276

203	127	1271

181	128	1254

188	128	1253

199	128	1264

203	128	1270

182	129	1248

189	129	1260

199	129	1267

203	129	1270

181	130	1266

182	130	1281

190	130	1266

199	130	1269

204	130	1297

183	131	1263

191	131	1274

192	131	1314

193	131	1345

199	131	1270

204	131	1293

184	132	1251

194	132	1328

195	132	1356

198	132	1288

204	132	1288

184	133	1261

194	133	1337

196	133	1351

198	133	1294

204	133	1282

183	134	1307

195	134	1353

197	134	1351

204	134	1278

183	135	1318

184	135	1323

185	135	1280

197	135	1330

205	135	1300

186	136	1267

196	136	1267

198	136	1282

205	136	1296

187	137	1262

197	137	1285

205	137	1306

188	138	1256

205	138	1318

188	139	1264

196	139	1327

197	139	1320

205	139	1319

189	140	1255

195	140	1303

198	140	1287

205	140	1314

189	141	1267

195	141	1291

198	141	1280

205	141	1309

190	142	1259

195	142	1284

198	142	1277

205	142	1315

190	143	1263

196	143	1282

197	143	1279

204	143	1283

189	144	1281

204	144	1284

186	145	1283

187	145	1258

188	145	1246

204	145	1285

186	146	1248

204	146	1288

185	147	1246

204	147	1288

185	148	1239

205	148	1330

184	149	1282

205	149	1317

184	150	1282

205	150	1302

183	151	1312

205	151	1289

182	152	1323

206	152	1310

182	153	1291

206	153	1298

182	154	1258

206	154	1292

181	155	1292

206	155	1288

181	156	1254

206	156	1288

181	157	1299

206	157	1290

181	158	1298

206	158	1289

180	159	1346

206	159	1290

180	160	1330

206	160	1293

181	161	1282

206	161	1296

181	162	1308

206	162	1300

181	163	1320

206	163	1302

181	164	1350

206	164	1298

181	165	1357

206	165	1297

181	166	1356

206	166	1296

182	167	1307

206	167	1303

182	168	1339

206	168	1313

181	169	1358

183	169	1306

206	169	1329

184	170	1296

205	170	1307

183	171	1359

205	171	1325

184	172	1355

205	172	1340

184	173	1332

205	173	1345

185	174	1338

205	174	1349

185	175	1336

205	175	1351

186	176	1344

187	176	1324

205	176	1354

188	177	1329

204	177	1328

188	178	1356

204	178	1336

189	179	1337

204	179	1342

189	180	1346

204	180	1349

189	181	1358

204	181	1358

189	182	1353

203	182	1344

189	183	1342

203	183	1350

189	184	1348

203	184	1354

189	185	1347

203	185	1357

189	186	1338

202	186	1346

189	187	1337

202	187	1351

189	188	1340

202	188	1353

189	189	1354

202	189	1354

189	190	1352

202	190	1355

189	191	1356

202	191	1359

189	192	1343

201	192	1352

189	193	1347

201	193	1354

189	194	1345

201	194	1358

189	195	1343

200	195	1358

189	196	1358

199	196	1359

190	197	1357

191	197	1352

198	197	1355

192	198	1357

197	198	1356

193	199	1358

194	199	1357

195	199	1357

196	199	1358

197	199	1359

187	204	1344

