185	159	1802

186	159	1800

198	159	1814

184	160	1805

187	160	1800

197	160	1814

199	160	1811

185	161	1798

188	161	1808

197	161	1813

199	161	1808

185	162	1808

188	162	1800

197	162	1814

199	162	1804

186	163	1801

189	163	1804

197	163	1813

199	163	1801

186	164	1804

190	164	1810

197	164	1812

199	164	1802

187	165	1799

190	165	1803

197	165	1812

199	165	1804

187	166	1811

191	166	1811

196	166	1837

199	166	1807

188	167	1805

191	167	1808

196	167	1824

199	167	1807

188	168	1811

192	168	1814

196	168	1819

199	168	1808

188	169	1835

193	169	1822

196	169	1814

199	169	1809

189	170	1812

193	170	1819

195	170	1842

199	170	1812

189	171	1817

194	171	1831

199	171	1811

189	172	1819

199	172	1811

190	173	1804

199	173	1809

187	174	1782

188	174	1780

189	174	1786

199	174	1811

185	175	1773

186	175	1770

199	175	1811

185	176	1770

199	176	1808

185	177	1786

200	177	1818

185	178	1790

200	178	1811

184	179	1788

200	179	1808

184	180	1782

200	180	1811

184	181	1786

200	181	1816

184	182	1789

200	182	1824

185	183	1787

200	183	1823

185	184	1799

200	184	1822

185	185	1807

200	185	1818

185	186	1810

200	186	1815

185	187	1814

200	187	1813

185	188	1820

200	188	1815

185	189	1827

200	189	1822

186	190	1814

200	190	1834

186	191	1818

200	191	1841

187	192	1813

201	192	1866

187	193	1850

201	193	1858

188	194	1847

201	194	1850

189	195	1829

202	195	1873

190	196	1827

202	196	1877

191	197	1826

202	197	1877

191	198	1837

202	198	1874

191	199	1845

203	199	1893

192	200	1835

203	200	1892

192	201	1840

203	201	1892

192	202	1848

203	202	1888

193	203	1838

203	203	1886

193	204	1847

203	204	1883

193	205	1860

204	205	1894

193	206	1873

204	206	1888

194	207	1856

204	207	1885

194	208	1870

204	208	1886

194	209	1892

204	209	1885

195	210	1873

205	210	1888

195	211	1889

205	211	1888

196	212	1879

205	212	1888

196	213	1888

205	213	1887

197	214	1875

206	214	1892

197	215	1888

206	215	1890

198	216	1888

206	216	1890

199	217	1891

206	217	1890

200	218	1887

206	218	1893

201	219	1889

202	219	1890

203	219	1890

204	219	1893

205	219	1894

