185	158	1794

186	158	1799

197	158	1816

198	158	1813

184	159	1801

187	159	1798

196	159	1800

198	159	1805

184	160	1804

188	160	1799

196	160	1804

199	160	1809

185	161	1804

188	161	1797

196	161	1806

199	161	1811

186	162	1799

189	162	1810

197	162	1810

199	162	1810

187	163	1799

189	163	1804

197	163	1809

199	163	1807

187	164	1800

190	164	1799

197	164	1803

199	164	1801

188	165	1798

191	165	1808

196	165	1809

199	165	1803

188	166	1803

191	166	1804

196	166	1803

199	166	1803

188	167	1809

191	167	1805

196	167	1801

199	167	1808

188	168	1822

192	168	1811

196	168	1801

199	168	1809

189	169	1807

193	169	1819

196	169	1803

199	169	1812

189	170	1810

194	170	1821

195	170	1813

199	170	1811

189	171	1821

199	171	1813

188	172	1819

199	172	1813

187	173	1774

199	173	1813

185	174	1776

186	174	1767

199	174	1809

185	175	1777

199	175	1806

185	176	1790

199	176	1806

184	177	1799

199	177	1803

184	178	1782

200	178	1812

184	179	1779

200	179	1808

184	180	1783

200	180	1811

185	181	1780

200	181	1812

184	182	1817

200	182	1818

185	183	1791

200	183	1820

184	184	1808

200	184	1819

185	185	1800

200	185	1814

185	186	1804

200	186	1812

185	187	1810

200	187	1815

185	188	1814

200	188	1820

185	189	1829

200	189	1829

186	190	1817

200	190	1835

187	191	1812

200	191	1840

187	192	1827

200	192	1839

188	193	1820

201	193	1864

189	194	1827

201	194	1865

190	195	1830

201	195	1865

190	196	1840

202	196	1892

190	197	1830

202	197	1886

191	198	1834

202	198	1883

191	199	1846

202	199	1883

192	200	1837

202	200	1877

192	201	1843

202	201	1878

192	202	1850

202	202	1876

192	203	1864

202	203	1878

192	204	1879

203	204	1890

193	205	1860

203	205	1884

193	206	1869

203	206	1881

194	207	1858

203	207	1877

194	208	1861

204	208	1890

194	209	1872

204	209	1882

195	210	1864

204	210	1883

195	211	1881

204	211	1883

196	212	1874

204	212	1885

196	213	1885

205	213	1890

197	214	1879

205	214	1890

197	215	1892

205	215	1891

198	216	1886

205	216	1892

199	217	1886

204	217	1891

200	218	1888

201	218	1888

202	218	1890

203	218	1891

204	218	1892

