175	157	2097

176	157	2081

175	158	2086

177	158	2062

176	159	2062

177	159	2067

175	160	2127

177	160	2072

176	161	2073

178	161	2089

187	161	2090

176	162	2071

178	162	2072

186	162	2087

187	162	2081

176	163	2071

178	163	2063

186	163	2081

187	163	2082

176	164	2070

178	164	2060

185	164	2083

187	164	2082

176	165	2070

178	165	2065

185	165	2066

187	165	2087

176	166	2069

178	166	2065

184	166	2070

186	166	2065

176	167	2067

179	167	2099

183	167	2079

186	167	2072

176	168	2068

179	168	2087

182	168	2108

186	168	2093

174	169	2066

175	169	2070

179	169	2071

182	169	2073

185	169	2072

173	170	2069

180	170	2064

181	170	2067

185	170	2083

173	171	2063

184	171	2069

173	172	2054

183	172	2060

171	173	2083

172	173	2065

183	173	2065

171	174	2064

183	174	2074

171	175	2068

183	175	2087

170	176	2112

182	176	2068

170	177	2080

182	177	2072

169	178	2105

182	178	2078

169	179	2099

182	179	2078

169	180	2100

181	180	2040

169	181	2096

181	181	2045

169	182	2107

181	182	2064

170	183	2067

181	183	2091

170	184	2075

180	184	2075

170	185	2087

179	185	2066

170	186	2104

179	186	2086

170	187	2119

179	187	2095

170	188	2114

179	188	2107

170	189	2097

178	189	2085

170	190	2081

178	190	2097

169	191	2104

178	191	2103

169	192	2090

178	192	2112

169	193	2082

177	193	2089

168	194	2110

177	194	2102

168	195	2096

177	195	2111

168	196	2086

177	196	2118

167	197	2114

176	197	2087

167	198	2101

176	198	2091

167	199	2090

176	199	2099

167	200	2078

176	200	2110

166	201	2106

176	201	2129

166	202	2092

175	202	2092

165	203	2127

166	203	2085

167	203	2065

168	203	2055

169	203	2049

170	203	2044

171	203	2043

172	203	2045

173	203	2053

174	203	2068

175	203	2099

