185	159	1794

186	159	1796

187	159	1805

197	159	1809

198	159	1809

199	159	1819

184	160	1809

187	160	1799

197	160	1814

199	160	1818

185	161	1803

188	161	1805

197	161	1815

199	161	1814

186	162	1806

189	162	1810

197	162	1816

199	162	1811

186	163	1814

189	163	1803

197	163	1813

199	163	1808

186	164	1822

190	164	1811

197	164	1811

199	164	1807

187	165	1812

190	165	1808

197	165	1808

199	165	1806

187	166	1821

191	166	1812

197	166	1807

199	166	1808

188	167	1811

191	167	1807

196	167	1821

199	167	1810

188	168	1820

192	168	1818

196	168	1813

199	168	1810

189	169	1813

193	169	1825

196	169	1814

199	169	1809

189	170	1814

193	170	1818

195	170	1842

199	170	1811

189	171	1813

194	171	1817

199	171	1811

189	172	1821

199	172	1811

188	173	1794

199	173	1812

186	174	1784

187	174	1776

199	174	1810

185	175	1800

199	175	1807

185	176	1794

199	176	1802

185	177	1790

200	177	1813

185	178	1784

200	178	1805

185	179	1779

200	179	1801

184	180	1783

200	180	1802

185	181	1781

200	181	1815

185	182	1792

200	182	1817

185	183	1806

200	183	1820

185	184	1812

200	184	1815

185	185	1814

200	185	1816

185	186	1815

200	186	1814

185	187	1814

200	187	1817

185	188	1815

200	188	1820

186	189	1811

200	189	1828

187	190	1804

200	190	1833

187	191	1812

201	191	1867

187	192	1827

200	192	1840

188	193	1822

201	193	1861

189	194	1819

201	194	1851

190	195	1824

202	195	1873

190	196	1850

202	196	1872

191	197	1837

202	197	1878

191	198	1842

202	198	1879

191	199	1854

202	199	1876

191	200	1839

203	200	1893

192	201	1844

203	201	1892

192	202	1855

203	202	1888

192	203	1876

203	203	1881

193	204	1852

204	204	1889

193	205	1863

204	205	1884

193	206	1880

204	206	1886

194	207	1862

204	207	1887

195	208	1858

204	208	1884

195	209	1868

204	209	1884

195	210	1878

205	210	1892

195	211	1888

205	211	1888

196	212	1880

205	212	1884

196	213	1891

197	213	1875

198	213	1868

199	213	1867

200	213	1868

201	213	1870

202	213	1871

203	213	1874

204	213	1877

205	213	1885

206	213	1894

