168	97	1373

169	97	1374

170	97	1379

167	98	1376

170	98	1375

167	99	1376

171	99	1385

167	100	1379

171	100	1386

167	101	1380

171	101	1389

181	101	1412

182	101	1417

167	102	1384

171	102	1390

181	102	1407

183	102	1418

167	103	1385

171	103	1391

180	103	1411

184	103	1426

167	104	1385

171	104	1390

179	104	1408

183	104	1414

167	105	1384

172	105	1384

179	105	1411

183	105	1416

167	106	1385

172	106	1393

179	106	1409

183	106	1419

167	107	1385

172	107	1396

178	107	1413

183	107	1426

166	108	1391

172	108	1399

178	108	1409

183	108	1433

166	109	1389

172	109	1402

177	109	1404

182	109	1420

166	110	1392

173	110	1400

177	110	1410

182	110	1425

166	111	1394

173	111	1392

177	111	1412

182	111	1431

166	112	1398

172	112	1408

176	112	1415

182	112	1438

167	113	1397

173	113	1440

174	113	1421

175	113	1404

181	113	1431

166	114	1383

181	114	1437

167	115	1403

181	115	1442

166	116	1402

180	116	1433

166	117	1397

180	117	1434

164	118	1382

165	118	1379

179	118	1429

163	119	1385

179	119	1432

162	120	1385

179	120	1439

160	121	1381

161	121	1391

179	121	1443

159	122	1383

179	122	1444

157	123	1392

158	123	1383

178	123	1435

156	124	1400

178	124	1434

156	125	1416

178	125	1433

156	126	1408

179	126	1422

155	127	1428

179	127	1431

155	128	1413

180	128	1415

155	129	1399

181	129	1384

156	130	1399

180	130	1419

155	131	1415

180	131	1422

154	132	1425

180	132	1421

154	133	1383

180	133	1432

155	134	1398

179	134	1429

180	134	1436

155	135	1404

178	135	1428

154	136	1383

156	136	1402

178	136	1434

155	137	1401

177	137	1432

156	138	1407

177	138	1441

157	139	1411

177	139	1451

156	140	1469

176	140	1455

157	141	1426

175	141	1463

156	142	1444

175	142	1476

156	143	1456

174	143	1474

156	144	1426

174	144	1475

156	145	1424

173	145	1469

155	146	1398

173	146	1474

155	147	1405

172	147	1467

154	148	1381

172	148	1471

154	149	1414

172	149	1480

154	150	1422

171	150	1478

154	151	1427

171	151	1484

153	152	1433

171	152	1484

153	153	1431

170	153	1484

152	154	1431

170	154	1489

151	155	1428

169	155	1486

150	156	1433

169	156	1488

150	157	1438

169	157	1488

150	158	1430

169	158	1488

150	159	1428

168	159	1488

149	160	1432

168	160	1499

149	161	1436

167	161	1492

148	162	1444

167	162	1495

148	163	1439

167	163	1497

147	164	1429

167	164	1498

147	165	1433

167	165	1500

146	166	1445

166	166	1494

145	167	1470

166	167	1498

145	168	1453

165	168	1488

145	169	1456

146	169	1446

147	169	1441

148	169	1437

149	169	1435

150	169	1434

151	169	1435

152	169	1436

153	169	1436

154	169	1436

155	169	1436

156	169	1436

157	169	1439

158	169	1442

159	169	1446

160	169	1446

161	169	1450

162	169	1455

163	169	1465

164	169	1478

165	169	1494

