151	128	1228

152	128	1229

153	128	1232

154	128	1243

150	129	1229

154	129	1233

150	130	1231

155	130	1234

151	131	1226

155	131	1233

151	132	1228

155	132	1232

151	133	1230

155	133	1230

151	134	1233

156	134	1229

172	134	1268

173	134	1270

152	135	1228

156	135	1240

171	135	1259

174	135	1277

152	136	1228

156	136	1239

170	136	1266

174	136	1267

152	137	1230

156	137	1236

170	137	1258

174	137	1267

152	138	1231

157	138	1237

170	138	1253

174	138	1265

152	139	1232

157	139	1248

169	139	1259

174	139	1270

152	140	1234

157	140	1243

169	140	1252

174	140	1268

152	141	1235

157	141	1242

168	141	1263

173	141	1260

152	142	1237

157	142	1238

168	142	1252

173	142	1268

152	143	1231

158	143	1251

167	143	1257

172	143	1257

153	144	1234

158	144	1250

167	144	1250

172	144	1260

153	145	1234

158	145	1248

166	145	1253

172	145	1269

153	146	1235

158	146	1246

165	146	1251

171	146	1256

153	147	1234

159	147	1221

164	147	1250

171	147	1264

153	148	1235

160	148	1302

164	148	1249

171	148	1275

149	149	1230

150	149	1227

153	149	1232

161	149	1269

163	149	1249

170	149	1265

148	150	1216

151	150	1221

152	150	1226

162	150	1246

170	150	1274

148	151	1209

169	151	1261

147	152	1214

169	152	1273

146	153	1234

168	153	1264

146	154	1238

167	154	1260

144	155	1250

146	155	1243

167	155	1272

144	156	1221

145	156	1217

166	156	1259

143	157	1220

166	157	1265

142	158	1234

166	158	1266

142	159	1240

165	159	1256

142	160	1244

165	160	1259

142	161	1246

165	161	1265

142	162	1241

165	162	1263

142	163	1241

165	163	1264

142	164	1243

165	164	1257

142	165	1244

164	165	1255

141	166	1254

164	166	1258

141	167	1252

164	167	1268

141	168	1255

164	168	1275

142	169	1246

163	169	1267

142	170	1248

162	170	1249

142	171	1247

162	171	1261

142	172	1248

162	172	1277

142	173	1254

162	173	1293

142	174	1257

161	174	1279

142	175	1258

161	175	1292

142	176	1268

161	176	1301

143	177	1259

160	177	1292

143	178	1272

160	178	1297

143	179	1269

160	179	1307

144	180	1271

159	180	1326

143	181	1286

158	181	1329

144	182	1282

158	182	1339

144	183	1289

157	183	1319

144	184	1292

157	184	1327

144	185	1292

157	185	1336

145	186	1296

156	186	1325

145	187	1305

156	187	1333

145	188	1310

156	188	1338

145	189	1313

155	189	1337

145	190	1319

154	190	1333

145	191	1325

154	191	1337

145	192	1328

153	192	1335

146	193	1335

147	193	1339

148	193	1340

149	193	1338

150	193	1338

151	193	1336

152	193	1337

