176	157	1881

176	158	1878

177	158	1881

176	159	1882

177	159	1886

176	160	1879

177	160	1882

176	161	1877

177	161	1877

187	161	1898

188	161	1898

176	162	1879

178	162	1885

187	162	1894

188	162	1896

176	163	1884

178	163	1884

186	163	1900

188	163	1898

176	164	1887

178	164	1886

186	164	1899

188	164	1903

177	165	1883

178	165	1883

185	165	1904

188	165	1910

177	166	1883

178	166	1883

185	166	1904

187	166	1900

177	167	1883

178	167	1882

184	167	1917

187	167	1903

177	168	1886

178	168	1885

184	168	1905

187	168	1907

177	169	1888

179	169	1896

183	169	1905

186	169	1900

176	170	1893

179	170	1894

182	170	1908

186	170	1907

175	171	1871

180	171	1893

181	171	1897

185	171	1900

174	172	1862

185	172	1906

173	173	1876

184	173	1895

173	174	1885

184	174	1900

172	175	1889

184	175	1904

171	176	1882

183	176	1895

171	177	1880

183	177	1900

170	178	1930

183	178	1903

170	179	1912

183	179	1905

170	180	1898

183	180	1911

170	181	1897

182	181	1888

170	182	1900

182	182	1884

170	183	1905

182	183	1882

169	184	1935

182	184	1882

170	185	1904

182	185	1897

170	186	1908

181	186	1901

170	187	1917

181	187	1927

170	188	1937

180	188	1928

171	189	1932

180	189	1960

171	190	1941

179	190	1950

170	191	1964

179	191	1962

170	192	1945

179	192	1968

170	193	1943

178	193	1944

169	194	1967

178	194	1956

169	195	1956

178	195	1969

169	196	1947

177	196	1948

169	197	1947

177	197	1955

169	198	1944

177	198	1967

168	199	1971

176	199	1947

168	200	1962

176	200	1956

168	201	1958

176	201	1960

168	202	1957

176	202	1967

168	203	1958

175	203	1951

168	204	1952

175	204	1959

168	205	1949

175	205	1964

167	206	1967

175	206	1968

167	207	1964

168	207	1951

169	207	1946

170	207	1945

171	207	1945

172	207	1947

173	207	1955

174	207	1963

