163	160	1635

164	160	1634

163	161	1638

165	161	1643

163	162	1641

165	162	1643

163	163	1640

165	163	1640

163	164	1641

165	164	1641

177	164	1659

178	164	1655

163	165	1637

166	165	1650

177	165	1661

178	165	1658

163	166	1644

166	166	1644

176	166	1659

178	166	1657

163	167	1652

166	167	1641

176	167	1659

178	167	1659

164	168	1640

167	168	1648

175	168	1650

178	168	1658

164	169	1641

167	169	1650

174	169	1647

178	169	1662

164	170	1645

168	170	1666

174	170	1663

177	170	1657

164	171	1647

168	171	1664

174	171	1661

177	171	1661

163	172	1667

168	172	1659

173	172	1660

177	172	1667

164	173	1650

168	173	1658

172	173	1658

177	173	1674

164	174	1650

168	174	1662

172	174	1657

176	174	1668

164	175	1643

169	175	1676

170	175	1678

171	175	1666

176	175	1672

162	176	1637

163	176	1644

175	176	1666

161	177	1630

175	177	1674

160	178	1634

174	178	1668

160	179	1630

174	179	1670

159	180	1641

173	180	1662

157	181	1661

158	181	1639

173	181	1666

157	182	1644

173	182	1669

157	183	1636

173	183	1668

157	184	1649

173	184	1672

157	185	1664

172	185	1663

157	186	1666

172	186	1669

156	187	1686

172	187	1676

156	188	1695

172	188	1685

156	189	1707

172	189	1682

156	190	1703

171	190	1654

157	191	1676

171	191	1660

157	192	1678

171	192	1679

157	193	1679

170	193	1671

157	194	1685

170	194	1695

157	195	1696

170	195	1718

158	196	1706

169	196	1712

158	197	1722

168	197	1719

158	198	1726

168	198	1741

158	199	1732

167	199	1726

158	200	1740

167	200	1736

159	201	1731

166	201	1725

160	202	1726

166	202	1740

160	203	1737

165	203	1740

161	204	1739

162	204	1735

163	204	1736

164	204	1740

