168	98	1384

169	98	1389

170	98	1395

168	99	1386

171	99	1402

167	100	1388

171	100	1399

167	101	1387

171	101	1396

167	102	1386

171	102	1395

182	102	1429

167	103	1386

172	103	1398

181	103	1418

183	103	1426

167	104	1385

172	104	1400

180	104	1421

183	104	1423

167	105	1390

172	105	1402

179	105	1398

183	105	1425

168	106	1396

172	106	1407

179	106	1420

183	106	1429

168	107	1397

172	107	1408

179	107	1422

183	107	1433

168	108	1401

172	108	1411

179	108	1422

183	108	1433

168	109	1402

172	109	1412

178	109	1421

183	109	1438

168	110	1404

172	110	1412

177	110	1425

182	110	1431

167	111	1406

172	111	1414

177	111	1427

182	111	1435

167	112	1406

173	112	1439

175	112	1410

176	112	1417

182	112	1442

167	113	1406

173	113	1444

176	113	1427

181	113	1435

167	114	1408

174	114	1460

175	114	1428

181	114	1437

168	115	1413

181	115	1441

168	116	1414

180	116	1434

168	117	1415

180	117	1440

167	118	1413

180	118	1445

164	119	1414

165	119	1392

166	119	1392

179	119	1442

163	120	1415

179	120	1445

162	121	1413

179	121	1450

160	122	1414

161	122	1411

179	122	1453

158	123	1405

159	123	1399

179	123	1452

158	124	1396

179	124	1449

157	125	1405

179	125	1447

157	126	1409

179	126	1441

156	127	1429

179	127	1441

155	128	1487

179	128	1430

155	129	1420

179	129	1425

155	130	1433

180	130	1427

181	130	1377

155	131	1431

180	131	1429

155	132	1427

180	132	1431

156	133	1414

180	133	1439

156	134	1416

179	134	1434

156	135	1420

179	135	1439

155	136	1463

179	136	1441

156	137	1457

178	137	1435

156	138	1464

178	138	1443

156	139	1448

157	139	1419

177	139	1446

158	140	1426

177	140	1457

156	141	1432

157	141	1443

176	141	1466

157	142	1444

175	142	1477

157	143	1437

175	143	1484

157	144	1432

174	144	1480

157	145	1428

174	145	1482

156	146	1436

173	146	1475

157	147	1433

173	147	1479

155	148	1426

156	148	1430

173	148	1484

155	149	1443

172	149	1485

154	150	1439

172	150	1488

155	151	1439

171	151	1486

153	152	1455

154	152	1443

171	152	1488

153	153	1464

171	153	1496

153	154	1439

170	154	1489

152	155	1433

170	155	1498

151	156	1448

170	156	1498

151	157	1455

170	157	1503

150	158	1408

169	158	1493

150	159	1439

169	159	1497

150	160	1445

169	160	1500

150	161	1444

168	161	1500

149	162	1447

168	162	1503

149	163	1450

168	163	1509

148	164	1466

167	164	1502

147	165	1469

167	165	1508

147	166	1463

167	166	1508

147	167	1454

167	167	1513

146	168	1444

166	168	1504

146	169	1453

147	169	1452

148	169	1447

149	169	1446

150	169	1446

151	169	1448

152	169	1446

153	169	1446

154	169	1445

155	169	1445

156	169	1446

157	169	1448

158	169	1450

159	169	1453

160	169	1453

161	169	1458

162	169	1462

163	169	1471

164	169	1481

165	169	1493

166	169	1511

