153	123	1190

154	123	1195

152	124	1182

155	124	1189

152	125	1182

156	125	1195

152	126	1185

156	126	1189

152	127	1187

156	127	1185

152	128	1188

157	128	1194

152	129	1189

157	129	1191

153	130	1183

157	130	1192

173	130	1219

174	130	1215

175	130	1216

176	130	1224

153	131	1185

157	131	1189

172	131	1208

176	131	1213

153	132	1187

157	132	1187

172	132	1207

177	132	1227

153	133	1188

158	133	1198

172	133	1206

177	133	1219

153	134	1189

158	134	1196

171	134	1212

176	134	1221

153	135	1190

158	135	1196

170	135	1221

176	135	1230

153	136	1189

158	136	1192

170	136	1217

175	136	1209

153	137	1177

159	137	1206

170	137	1208

175	137	1215

154	138	1189

159	138	1205

169	138	1210

175	138	1223

154	139	1191

159	139	1205

169	139	1207

174	139	1212

154	140	1188

159	140	1201

168	140	1213

174	140	1214

154	141	1190

160	141	1195

168	141	1207

174	141	1222

154	142	1189

160	142	1206

167	142	1210

173	142	1211

154	143	1192

160	143	1208

166	143	1214

173	143	1219

154	144	1192

161	144	1228

162	144	1256

166	144	1208

173	144	1232

154	145	1191

162	145	1263

165	145	1211

172	145	1219

149	146	1164

150	146	1170

151	146	1175

152	146	1183

154	146	1177

162	146	1250

164	146	1210

172	146	1230

148	147	1176

153	147	1182

163	147	1204

171	147	1218

147	148	1170

171	148	1235

147	149	1182

170	149	1223

145	150	1277

146	150	1244

169	150	1212

145	151	1245

169	151	1223

145	152	1191

169	152	1234

143	153	1159

144	153	1181

168	153	1212

143	154	1183

168	154	1214

142	155	1202

167	155	1212

142	156	1209

167	156	1216

142	157	1218

167	157	1223

143	158	1206

167	158	1225

143	159	1201

167	159	1225

142	160	1204

166	160	1210

142	161	1202

166	161	1213

142	162	1210

166	162	1216

142	163	1211

166	163	1221

142	164	1212

166	164	1230

142	165	1217

165	165	1228

142	166	1222

165	166	1245

142	167	1222

164	167	1212

142	168	1220

164	168	1227

142	169	1236

164	169	1244

142	170	1245

163	170	1222

142	171	1208

163	171	1243

142	172	1239

163	172	1256

143	173	1223

163	173	1262

143	174	1220

163	174	1264

143	175	1237

162	175	1260

144	176	1241

162	176	1276

145	177	1231

161	177	1279

145	178	1243

160	178	1279

145	179	1249

160	179	1294

145	180	1268

159	180	1281

146	181	1242

159	181	1289

146	182	1249

159	182	1294

146	183	1267

158	183	1287

146	184	1267

158	184	1295

146	185	1225

157	185	1293

146	186	1195

156	186	1288

147	187	1268

156	187	1295

148	188	1284

154	188	1288

155	188	1293

149	189	1294

150	189	1292

151	189	1294

152	189	1295

153	189	1296

