193	94	1367

191	95	1351

192	95	1340

194	95	1344

195	95	1363

191	96	1339

195	96	1347

191	97	1339

195	97	1345

191	98	1343

195	98	1346

191	99	1344

195	99	1345

191	100	1347

195	100	1344

205	100	1372

206	100	1370

207	100	1386

191	101	1350

196	101	1393

204	101	1371

208	101	1405

191	102	1351

195	102	1351

204	102	1365

208	102	1393

191	103	1350

196	103	1381

203	103	1371

208	103	1398

190	104	1340

196	104	1359

203	104	1367

207	104	1375

190	105	1364

196	105	1357

202	105	1385

207	105	1379

190	106	1362

196	106	1369

202	106	1372

207	106	1388

190	107	1362

196	107	1369

201	107	1379

207	107	1403

190	108	1358

197	108	1421

200	108	1390

206	108	1383

190	109	1354

197	109	1431

200	109	1387

206	109	1393

190	110	1355

197	110	1431

200	110	1374

206	110	1404

190	111	1358

196	111	1386

199	111	1382

205	111	1387

190	112	1363

196	112	1411

198	112	1369

205	112	1408

190	113	1366

196	113	1414

198	113	1382

204	113	1392

190	114	1368

197	114	1392

204	114	1404

189	115	1356

204	115	1421

187	116	1376

189	116	1360

203	116	1400

185	117	1368

186	117	1350

188	117	1342

203	117	1410

182	118	1416

183	118	1369

185	118	1350

202	118	1398

181	119	1396

184	119	1358

202	119	1406

180	120	1389

202	120	1418

178	121	1369

179	121	1361

202	121	1430

177	122	1393

201	122	1399

176	123	1396

201	123	1405

176	124	1407

201	124	1410

175	125	1320

201	125	1411

175	126	1321

201	126	1405

175	127	1327

201	127	1394

176	128	1353

201	128	1378

176	129	1369

202	129	1399

177	130	1359

202	130	1400

176	131	1372

201	131	1381

177	132	1361

201	132	1385

176	133	1400

201	133	1393

176	134	1328

202	134	1408

177	135	1376

201	135	1415

177	136	1388

200	136	1410

178	137	1384

200	137	1414

178	138	1393

200	138	1415

177	139	1400

199	139	1436

177	140	1340

198	140	1441

178	141	1386

197	141	1451

176	142	1354

177	142	1372

196	142	1448

176	143	1359

195	143	1440

176	144	1389

195	144	1448

175	145	1404

195	145	1452

174	146	1446

176	146	1391

194	146	1440

173	147	1394

174	147	1441

176	147	1391

194	147	1446

175	148	1396

193	148	1441

173	149	1405

174	149	1404

193	149	1452

172	150	1386

193	150	1462

172	151	1393

192	151	1452

172	152	1408

192	152	1457

171	153	1390

191	153	1447

170	154	1380

191	154	1452

170	155	1386

191	155	1454

170	156	1392

190	156	1458

170	157	1398

190	157	1466

169	158	1415

190	158	1462

168	159	1398

189	159	1462

168	160	1401

189	160	1467

167	161	1397

188	161	1463

167	162	1403

187	162	1455

166	163	1408

187	163	1460

166	164	1412

187	164	1463

166	165	1413

187	165	1466

166	166	1410

186	166	1459

165	167	1407

186	167	1466

164	168	1420

185	168	1457

164	169	1419

185	169	1459

163	170	1444

185	170	1461

163	171	1434

164	171	1422

165	171	1417

166	171	1412

167	171	1410

168	171	1407

169	171	1406

170	171	1405

171	171	1404

172	171	1403

173	171	1403

174	171	1405

175	171	1406

176	171	1406

177	171	1409

178	171	1410

179	171	1414

180	171	1416

181	171	1423

182	171	1429

183	171	1439

184	171	1448

185	171	1465

