150	147	1563

151	147	1565

150	148	1562

152	148	1569

149	149	1569

152	149	1566

149	150	1574

152	150	1565

150	151	1566

152	151	1565

150	152	1565

152	152	1565

151	153	1564

153	153	1573

166	153	1573

167	153	1574

168	153	1578

150	154	1567

153	154	1570

165	154	1572

168	154	1580

150	155	1570

153	155	1568

165	155	1571

168	155	1583

150	156	1567

153	156	1565

164	156	1573

167	156	1580

150	157	1569

153	157	1566

162	157	1592

163	157	1575

167	157	1582

150	158	1562

153	158	1565

162	158	1581

166	158	1579

150	159	1563

154	159	1575

161	159	1590

166	159	1585

150	160	1567

154	160	1573

160	160	1574

165	160	1579

150	161	1561

154	161	1573

159	161	1544

165	161	1583

149	162	1536

155	162	1584

159	162	1577

164	162	1580

147	163	1544

148	163	1545

155	163	1578

157	163	1591

158	163	1579

164	163	1591

146	164	1544

156	164	1573

163	164	1585

146	165	1540

162	165	1578

145	166	1542

162	166	1580

144	167	1548

161	167	1582

143	168	1540

161	168	1592

142	169	1537

160	169	1582

142	170	1536

160	170	1587

142	171	1533

159	171	1580

142	172	1543

159	172	1579

142	173	1560

159	173	1583

142	174	1574

159	174	1586

142	175	1579

158	175	1579

141	176	1604

158	176	1584

142	177	1575

158	177	1599

142	178	1577

158	178	1619

141	179	1611

157	179	1596

141	180	1588

157	180	1609

141	181	1594

157	181	1626

142	182	1583

157	182	1638

142	183	1584

156	183	1611

142	184	1585

156	184	1616

143	185	1588

156	185	1623

143	186	1624

155	186	1619

143	187	1632

155	187	1624

143	188	1617

155	188	1626

143	189	1614

155	189	1629

143	190	1606

155	190	1631

143	191	1610

155	191	1634

143	192	1613

155	192	1634

143	193	1609

155	193	1639

143	194	1609

155	194	1642

143	195	1611

155	195	1641

142	196	1629

155	196	1643

142	197	1630

155	197	1644

142	198	1621

155	198	1646

142	199	1619

155	199	1648

142	200	1630

155	200	1652

142	201	1638

155	201	1655

142	202	1634

155	202	1655

142	203	1633

155	203	1659

142	204	1634

155	204	1659

142	205	1634

155	205	1660

142	206	1638

143	206	1631

144	206	1624

145	206	1624

146	206	1620

147	206	1621

148	206	1620

149	206	1621

150	206	1623

151	206	1627

152	206	1634

153	206	1638

154	206	1647

155	206	1659

