183	126	1275

184	126	1281

199	126	1297

200	126	1295

201	126	1309

181	127	1274

182	127	1261

185	127	1273

198	127	1296

202	127	1320

180	128	1281

186	128	1278

198	128	1289

202	128	1302

180	129	1281

187	129	1285

198	129	1291

202	129	1298

180	130	1261

188	130	1286

189	130	1311

198	130	1295

203	130	1329

181	131	1247

190	131	1327

198	131	1297

203	131	1321

182	132	1277

191	132	1317

193	132	1330

197	132	1329

203	132	1313

182	133	1305

191	133	1303

196	133	1368

203	133	1306

182	134	1321

191	134	1271

193	134	1365

194	134	1365

195	134	1374

196	134	1382

204	134	1346

183	135	1313

184	135	1286

191	135	1298

194	135	1359

197	135	1343

204	135	1328

185	136	1280

192	136	1309

193	136	1341

198	136	1305

205	136	1367

186	137	1279

194	137	1374

196	137	1315

197	137	1330

205	137	1367

186	138	1288

195	138	1373

204	138	1323

187	139	1280

194	139	1339

196	139	1377

197	139	1338

204	139	1323

187	140	1285

194	140	1321

198	140	1309

204	140	1319

187	141	1292

194	141	1321

198	141	1307

205	141	1353

188	142	1287

194	142	1316

198	142	1305

205	142	1359

188	143	1288

194	143	1308

198	143	1304

204	143	1330

189	144	1288

195	144	1330

198	144	1303

204	144	1335

189	145	1293

195	145	1313

197	145	1303

204	145	1336

189	146	1295

196	146	1305

204	146	1339

189	147	1322

204	147	1336

186	148	1295

187	148	1274

188	148	1276

204	148	1331

185	149	1276

204	149	1329

184	150	1295

204	150	1328

182	151	1374

183	151	1345

204	151	1326

182	152	1371

204	152	1320

183	153	1380

204	153	1313

182	154	1352

205	154	1337

182	155	1303

205	155	1321

182	156	1299

206	156	1351

181	157	1331

206	157	1335

181	158	1314

206	158	1331

181	159	1338

206	159	1332

181	160	1306

206	160	1333

181	161	1304

206	161	1336

181	162	1312

206	162	1340

180	163	1361

206	163	1347

181	164	1322

206	164	1351

181	165	1330

206	165	1355

180	166	1316

206	166	1353

180	167	1360

181	167	1352

206	167	1353

182	168	1314

206	168	1359

181	169	1361

205	169	1320

182	170	1349

205	170	1326

183	171	1324

205	171	1337

184	172	1309

205	172	1352

183	173	1367

205	173	1372

183	174	1336

204	174	1351

184	175	1336

185	175	1343

204	175	1358

186	176	1359

204	176	1355

186	177	1363

204	177	1353

186	178	1366

204	178	1355

187	179	1380

188	179	1357

204	179	1363

187	180	1380

189	180	1341

204	180	1373

189	181	1352

204	181	1383

189	182	1349

203	182	1365

189	183	1355

203	183	1370

190	184	1334

203	184	1375

189	185	1381

203	185	1378

190	186	1341

203	186	1381

189	187	1365

203	187	1384

189	188	1355

202	188	1371

188	189	1355

202	189	1373

187	190	1372

202	190	1378

188	191	1360

189	191	1332

202	191	1383

187	192	1373

188	192	1347

190	192	1350

202	192	1384

188	193	1353

189	193	1366

202	193	1384

187	194	1360

201	194	1379

187	195	1358

188	195	1382

189	195	1372

201	195	1382

190	196	1374

200	196	1379

190	197	1379

200	197	1383

190	198	1384

199	198	1383

191	199	1381

198	199	1380

199	199	1383

192	200	1379

197	200	1381

193	201	1381

196	201	1382

197	201	1384

194	202	1383

195	202	1381

195	203	1384

