187	125	1279

188	125	1276

189	125	1284

203	125	1308

204	125	1298

205	125	1305

186	126	1278

190	126	1284

202	126	1320

206	126	1306

186	127	1274

191	127	1292

202	127	1309

207	127	1332

186	128	1275

192	128	1301

202	128	1309

207	128	1316

186	129	1279

192	129	1285

202	129	1312

207	129	1312

187	130	1273

193	130	1301

203	130	1296

207	130	1307

187	131	1286

194	131	1309

203	131	1296

207	131	1304

187	132	1297

195	132	1316

196	132	1342

197	132	1353

203	132	1298

207	132	1303

188	133	1290

198	133	1385

199	133	1357

202	133	1330

208	133	1341

185	134	1317

188	134	1265

198	134	1381

200	134	1356

202	134	1320

208	134	1334

187	135	1344

199	135	1350

202	135	1324

208	135	1324

188	136	1309

189	136	1293

198	136	1349

202	136	1310

209	136	1358

190	137	1296

199	137	1361

203	137	1304

209	137	1338

191	138	1288

199	138	1354

203	138	1304

209	138	1338

191	139	1287

200	139	1328

202	139	1323

209	139	1351

192	140	1292

200	140	1322

201	140	1329

208	140	1318

192	141	1296

199	141	1341

202	141	1317

209	141	1359

193	142	1292

199	142	1333

202	142	1307

209	142	1360

193	143	1295

199	143	1320

202	143	1311

209	143	1366

194	144	1290

199	144	1309

201	144	1316

208	144	1328

194	145	1294

200	145	1302

208	145	1330

192	146	1300

193	146	1301

208	146	1328

190	147	1300

191	147	1278

208	147	1324

189	148	1295

208	148	1318

188	149	1315

208	149	1318

188	150	1315

208	150	1315

188	151	1312

209	151	1354

189	152	1289

209	152	1332

187	153	1361

188	153	1318

209	153	1320

187	154	1293

210	154	1345

186	155	1308

210	155	1336

185	156	1345

210	156	1329

185	157	1340

210	157	1333

185	158	1308

210	158	1336

185	159	1307

209	159	1294

185	160	1338

209	160	1293

185	161	1321

209	161	1297

185	162	1327

209	162	1301

185	163	1349

210	163	1350

184	164	1380

185	164	1384

210	164	1351

186	165	1322

210	165	1349

185	166	1372

210	166	1347

186	167	1328

210	167	1348

187	168	1311

210	168	1357

187	169	1332

209	169	1325

187	170	1362

209	170	1338

187	171	1339

209	171	1355

187	172	1350

188	172	1336

209	172	1374

189	173	1350

209	173	1386

188	174	1378

209	174	1393

189	175	1341

190	175	1336

191	175	1329

208	175	1357

192	176	1334

208	176	1359

192	177	1357

208	177	1363

192	178	1361

208	178	1367

192	179	1351

208	179	1376

191	180	1379

193	180	1356

208	180	1385

191	181	1354

193	181	1382

207	181	1368

192	182	1386

194	182	1340

207	182	1374

191	183	1393

192	183	1381

193	183	1387

207	183	1380

193	184	1363

207	184	1386

193	185	1356

207	185	1392

193	186	1360

206	186	1376

191	187	1370

193	187	1352

206	187	1382

191	188	1390

192	188	1342

206	188	1383

191	189	1380

193	189	1357

206	189	1381

192	190	1364

206	190	1380

192	191	1386

206	191	1385

192	192	1392

193	192	1389

206	192	1391

191	193	1385

192	193	1372

194	193	1372

206	193	1393

192	194	1338

194	194	1378

205	194	1386

194	195	1380

205	195	1389

192	196	1389

193	196	1382

205	196	1391

192	197	1376

205	197	1393

192	198	1386

193	198	1380

204	198	1392

194	199	1393

195	199	1386

203	199	1390

196	200	1387

202	200	1389

196	201	1389

201	201	1390

202	201	1393

197	202	1392

198	202	1390

200	202	1392

199	203	1393

