177	157	2048

178	157	2054

177	158	2041

178	158	2041

177	159	2044

178	159	2038

177	160	2049

179	160	2040

177	161	2057

179	161	2044

188	161	2074

189	161	2079

177	162	2064

179	162	2042

188	162	2063

189	162	2070

177	163	2076

179	163	2039

187	163	2066

189	163	2064

178	164	2035

179	164	2032

187	164	2056

188	164	2054

178	165	2039

180	165	2042

186	165	2064

188	165	2054

178	166	2038

180	166	2036

186	166	2049

188	166	2057

178	167	2038

180	167	2039

185	167	2039

187	167	2043

177	168	2064

180	168	2042

184	168	2043

187	168	2050

176	169	2032

180	169	2042

183	169	2053

187	169	2067

175	170	2031

181	170	2043

182	170	2050

186	170	2052

175	171	2029

185	171	2037

175	172	2025

185	172	2044

173	173	2031

174	173	2027

184	173	2033

173	174	2023

184	174	2040

173	175	2025

184	175	2051

172	176	2071

184	176	2055

171	177	2069

183	177	2038

171	178	2054

183	178	2038

171	179	2049

183	179	2033

171	180	2046

183	180	2031

171	181	2047

182	181	2015

171	182	2049

182	182	2026

171	183	2056

182	183	2045

171	184	2067

182	184	2066

172	185	2052

181	185	2058

172	186	2065

181	186	2071

172	187	2076

181	187	2091

172	188	2068

180	188	2066

172	189	2058

180	189	2074

171	190	2075

180	190	2087

171	191	2069

179	191	2067

171	192	2060

179	192	2074

170	193	2087

179	193	2078

170	194	2072

179	194	2088

169	195	2098

178	195	2065

169	196	2078

178	196	2073

169	197	2068

178	197	2085

169	198	2061

178	198	2100

168	199	2097

178	199	2110

168	200	2086

177	200	2077

168	201	2076

177	201	2087

168	202	2064

177	202	2093

167	203	2090

177	203	2096

167	204	2074

177	204	2099

166	205	2103

167	205	2064

168	205	2042

169	205	2034

170	205	2030

171	205	2028

172	205	2029

173	205	2029

174	205	2035

175	205	2045

176	205	2068

177	205	2104

