153	131	1265

152	132	1256

154	132	1259

151	133	1255

154	133	1258

151	134	1259

155	134	1260

151	135	1260

156	135	1257

152	136	1262

156	136	1268

152	137	1263

156	137	1268

170	137	1295

171	137	1281

172	137	1282

173	137	1287

152	138	1263

156	138	1266

170	138	1287

174	138	1298

152	139	1257

157	139	1275

170	139	1283

174	139	1294

153	140	1260

157	140	1272

169	140	1288

174	140	1295

153	141	1263

157	141	1270

169	141	1285

174	141	1299

153	142	1265

158	142	1260

169	142	1283

173	142	1293

153	143	1264

158	143	1278

168	143	1285

173	143	1298

153	144	1263

158	144	1277

168	144	1283

173	144	1300

153	145	1262

158	145	1276

167	145	1286

172	145	1288

153	146	1254

159	146	1283

167	146	1281

172	146	1291

154	147	1268

159	147	1282

166	147	1277

172	147	1295

154	148	1269

159	148	1282

166	148	1283

172	148	1301

154	149	1270

159	149	1280

165	149	1289

171	149	1292

154	150	1271

160	150	1301

161	150	1298

165	150	1282

171	150	1300

154	151	1270

161	151	1267

164	151	1286

171	151	1307

154	152	1267

162	152	1276

163	152	1281

170	152	1294

150	153	1251

151	153	1250

154	153	1271

170	153	1296

149	154	1246

152	154	1255

153	154	1263

169	154	1295

148	155	1254

169	155	1301

148	156	1252

168	156	1290

147	157	1288

168	157	1297

146	158	1290

168	158	1273

145	159	1242

167	159	1297

144	160	1244

167	160	1300

144	161	1261

167	161	1299

144	162	1262

166	162	1292

144	163	1260

166	163	1295

144	164	1268

166	164	1297

144	165	1275

166	165	1297

144	166	1278

166	166	1296

144	167	1277

166	167	1297

144	168	1283

166	168	1297

144	169	1284

165	169	1294

144	170	1289

165	170	1305

144	171	1292

164	171	1302

144	172	1298

164	172	1307

144	173	1297

163	173	1285

145	174	1294

163	174	1299

145	175	1293

163	175	1316

145	176	1293

163	176	1324

145	177	1293

163	177	1324

146	178	1295

162	178	1314

145	179	1319

146	179	1302

163	179	1324

145	180	1339

147	180	1306

162	180	1344

147	181	1319

161	181	1352

147	182	1325

160	182	1346

148	183	1318

160	183	1363

148	184	1320

160	184	1366

148	185	1335

159	185	1356

148	186	1348

158	186	1353

159	186	1366

148	187	1361

157	187	1358

149	188	1345

156	188	1361

150	189	1346

152	189	1356

155	189	1365

150	190	1359

151	190	1364

153	190	1365

154	190	1366

