183	96	1370

184	96	1369

185	96	1387

182	97	1365

186	97	1380

182	98	1361

186	98	1366

182	99	1364

186	99	1365

182	100	1366

186	100	1365

182	101	1367

186	101	1367

182	102	1369

186	102	1368

196	102	1394

197	102	1380

198	102	1388

182	103	1372

186	103	1371

195	103	1399

199	103	1394

182	104	1372

187	104	1391

195	104	1385

199	104	1390

182	105	1371

187	105	1366

194	105	1379

199	105	1398

182	106	1370

186	106	1371

194	106	1388

199	106	1407

181	107	1367

187	107	1362

193	107	1375

199	107	1410

181	108	1379

187	108	1375

193	108	1389

198	108	1393

181	109	1380

187	109	1382

193	109	1384

198	109	1405

181	110	1377

187	110	1376

192	110	1393

197	110	1394

181	111	1377

187	111	1384

192	111	1389

197	111	1401

181	112	1377

188	112	1417

189	112	1411

191	112	1392

197	112	1413

181	113	1382

189	113	1381

190	113	1363

197	113	1426

181	114	1382

188	114	1432

190	114	1393

196	114	1411

181	115	1382

189	115	1372

196	115	1422

181	116	1378

195	116	1403

177	117	1371

178	117	1357

179	117	1350

180	117	1355

195	117	1411

176	118	1359

195	118	1422

174	119	1371

175	119	1364

194	119	1410

173	120	1363

194	120	1418

172	121	1354

194	121	1425

171	122	1362

193	122	1408

170	123	1370

193	123	1412

169	124	1377

193	124	1418

169	125	1370

193	125	1425

169	126	1382

192	126	1407

168	127	1413

192	127	1400

169	128	1380

192	128	1385

168	129	1390

193	129	1403

168	130	1401

193	130	1393

168	131	1394

193	131	1394

168	132	1391

193	132	1399

168	133	1392

193	133	1411

168	134	1390

192	134	1402

168	135	1398

192	135	1417

169	136	1382

193	136	1412

168	137	1406

192	137	1429

168	138	1419

191	138	1428

168	139	1454

190	139	1424

168	140	1404

190	140	1438

169	141	1418

189	141	1441

168	142	1423

188	142	1446

168	143	1451

188	143	1457

168	144	1404

187	144	1444

167	145	1406

187	145	1445

167	146	1428

186	146	1434

167	147	1407

186	147	1439

166	148	1392

186	148	1441

167	149	1404

185	149	1438

167	150	1398

185	150	1445

166	151	1397

185	151	1454

165	152	1398

184	152	1449

163	153	1385

164	153	1433

184	153	1452

164	154	1420

184	154	1453

163	155	1413

183	155	1455

163	156	1386

182	156	1454

183	156	1460

162	157	1388

181	157	1452

161	158	1406

181	158	1456

183	158	1459

162	159	1402

181	159	1459

162	160	1407

180	160	1450

161	161	1406

180	161	1458

182	161	1441

160	162	1415

179	162	1448

160	163	1411

179	163	1453

160	164	1412

179	164	1457

181	164	1459

158	165	1394

159	165	1414

178	165	1453

157	166	1393

158	166	1412

159	166	1415

160	166	1413

161	166	1412

162	166	1408

163	166	1405

164	166	1405

165	166	1406

166	166	1406

167	166	1405

168	166	1406

169	166	1407

170	166	1407

171	166	1407

172	166	1412

173	166	1417

174	166	1421

175	166	1426

176	166	1434

177	166	1444

178	166	1457

