167	159	1730

168	159	1727

166	160	1731

168	160	1718

166	161	1701

169	161	1727

167	162	1719

169	162	1723

168	163	1719

169	163	1723

181	163	1743

168	164	1719

169	164	1720

180	164	1742

181	164	1739

168	165	1718

170	165	1729

179	165	1744

181	165	1738

168	166	1720

170	166	1728

179	166	1739

181	166	1738

168	167	1722

170	167	1728

178	167	1734

181	167	1742

168	168	1727

170	168	1728

178	168	1739

181	168	1747

168	169	1729

170	169	1729

177	169	1754

180	169	1739

168	170	1729

171	170	1742

177	170	1748

180	170	1740

168	171	1729

171	171	1740

176	171	1754

180	171	1746

168	172	1729

171	172	1736

176	172	1746

180	172	1751

168	173	1729

171	173	1738

175	173	1748

179	173	1744

168	174	1730

172	174	1745

174	174	1756

179	174	1752

165	175	1715

166	175	1708

167	175	1714

173	175	1746

178	175	1749

165	176	1708

178	176	1754

164	177	1718

177	177	1747

164	178	1713

177	178	1749

162	179	1730

163	179	1724

177	179	1757

162	180	1722

176	180	1742

161	181	1731

176	181	1748

161	182	1741

176	182	1755

161	183	1757

176	183	1760

161	184	1752

176	184	1762

160	185	1759

175	185	1751

161	186	1747

175	186	1755

161	187	1751

175	187	1754

161	188	1754

174	188	1726

161	189	1758

174	189	1735

161	190	1760

174	190	1745

161	191	1762

174	191	1765

162	192	1756

173	192	1760

162	193	1764

173	193	1790

162	194	1786

172	194	1782

162	195	1810

172	195	1811

162	196	1808

171	196	1800

161	197	1817

171	197	1816

162	198	1807

170	198	1799

162	199	1810

170	199	1817

162	200	1810

169	200	1807

162	201	1814

169	201	1815

163	202	1808

168	202	1814

163	203	1819

164	203	1813

167	203	1816

165	204	1817

166	204	1817

