122	46	1159

152	51	1221

127	53	1224

139	53	1234

140	54	1186

130	56	1182

143	62	1147

176	63	1122

177	63	1120

178	63	1126

174	64	1141

175	64	1122

179	64	1130

174	65	1128

179	65	1129

174	66	1126

179	66	1130

174	67	1127

179	67	1129

152	68	1208

174	68	1130

180	68	1136

152	69	1197

174	69	1138

180	69	1134

174	70	1153

180	70	1137

193	70	1146

194	70	1151

148	71	1202

149	71	1198

175	71	1130

180	71	1139

192	71	1141

195	71	1153

149	72	1166

150	72	1212

175	72	1131

180	72	1138

191	72	1142

195	72	1151

174	73	1131

180	73	1136

191	73	1139

195	73	1153

174	74	1141

181	74	1218

190	74	1143

195	74	1156

175	75	1133

181	75	1174

189	75	1152

195	75	1159

174	76	1137

181	76	1170

189	76	1149

194	76	1151

174	77	1137

181	77	1168

188	77	1192

194	77	1154

174	78	1142

181	78	1166

188	78	1149

194	78	1159

175	79	1136

181	79	1165

188	79	1146

194	79	1165

174	80	1142

182	80	1217

187	80	1156

194	80	1173

174	81	1142

181	81	1167

187	81	1154

194	81	1202

174	82	1142

182	82	1212

186	82	1171

193	82	1165

174	83	1143

181	83	1174

186	83	1155

193	83	1175

174	84	1142

181	84	1179

185	84	1165

193	84	1194

174	85	1144

182	85	1228

184	85	1208

192	85	1170

174	86	1147

181	86	1188

184	86	1173

192	86	1177

174	87	1152

181	87	1190

183	87	1202

192	87	1193

174	88	1150

182	88	1198

191	88	1173

169	89	1125

170	89	1121

171	89	1120

172	89	1125

173	89	1140

191	89	1178

167	90	1173

168	90	1132

191	90	1195

166	91	1202

190	91	1180

164	92	1180

165	92	1176

190	92	1186

164	93	1160

190	93	1202

162	94	1180

163	94	1151

189	94	1177

160	95	1234

161	95	1191

189	95	1182

159	96	1233

189	96	1195

159	97	1190

188	97	1174

159	98	1189

188	98	1174

159	99	1187

188	99	1172

158	100	1187

188	100	1174

159	101	1156

188	101	1170

158	102	1179

188	102	1161

156	103	1227

157	103	1210

188	103	1157

157	104	1194

188	104	1158

156	105	1181

188	105	1162

157	106	1224

188	106	1167

156	107	1234

157	107	1199

158	107	1198

188	107	1177

159	108	1154

188	108	1186

156	109	1159

158	109	1223

187	109	1167

155	110	1193

157	110	1223

187	110	1174

158	111	1200

187	111	1186

158	112	1191

186	112	1177

158	113	1229

186	113	1189

159	114	1217

186	114	1201

160	115	1192

185	115	1195

157	116	1230

158	116	1229

159	116	1221

185	116	1215

159	117	1214

184	117	1209

159	118	1194

184	118	1229

158	119	1166

183	119	1222

159	120	1181

183	120	1231

159	121	1229

182	121	1216

158	122	1225

182	122	1226

156	123	1216

157	123	1225

159	123	1196

181	123	1216

158	124	1193

181	124	1223

156	125	1223

157	125	1215

181	125	1227

155	126	1211

156	126	1208

158	126	1192

181	126	1232

155	127	1221

157	127	1205

180	127	1216

156	128	1222

180	128	1223

155	129	1218

180	129	1229

182	129	1233

155	130	1197

180	130	1236

154	131	1220

179	131	1228

154	132	1189

179	132	1236

154	133	1206

178	133	1229

153	134	1222

178	134	1235

153	135	1221

177	135	1230

152	136	1233

176	136	1225

152	137	1233

176	137	1229

150	138	1219

151	138	1203

176	138	1233

149	139	1229

175	139	1226

149	140	1220

175	140	1231

150	141	1190

174	141	1222

149	142	1210

174	142	1227

148	143	1214

150	143	1205

174	143	1235

149	144	1209

173	144	1226

148	145	1171

173	145	1231

147	146	1170

173	146	1235

148	147	1198

172	147	1226

145	148	1195

146	148	1171

148	148	1192

172	148	1231

147	149	1188

172	149	1235

146	150	1197

171	150	1226

145	151	1223

171	151	1229

145	152	1172

171	152	1231

146	153	1207

147	153	1200

148	153	1195

149	153	1196

150	153	1192

151	153	1189

152	153	1187

153	153	1186

154	153	1186

155	153	1185

156	153	1185

157	153	1185

158	153	1187

159	153	1188

160	153	1190

161	153	1189

162	153	1187

163	153	1189

164	153	1193

165	153	1196

166	153	1200

167	153	1205

168	153	1211

169	153	1216

170	153	1227

171	153	1235

