169	96	1385

168	97	1373

170	97	1379

171	97	1386

167	98	1378

171	98	1386

167	99	1378

171	99	1385

167	100	1375

171	100	1387

167	101	1374

171	101	1386

182	101	1419

167	102	1380

171	102	1387

181	102	1408

183	102	1418

167	103	1385

171	103	1390

180	103	1405

184	103	1427

167	104	1386

171	104	1393

179	104	1405

184	104	1414

167	105	1385

172	105	1394

179	105	1409

183	105	1415

167	106	1385

172	106	1395

179	106	1406

183	106	1419

167	107	1386

172	107	1397

178	107	1413

183	107	1423

167	108	1389

172	108	1396

178	108	1411

183	108	1429

167	109	1390

172	109	1399

177	109	1414

182	109	1420

166	110	1397

172	110	1402

177	110	1414

182	110	1424

166	111	1381

172	111	1405

175	111	1390

176	111	1407

182	111	1429

166	112	1396

173	112	1423

174	112	1461

176	112	1414

182	112	1434

166	113	1386

175	113	1408

181	113	1425

167	114	1397

181	114	1428

167	115	1398

180	115	1421

167	116	1396

180	116	1425

166	117	1393

180	117	1432

164	118	1387

165	118	1381

179	118	1426

162	119	1380

163	119	1384

179	119	1428

161	120	1391

179	120	1432

160	121	1395

179	121	1432

158	122	1427

159	122	1394

179	122	1434

157	123	1408

179	123	1423

157	124	1389

178	124	1425

156	125	1391

178	125	1418

155	126	1419

179	126	1424

155	127	1426

179	127	1423

155	128	1406

180	128	1429

155	129	1400

181	129	1433

155	130	1410

181	130	1405

155	131	1403

180	131	1420

155	132	1408

180	132	1417

155	133	1421

180	133	1423

155	134	1421

180	134	1432

154	135	1427

179	135	1433

155	136	1445

178	136	1434

156	137	1419

178	137	1446

156	138	1418

177	138	1443

157	139	1415

177	139	1452

156	140	1421

176	140	1458

156	141	1423

175	141	1465

156	142	1413

175	142	1475

156	143	1435

174	143	1469

156	144	1431

174	144	1471

155	145	1422

173	145	1463

156	146	1427

173	146	1470

156	147	1425

172	147	1465

155	148	1416

172	148	1474

155	149	1419

172	149	1481

154	150	1422

171	150	1479

153	151	1425

171	151	1480

153	152	1430

171	152	1485

152	153	1438

170	153	1483

152	154	1428

170	154	1487

151	155	1428

169	155	1481

151	156	1432

169	156	1487

150	157	1434

169	157	1496

150	158	1432

169	158	1500

149	159	1431

168	159	1492

149	160	1438

168	160	1493

148	161	1424

168	161	1496

147	162	1422

168	162	1492

147	163	1451

168	163	1497

147	164	1440

167	164	1500

146	165	1429

166	165	1493

146	166	1434

166	166	1496

146	167	1436

166	167	1499

145	168	1432

146	168	1435

147	168	1437

148	168	1437

149	168	1435

150	168	1433

151	168	1432

152	168	1433

153	168	1433

154	168	1433

155	168	1434

156	168	1437

157	168	1439

158	168	1441

159	168	1444

160	168	1447

161	168	1449

162	168	1454

163	168	1461

164	168	1473

165	168	1484

166	168	1500

