172	158	1822

172	159	1812

173	159	1817

172	160	1812

173	160	1813

172	161	1810

173	161	1809

172	162	1811

174	162	1815

184	162	1835

185	162	1836

172	163	1813

174	163	1815

184	163	1835

185	163	1837

172	164	1818

174	164	1815

183	164	1843

185	164	1841

172	165	1819

174	165	1814

183	165	1841

185	165	1847

172	166	1820

175	166	1825

182	166	1847

185	166	1852

172	167	1820

175	167	1825

182	167	1838

184	167	1836

173	168	1820

175	168	1825

181	168	1846

184	168	1838

172	169	1834

175	169	1826

181	169	1831

184	169	1840

173	170	1823

175	170	1826

180	170	1834

183	170	1830

173	171	1822

175	171	1826

179	171	1851

183	171	1835

173	172	1826

176	172	1838

178	172	1856

183	172	1849

171	173	1796

172	173	1811

177	173	1834

182	173	1840

170	174	1787

182	174	1849

170	175	1786

181	175	1837

169	176	1811

181	176	1837

168	177	1806

181	177	1838

167	178	1810

180	178	1828

167	179	1814

180	179	1834

166	180	1869

180	180	1838

166	181	1854

180	181	1840

166	182	1842

180	182	1844

166	183	1840

179	183	1834

166	184	1838

179	184	1828

166	185	1838

179	185	1816

166	186	1839

179	186	1814

166	187	1846

178	187	1810

166	188	1849

178	188	1825

167	189	1841

178	189	1844

167	190	1846

177	190	1845

167	191	1858

177	191	1874

167	192	1879

176	192	1873

167	193	1891

176	193	1900

167	194	1886

175	194	1882

167	195	1880

175	195	1888

166	196	1892

175	196	1893

166	197	1891

174	197	1881

166	198	1887

174	198	1893

166	199	1891

174	199	1907

166	200	1892

173	200	1888

166	201	1895

173	201	1898

166	202	1895

173	202	1906

166	203	1895

172	203	1901

166	204	1896

172	204	1904

166	205	1900

172	205	1907

166	206	1903

171	206	1901

166	207	1906

170	207	1905

167	208	1906

168	208	1906

169	208	1907

