106	42	1160

140	42	1169

125	49	1192

117	51	1055

127	53	1075

132	53	1166

147	53	1189

127	54	1067

147	54	1203

143	56	1172

144	56	1124

145	56	1112

146	56	1102

147	56	1113

148	56	1148

149	56	1190

152	56	1178

134	57	1172

135	57	1189

143	57	1136

150	57	1122

151	57	1175

153	57	1196

139	58	1193

141	58	1178

143	58	1101

150	58	1122

129	59	1181

138	59	1204

140	59	1121

142	59	1162

150	59	1112

130	60	1081

132	60	1175

139	60	1193

140	60	1165

141	60	1100

150	60	1106

152	60	1155

129	61	1120

130	61	1105

138	61	1193

139	61	1129

142	61	1104

151	61	1137

153	61	1162

154	61	1187

139	62	1152

141	62	1173

151	62	1137

154	62	1197

139	63	1145

140	63	1134

142	63	1176

151	63	1131

115	64	1079

139	64	1166

140	64	1128

143	64	1098

152	64	1183

154	64	1200

115	65	1086

116	65	1060

134	65	1178

138	65	1159

142	65	1174

153	65	1166

163	65	1119

164	65	1121

165	65	1133

120	66	1109

140	66	1160

141	66	1200

153	66	1108

154	66	1158

162	66	1114

165	66	1123

136	67	1139

137	67	1163

141	67	1177

152	67	1159

162	67	1110

165	67	1119

135	68	1129

137	68	1094

138	68	1100

142	68	1153

151	68	1120

153	68	1190

161	68	1113

165	68	1119

137	69	1075

139	69	1080

141	69	1141

152	69	1198

154	69	1169

161	69	1110

165	69	1120

137	70	1088

138	70	1138

140	70	1141

152	70	1200

154	70	1199

155	70	1190

160	70	1115

165	70	1124

139	71	1198

140	71	1183

141	71	1154

152	71	1188

154	71	1190

155	71	1191

160	71	1115

165	71	1127

142	72	1175

153	72	1203

154	72	1175

160	72	1113

165	72	1133

142	73	1177

153	73	1170

155	73	1200

159	73	1117

165	73	1140

143	74	1118

154	74	1167

159	74	1115

164	74	1129

144	75	1104

155	75	1175

156	75	1163

157	75	1132

158	75	1119

164	75	1134

144	76	1107

164	76	1139

144	77	1107

152	77	1183

163	77	1130

144	78	1108

151	78	1125

153	78	1198

154	78	1182

155	78	1146

163	78	1135

145	79	1107

151	79	1138

156	79	1123

163	79	1142

145	80	1107

151	80	1151

155	80	1132

163	80	1152

145	81	1108

150	81	1126

155	81	1129

162	81	1139

144	82	1113

150	82	1129

155	82	1129

162	82	1145

144	83	1114

150	83	1130

155	83	1128

162	83	1153

139	84	1131

140	84	1108

141	84	1110

142	84	1113

143	84	1114

150	84	1130

154	84	1133

161	84	1141

138	85	1122

151	85	1145

153	85	1126

161	85	1151

136	86	1129

137	86	1124

152	86	1128

161	86	1163

133	87	1147

134	87	1162

135	87	1159

160	87	1148

133	88	1158

160	88	1152

133	89	1139

160	89	1161

131	90	1144

132	90	1124

160	90	1170

130	91	1121

159	91	1144

130	92	1105

159	92	1147

129	93	1118

159	93	1150

127	94	1111

128	94	1135

159	94	1153

127	95	1134

159	95	1150

127	96	1124

159	96	1148

126	97	1161

159	97	1143

126	98	1121

127	98	1132

159	98	1137

126	99	1136

128	99	1114

159	99	1126

125	100	1102

127	100	1142

159	100	1124

125	101	1110

126	101	1123

159	101	1125

125	102	1177

127	102	1129

159	102	1128

126	103	1182

128	103	1128

159	103	1133

125	104	1169

127	104	1196

159	104	1137

125	105	1117

126	105	1171

128	105	1163

159	105	1144

125	106	1141

126	106	1186

127	106	1204

158	106	1135

127	107	1163

158	107	1145

127	108	1137

158	108	1155

127	109	1166

128	109	1175

158	109	1163

129	110	1174

157	110	1150

129	111	1191

157	111	1164

128	112	1180

157	112	1177

129	113	1172

156	113	1183

128	114	1172

155	114	1182

128	115	1189

155	115	1200

127	116	1190

128	116	1188

154	116	1193

129	117	1195

153	117	1183

127	118	1159

128	118	1185

153	118	1190

128	119	1157

153	119	1198

126	120	1147

127	120	1131

152	120	1186

127	121	1144

152	121	1190

128	122	1154

152	122	1194

127	123	1135

152	123	1185

127	124	1137

151	124	1189

125	125	1194

126	125	1202

151	125	1199

126	126	1162

151	126	1203

125	127	1192

150	127	1193

124	128	1202

150	128	1199

124	129	1201

149	129	1194

121	130	1165

122	130	1181

123	130	1191

149	130	1199

121	131	1170

148	131	1194

120	132	1159

122	132	1197

149	132	1197

121	133	1164

123	133	1172

148	133	1203

121	134	1178

122	134	1182

147	134	1196

121	135	1151

147	135	1203

120	136	1151

146	136	1197

119	137	1133

120	137	1137

146	137	1201

118	138	1166

121	138	1147

146	138	1204

117	139	1165

118	139	1177

119	139	1159

120	139	1150

121	139	1146

122	139	1144

123	139	1140

124	139	1138

125	139	1139

126	139	1140

127	139	1140

128	139	1139

129	139	1138

130	139	1138

131	139	1138

132	139	1139

133	139	1141

134	139	1143

135	139	1144

136	139	1146

137	139	1147

138	139	1152

139	139	1156

140	139	1161

141	139	1167

142	139	1173

143	139	1180

144	139	1187

145	139	1200

