121	43	1208

139	44	1128

143	45	1133

130	47	1083

140	49	1193

140	51	1216

122	52	1197

124	52	1143

132	54	1168

139	57	1203

143	57	1171

144	57	1175

147	57	1204

140	58	1186

141	58	1113

142	58	1121

145	58	1141

146	58	1181

129	59	1160

140	59	1141

146	59	1136

152	59	1177

125	60	1145

127	60	1209

128	60	1205

129	60	1177

140	60	1120

147	60	1128

148	60	1184

126	61	1090

128	61	1191

129	61	1163

132	61	1185

133	61	1204

139	61	1186

148	61	1151

127	62	1128

136	62	1214

137	62	1211

138	62	1218

139	62	1199

148	62	1132

111	63	1071

135	63	1154

137	63	1206

140	63	1116

148	63	1139

150	63	1203

134	64	1131

135	64	1114

140	64	1128

149	64	1194

151	64	1215

152	64	1208

135	65	1217

140	65	1121

148	65	1121

150	65	1179

134	66	1214

138	66	1195

140	66	1131

149	66	1168

150	66	1138

116	67	1198

137	67	1122

139	67	1147

151	67	1197

160	67	1131

161	67	1135

133	68	1216

135	68	1166

137	68	1140

151	68	1167

154	68	1204

159	68	1127

162	68	1133

134	69	1206

136	69	1168

137	69	1130

150	69	1193

154	69	1189

155	69	1210

158	69	1132

162	69	1130

136	70	1176

138	70	1167

139	70	1167

151	70	1165

154	70	1195

156	70	1179

157	70	1142

162	70	1130

140	71	1130

151	71	1197

154	71	1168

162	71	1132

140	72	1136

152	72	1155

155	72	1171

162	72	1134

140	73	1158

153	73	1212

154	73	1206

162	73	1137

141	74	1118

162	74	1140

141	75	1121

151	75	1164

152	75	1182

161	75	1136

141	76	1120

149	76	1179

150	76	1200

153	76	1188

161	76	1142

141	77	1118

148	77	1146

153	77	1166

161	77	1149

141	78	1118

148	78	1152

153	78	1160

160	78	1140

141	79	1120

147	79	1126

153	79	1152

160	79	1144

141	80	1120

148	80	1121

153	80	1142

160	80	1149

141	81	1121

147	81	1130

153	81	1138

159	81	1142

140	82	1166

147	82	1136

152	82	1146

159	82	1148

141	83	1124

147	83	1140

152	83	1139

159	83	1156

141	84	1126

146	84	1130

152	84	1138

158	84	1148

134	85	1137

135	85	1111

136	85	1116

140	85	1127

147	85	1141

151	85	1146

158	85	1154

135	86	1118

137	86	1109

138	86	1107

139	86	1110

148	86	1167

150	86	1157

157	86	1146

132	87	1187

133	87	1163

134	87	1135

149	87	1144

157	87	1153

131	88	1140

157	88	1160

132	89	1138

157	89	1170

130	90	1168

131	90	1156

157	90	1183

129	91	1129

156	91	1162

127	92	1122

128	92	1110

156	92	1165

125	93	1128

126	93	1122

156	93	1173

125	94	1137

156	94	1180

126	95	1131

155	95	1154

126	96	1120

155	96	1156

124	97	1170

125	97	1153

155	97	1160

124	98	1200

155	98	1162

125	99	1134

155	99	1150

125	100	1121

155	100	1140

124	101	1155

156	101	1162

124	102	1175

156	102	1152

123	103	1195

156	103	1150

123	104	1163

156	104	1156

123	105	1169

156	105	1169

123	106	1210

155	106	1147

123	107	1219

155	107	1161

123	108	1183

155	108	1174

123	109	1210

155	109	1188

123	110	1182

154	110	1169

124	111	1173

154	111	1181

124	112	1185

154	112	1202

124	113	1171

125	113	1190

153	113	1188

126	114	1219

153	114	1211

126	115	1171

152	115	1209

125	116	1113

151	116	1208

125	117	1183

150	117	1204

124	118	1190

150	118	1217

124	119	1172

149	119	1205

123	120	1142

149	120	1212

124	121	1166

148	121	1202

123	122	1194

148	122	1205

122	123	1190

148	123	1208

122	124	1158

148	124	1214

122	125	1171

147	125	1205

121	126	1155

147	126	1217

120	127	1176

147	127	1207

119	128	1161

121	128	1136

146	128	1214

119	129	1214

120	129	1139

146	129	1216

121	130	1151

146	130	1219

118	131	1202

119	131	1174

120	131	1174

145	131	1220

118	132	1175

144	132	1212

117	133	1185

144	133	1219

117	134	1181

143	134	1214

117	135	1134

143	135	1220

117	136	1153

142	136	1214

115	137	1120

116	137	1134

142	137	1216

115	138	1145

142	138	1217

116	139	1134

141	139	1213

114	140	1189

115	140	1181

141	140	1220

112	141	1193

113	141	1192

115	141	1174

140	141	1212

112	142	1214

113	142	1187

114	142	1159

115	142	1165

116	142	1159

117	142	1156

118	142	1155

119	142	1155

120	142	1153

121	142	1153

122	142	1152

123	142	1152

124	142	1151

125	142	1153

126	142	1154

127	142	1155

128	142	1154

129	142	1155

130	142	1156

131	142	1160

132	142	1162

133	142	1166

134	142	1169

135	142	1174

136	142	1181

137	142	1187

138	142	1195

139	142	1203

140	142	1217

142	142	1221

