168	97	1384

167	98	1378

169	98	1381

166	99	1378

170	99	1386

166	100	1379

170	100	1389

166	101	1381

170	101	1387

166	102	1381

170	102	1387

181	102	1410

182	102	1413

166	103	1380

170	103	1388

180	103	1406

182	103	1407

166	104	1379

170	104	1390

179	104	1409

183	104	1408

166	105	1383

171	105	1388

178	105	1416

182	105	1416

167	106	1388

171	106	1396

178	106	1418

182	106	1420

167	107	1389

171	107	1398

178	107	1415

182	107	1423

166	108	1392

171	108	1398

177	108	1418

182	108	1428

166	109	1394

171	109	1400

177	109	1414

182	109	1435

166	110	1395

171	110	1401

176	110	1414

181	110	1425

166	111	1392

171	111	1402

176	111	1415

181	111	1427

166	112	1394

172	112	1416

173	112	1378

176	112	1414

181	112	1429

165	113	1375

173	113	1426

175	113	1417

180	113	1424

166	114	1398

174	114	1420

180	114	1428

166	115	1399

172	115	1441

180	115	1434

166	116	1403

171	116	1417

173	116	1438

180	116	1439

166	117	1408

172	117	1427

179	117	1432

164	118	1376

165	118	1404

179	118	1436

163	119	1391

178	119	1430

161	120	1395

162	120	1399

178	120	1434

161	121	1422

178	121	1437

159	122	1421

160	122	1414

177	122	1431

157	123	1423

158	123	1399

178	123	1442

157	124	1395

178	124	1439

156	125	1397

178	125	1436

155	126	1405

178	126	1436

155	127	1389

179	127	1435

155	128	1400

179	128	1431

154	129	1460

179	129	1428

154	130	1443

179	130	1421

154	131	1401

179	131	1417

154	132	1428

179	132	1424

155	133	1403

179	133	1430

154	134	1461

179	134	1441

154	135	1436

178	135	1431

154	136	1421

178	136	1437

155	137	1405

177	137	1437

155	138	1413

177	138	1445

156	139	1418

176	139	1442

156	140	1425

176	140	1450

156	141	1421

175	141	1458

156	142	1418

174	142	1464

156	143	1435

174	143	1472

156	144	1427

173	144	1469

155	145	1450

173	145	1475

155	146	1443

172	146	1466

155	147	1437

172	147	1470

154	148	1431

172	148	1475

153	149	1385

171	149	1477

154	150	1427

171	150	1486

152	151	1425

153	151	1425

171	151	1491

153	152	1436

170	152	1488

152	153	1425

170	153	1491

151	154	1469

170	154	1494

150	155	1420

169	155	1486

151	156	1440

169	156	1491

151	157	1438

169	157	1498

150	158	1438

168	158	1493

150	159	1428

168	159	1497

149	160	1427

168	160	1503

149	161	1441

167	161	1497

148	162	1437

167	162	1498

147	163	1438

167	163	1503

147	164	1443

166	164	1495

146	165	1443

166	165	1499

146	166	1430

166	166	1504

146	167	1456

165	167	1495

145	168	1469

165	168	1499

145	169	1461

146	169	1454

147	169	1447

148	169	1443

149	169	1439

150	169	1438

151	169	1440

152	169	1438

153	169	1437

154	169	1437

155	169	1439

156	169	1442

157	169	1443

158	169	1443

159	169	1443

160	169	1448

161	169	1455

162	169	1464

163	169	1473

164	169	1485

165	169	1502

