169	95	1368

170	95	1375

169	96	1367

171	96	1372

172	96	1377

168	97	1366

172	97	1374

168	98	1368

172	98	1373

168	99	1368

172	99	1373

168	100	1369

172	100	1376

182	100	1407

183	100	1405

184	100	1412

168	101	1372

173	101	1379

181	101	1397

184	101	1405

168	102	1373

173	102	1384

181	102	1391

185	102	1420

168	103	1374

173	103	1389

181	103	1394

185	103	1420

168	104	1373

173	104	1386

180	104	1400

185	104	1424

168	105	1374

173	105	1384

180	105	1399

184	105	1410

168	106	1379

173	106	1386

180	106	1401

184	106	1414

168	107	1383

173	107	1389

179	107	1407

184	107	1419

168	108	1384

173	108	1390

179	108	1404

184	108	1427

168	109	1384

173	109	1392

178	109	1408

183	109	1415

168	110	1385

174	110	1410

176	110	1411

178	110	1406

183	110	1419

168	111	1386

175	111	1419

176	111	1376

177	111	1408

183	111	1425

168	112	1386

175	112	1404

177	112	1401

183	112	1424

168	113	1388

176	113	1404

182	113	1421

168	114	1392

174	114	1416

182	114	1423

168	115	1396

173	115	1401

175	115	1407

182	115	1425

168	116	1395

174	116	1413

181	116	1421

166	117	1374

167	117	1380

181	117	1428

163	118	1401

164	118	1395

165	118	1368

181	118	1432

163	119	1399

180	119	1424

162	120	1384

180	120	1426

160	121	1379

161	121	1386

180	121	1428

159	122	1377

180	122	1424

158	123	1404

180	123	1425

157	124	1425

180	124	1421

157	125	1385

180	125	1412

157	126	1375

180	126	1401

156	127	1403

181	127	1411

157	128	1380

182	128	1417

157	129	1379

182	129	1408

157	130	1383

182	130	1411

157	131	1387

182	131	1423

156	132	1423

181	132	1417

157	133	1393

181	133	1426

157	134	1390

181	134	1431

157	135	1389

181	135	1399

157	136	1390

180	136	1431

157	137	1417

179	137	1428

158	138	1409

178	138	1430

158	139	1410

178	139	1443

157	140	1417

177	140	1450

157	141	1414

177	141	1461

158	142	1421

176	142	1460

157	143	1440

176	143	1461

157	144	1442

175	144	1454

157	145	1423

174	145	1449

157	146	1410

174	146	1456

156	147	1370

174	147	1461

155	148	1416

174	148	1465

156	149	1413

173	149	1466

155	150	1413

173	150	1472

154	151	1409

173	151	1471

154	152	1410

172	152	1471

154	153	1414

172	153	1474

152	154	1413

153	154	1420

171	154	1469

153	155	1416

171	155	1475

151	156	1451

152	156	1421

170	156	1471

151	157	1447

170	157	1475

151	158	1432

170	158	1480

151	159	1421

170	159	1479

149	160	1367

151	160	1417

169	160	1475

149	161	1404

150	161	1412

169	161	1477

149	162	1399

169	162	1480

149	163	1420

169	163	1483

148	164	1429

169	164	1485

148	165	1429

168	165	1481

147	166	1432

168	166	1485

147	167	1434

148	167	1434

149	167	1429

150	167	1425

151	167	1424

152	167	1424

153	167	1422

154	167	1421

155	167	1421

156	167	1422

157	167	1424

158	167	1425

159	167	1425

160	167	1426

161	167	1428

162	167	1431

163	167	1435

164	167	1441

165	167	1451

166	167	1464

167	167	1479

168	167	1492

