204	155	1555

203	156	1559

205	156	1558

206	156	1564

203	157	1562

206	157	1566

203	158	1565

207	158	1570

204	159	1568

207	159	1569

192	160	1528

193	160	1525

204	160	1572

208	160	1574

191	161	1532

194	161	1532

195	161	1528

205	161	1573

208	161	1574

191	162	1539

196	162	1535

205	162	1575

209	162	1579

192	163	1542

197	163	1539

198	163	1518

205	163	1577

209	163	1578

192	164	1559

198	164	1542

205	164	1579

209	164	1579

193	165	1564

194	165	1551

199	165	1548

200	165	1546

206	165	1575

210	165	1583

195	166	1553

201	166	1556

206	166	1578

210	166	1582

195	167	1556

202	167	1560

205	167	1612

207	167	1576

211	167	1589

196	168	1558

203	168	1569

204	168	1575

206	168	1580

211	168	1586

197	169	1570

211	169	1588

198	170	1576

212	170	1594

199	171	1576

212	171	1592

199	172	1602

212	172	1585

200	173	1601

213	173	1584

201	174	1615

214	174	1590

201	175	1573

215	175	1595

200	176	1546

215	176	1591

200	177	1538

216	177	1595

199	178	1556

217	178	1609

199	179	1603

217	179	1583

199	180	1593

218	180	1582

200	181	1581

219	181	1606

200	182	1562

219	182	1610

199	183	1556

219	183	1621

199	184	1560

219	184	1619

199	185	1562

219	185	1615

199	186	1572

219	186	1610

198	187	1605

219	187	1608

199	188	1579

219	188	1609

199	189	1594

219	189	1616

199	190	1629

219	190	1633

200	191	1626

219	191	1654

201	192	1584

219	192	1663

202	193	1583

219	193	1658

203	194	1596

219	194	1651

204	195	1601

219	195	1652

205	196	1605

219	196	1662

206	197	1633

207	197	1614

218	197	1646

208	198	1613

218	198	1650

209	199	1617

218	199	1656

209	200	1622

218	200	1661

209	201	1640

218	201	1661

210	202	1634

218	202	1662

210	203	1633

218	203	1665

210	204	1637

217	204	1660

210	205	1647

217	205	1662

210	206	1654

217	206	1666

210	207	1653

216	207	1665

210	208	1649

215	208	1666

211	209	1656

215	209	1668

211	210	1667

214	210	1664

212	211	1664

213	211	1663

214	211	1668

