185	156	1775

186	156	1777

197	156	1796

198	156	1795

184	157	1776

187	157	1779

196	157	1797

198	157	1794

184	158	1795

188	158	1786

196	158	1802

199	158	1803

185	159	1786

188	159	1779

196	159	1806

199	159	1800

186	160	1783

189	160	1782

197	160	1793

199	160	1795

186	161	1792

189	161	1778

197	161	1795

199	161	1794

187	162	1780

190	162	1782

196	162	1795

199	162	1796

187	163	1783

191	163	1789

196	163	1824

199	163	1796

187	164	1796

191	164	1786

196	164	1827

199	164	1799

188	165	1791

192	165	1792

196	165	1814

199	165	1801

188	166	1801

192	166	1792

196	166	1808

199	166	1800

188	167	1809

193	167	1797

196	167	1800

199	167	1798

189	168	1792

194	168	1813

195	168	1810

199	168	1797

189	169	1803

199	169	1798

190	170	1788

199	170	1796

188	171	1755

189	171	1761

199	171	1794

186	172	1755

187	172	1752

199	172	1793

186	173	1755

199	173	1795

186	174	1761

200	174	1805

185	175	1766

200	175	1794

184	176	1771

200	176	1791

184	177	1765

200	177	1796

184	178	1764

200	178	1797

185	179	1754

200	179	1803

184	180	1803

200	180	1808

184	181	1806

200	181	1809

184	182	1798

200	182	1802

184	183	1806

200	183	1800

185	184	1787

200	184	1799

185	185	1788

200	185	1800

185	186	1792

200	186	1805

185	187	1793

200	187	1813

185	188	1829

200	188	1824

186	189	1827

200	189	1827

187	190	1818

200	190	1826

188	191	1806

200	191	1823

189	192	1807

201	192	1845

189	193	1821

201	193	1847

190	194	1816

201	194	1849

190	195	1823

202	195	1878

191	196	1812

202	196	1872

191	197	1813

202	197	1868

191	198	1807

202	198	1866

192	199	1816

202	199	1866

192	200	1821

202	200	1865

192	201	1828

202	201	1864

192	202	1838

203	202	1878

193	203	1828

203	203	1874

193	204	1837

203	204	1875

193	205	1844

203	205	1874

193	206	1851

203	206	1872

193	207	1871

203	207	1868

194	208	1857

204	208	1877

194	209	1873

204	209	1874

195	210	1861

204	210	1872

195	211	1870

204	211	1871

196	212	1859

205	212	1876

196	213	1868

205	213	1875

196	214	1878

205	214	1873

197	215	1876

205	215	1876

198	216	1872

199	216	1866

200	216	1866

201	216	1866

202	216	1866

203	216	1869

204	216	1873

205	216	1878

