159	158	1551

158	159	1555

160	159	1555

159	160	1554

160	160	1556

159	161	1556

161	161	1562

159	162	1559

161	162	1563

174	162	1571

175	162	1577

159	163	1559

161	163	1561

174	163	1573

175	163	1577

159	164	1561

161	164	1561

173	164	1576

175	164	1575

160	165	1559

162	165	1565

173	165	1576

175	165	1577

159	166	1567

162	166	1566

172	166	1577

175	166	1583

159	167	1563

162	167	1568

172	167	1575

174	167	1582

159	168	1573

163	168	1579

171	168	1576

174	168	1583

159	169	1557

163	169	1578

170	169	1566

174	169	1584

160	170	1567

163	170	1580

170	170	1582

173	170	1582

160	171	1569

163	171	1581

169	171	1587

173	171	1584

160	172	1570

163	172	1582

168	172	1593

173	172	1587

160	173	1575

164	173	1587

167	173	1631

173	173	1594

159	174	1578

165	174	1594

166	174	1614

172	174	1587

158	175	1565

172	175	1590

156	176	1557

157	176	1551

171	176	1585

155	177	1558

171	177	1593

155	178	1530

170	178	1588

154	179	1534

170	179	1592

153	180	1561

170	180	1596

153	181	1557

169	181	1587

153	182	1555

169	182	1590

153	183	1556

169	183	1593

152	184	1583

169	184	1595

152	185	1594

168	185	1588

153	186	1587

168	186	1590

152	187	1603

168	187	1594

152	188	1602

168	188	1601

152	189	1603

168	189	1607

152	190	1604

167	190	1577

152	191	1611

167	191	1578

152	192	1602

167	192	1592

153	193	1604

167	193	1619

153	194	1604

167	194	1645

153	195	1606

166	195	1639

154	196	1625

165	196	1635

154	197	1642

164	197	1637

154	198	1645

163	198	1647

154	199	1658

163	199	1650

154	200	1664

163	200	1659

155	201	1654

161	201	1649

162	201	1658

155	202	1666

160	202	1656

156	203	1664

157	203	1658

158	203	1656

159	203	1660

160	203	1665

