153	103	1249

154	103	1245

155	103	1249

152	104	1248

156	104	1245

152	105	1243

157	105	1251

145	106	1223

146	106	1213

147	106	1235

152	106	1244

157	106	1251

143	107	1229

144	107	1220

148	107	1248

152	107	1246

157	107	1248

164	107	1270

165	107	1269

166	107	1278

143	108	1223

148	108	1236

152	108	1245

157	108	1247

163	108	1271

167	108	1284

143	109	1224

148	109	1238

152	109	1247

158	109	1269

163	109	1269

167	109	1274

143	110	1224

148	110	1236

152	110	1248

158	110	1278

163	110	1264

167	110	1272

143	111	1225

148	111	1235

152	111	1249

158	111	1280

162	111	1264

167	111	1273

143	112	1226

148	112	1241

152	112	1248

158	112	1273

162	112	1264

167	112	1275

143	113	1227

148	113	1242

152	113	1248

158	113	1267

162	113	1265

167	113	1280

143	114	1229

148	114	1240

152	114	1249

158	114	1274

162	114	1267

167	114	1282

143	115	1231

148	115	1238

152	115	1253

158	115	1276

162	115	1264

167	115	1285

143	116	1234

148	116	1238

152	116	1253

158	116	1277

161	116	1265

167	116	1283

143	117	1236

149	117	1230

151	117	1243

158	117	1272

161	117	1263

167	117	1277

143	118	1239

148	118	1240

151	118	1255

158	118	1265

161	118	1263

166	118	1268

130	119	1220

131	119	1221

143	119	1241

149	119	1257

151	119	1256

158	119	1270

161	119	1266

166	119	1272

129	120	1221

132	120	1220

133	120	1225

143	120	1240

149	120	1256

151	120	1257

158	120	1267

160	120	1271

166	120	1278

129	121	1220

134	121	1215

143	121	1240

149	121	1249

151	121	1259

158	121	1265

160	121	1268

166	121	1283

130	122	1220

134	122	1224

143	122	1241

149	122	1246

151	122	1260

159	122	1252

166	122	1285

130	123	1219

135	123	1228

143	123	1245

150	123	1240

166	123	1286

131	124	1223

136	124	1228

143	124	1247

166	124	1288

131	125	1229

137	125	1233

143	125	1248

166	125	1281

131	126	1231

138	126	1242

143	126	1253

165	126	1279

132	127	1233

139	127	1242

140	127	1259

141	127	1276

142	127	1241

165	127	1285

133	128	1232

165	128	1285

134	129	1233

165	129	1286

134	130	1233

165	130	1286

134	131	1241

165	131	1287

180	131	1285

181	131	1281

182	131	1287

183	131	1293

134	132	1255

165	132	1284

174	132	1322

175	132	1320

177	132	1286

178	132	1273

179	132	1269

183	132	1284

134	133	1238

165	133	1281

172	133	1322

173	133	1330

174	133	1305

176	133	1277

183	133	1277

135	134	1254

165	134	1275

171	134	1290

173	134	1321

175	134	1272

184	134	1311

136	135	1263

166	135	1285

170	135	1322

174	135	1275

182	135	1284

183	135	1309

137	136	1264

166	136	1277

171	136	1304

181	136	1284

136	137	1273

167	137	1282

168	137	1297

169	137	1325

170	137	1299

180	137	1283

136	138	1289

137	138	1267

180	138	1308

138	139	1262

179	139	1306

137	140	1277

178	140	1304

136	141	1252

177	141	1296

136	142	1297

176	142	1294

137	143	1318

175	143	1298

137	144	1317

138	144	1304

174	144	1294

139	145	1265

174	145	1317

139	146	1263

173	146	1314

139	147	1264

172	147	1314

138	148	1213

171	148	1315

139	149	1253

170	149	1313

139	150	1250

141	150	1255

168	150	1300

169	150	1317

140	151	1242

142	151	1270

167	151	1302

140	152	1321

141	152	1273

166	152	1303

141	153	1286

165	153	1306

141	154	1264

164	154	1313

139	155	1245

140	155	1264

163	155	1319

140	156	1294

162	156	1326

140	157	1295

162	157	1310

139	158	1290

161	158	1316

139	159	1281

161	159	1324

138	160	1299

161	160	1320

137	161	1303

160	161	1332

137	162	1274

160	162	1341

136	163	1308

160	163	1332

137	164	1289

159	164	1338

137	165	1285

159	165	1343

136	166	1281

159	166	1344

136	167	1285

159	167	1322

135	168	1310

158	168	1344

134	169	1310

158	169	1349

135	170	1278

158	170	1352

134	171	1283

157	171	1353

133	172	1259

157	172	1356

132	173	1294

156	173	1355

157	173	1358

131	174	1280

132	174	1287

133	174	1294

134	174	1290

135	174	1286

136	174	1284

137	174	1282

138	174	1282

139	174	1281

140	174	1281

141	174	1280

142	174	1281

143	174	1280

144	174	1281

145	174	1283

146	174	1287

147	174	1288

148	174	1291

149	174	1292

150	174	1299

151	174	1306

152	174	1314

153	174	1322

154	174	1334

155	174	1351

