164	114	1369

165	114	1371

163	115	1363

166	115	1375

167	115	1368

162	116	1353

167	116	1376

154	117	1351

155	117	1356

156	117	1362

162	117	1356

167	117	1381

174	117	1381

154	118	1354

157	118	1369

162	118	1358

167	118	1383

173	118	1377

175	118	1384

176	118	1390

154	119	1355

158	119	1376

162	119	1360

167	119	1387

172	119	1378

176	119	1393

153	120	1352

157	120	1370

162	120	1363

168	120	1400

172	120	1378

176	120	1392

154	121	1356

158	121	1391

162	121	1364

167	121	1389

171	121	1364

176	121	1391

154	122	1358

158	122	1386

162	122	1367

167	122	1392

171	122	1374

176	122	1391

154	123	1359

158	123	1387

161	123	1330

167	123	1393

171	123	1377

175	123	1389

154	124	1359

158	124	1385

161	124	1364

167	124	1395

170	124	1380

175	124	1391

154	125	1360

158	125	1385

161	125	1369

167	125	1395

170	125	1379

175	125	1393

154	126	1361

158	126	1384

162	126	1371

167	126	1398

170	126	1381

176	126	1413

142	127	1343

143	127	1350

153	127	1360

158	127	1384

161	127	1372

167	127	1404

170	127	1382

176	127	1411

142	128	1348

144	128	1357

154	128	1364

158	128	1382

161	128	1377

166	128	1390

169	128	1381

176	128	1404

142	129	1349

145	129	1361

154	129	1366

159	129	1397

161	129	1379

167	129	1404

169	129	1383

175	129	1402

143	130	1354

146	130	1365

154	130	1367

159	130	1392

161	130	1377

168	130	1382

175	130	1403

143	131	1354

146	131	1362

154	131	1368

159	131	1391

161	131	1379

175	131	1410

143	132	1352

147	132	1365

154	132	1369

159	132	1389

161	132	1382

175	132	1420

144	133	1353

148	133	1368

149	133	1376

150	133	1369

154	133	1372

160	133	1392

174	133	1407

144	134	1351

151	134	1405

154	134	1378

173	134	1399

145	135	1349

152	135	1409

153	135	1406

173	135	1401

145	136	1351

173	136	1404

146	137	1360

173	137	1405

147	138	1364

172	138	1397

147	139	1363

172	139	1398

147	140	1357

173	140	1405

147	141	1361

172	141	1399

184	141	1391

185	141	1399

186	141	1402

187	141	1405

188	141	1409

147	142	1377

173	142	1403

182	142	1403

183	142	1394

189	142	1405

147	143	1396

174	143	1389

179	143	1406

180	143	1401

181	143	1400

189	143	1406

148	144	1372

174	144	1410

177	144	1417

178	144	1402

189	144	1414

148	145	1366

175	145	1414

176	145	1421

187	145	1412

188	145	1416

148	146	1367

186	146	1417

147	147	1398

184	147	1409

185	147	1419

148	148	1396

183	148	1408

149	149	1373

182	149	1410

148	150	1380

181	150	1410

148	151	1388

149	151	1372

181	151	1399

148	152	1373

150	152	1370

180	152	1403

149	153	1371

178	153	1411

179	153	1419

149	154	1431

176	154	1404

177	154	1414

150	155	1382

175	155	1407

150	156	1397

174	156	1409

151	157	1398

173	157	1410

174	157	1423

150	158	1391

172	158	1413

151	159	1395

171	159	1419

150	160	1397

170	160	1430

150	161	1386

169	161	1438

149	162	1417

168	162	1435

149	163	1407

168	163	1439

148	164	1407

168	164	1444

149	165	1381

168	165	1449

148	166	1383

167	166	1448

148	167	1390

167	167	1459

147	168	1405

166	168	1454

147	169	1394

166	169	1458

146	170	1422

166	170	1466

146	171	1391

165	171	1458

145	172	1412

165	172	1465

145	173	1393

165	173	1472

144	174	1401

164	174	1467

144	175	1398

164	175	1472

144	176	1405

164	176	1480

144	177	1409

163	177	1474

142	178	1426

143	178	1410

162	178	1468

142	179	1414

162	179	1476

142	180	1412

162	180	1481

141	181	1412

161	181	1476

141	182	1420

142	182	1415

143	182	1410

144	182	1409

145	182	1410

146	182	1411

147	182	1411

148	182	1410

149	182	1409

150	182	1408

151	182	1409

152	182	1410

153	182	1411

154	182	1413

155	182	1417

156	182	1424

157	182	1430

158	182	1437

159	182	1449

160	182	1463

