162	152	1879

163	152	1882

162	153	1866

163	153	1868

154	154	1872

155	154	1879

162	154	1867

163	154	1866

154	155	1860

155	155	1862

162	155	1868

163	155	1865

154	156	1862

155	156	1861

162	156	1869

163	156	1862

154	157	1865

156	157	1865

162	157	1868

164	157	1867

155	158	1857

156	158	1860

162	158	1868

164	158	1869

175	158	1883

176	158	1885

154	159	1880

156	159	1856

162	159	1868

164	159	1869

174	159	1884

176	159	1883

155	160	1859

157	160	1864

162	160	1870

164	160	1866

174	160	1873

176	160	1888

155	161	1863

157	161	1858

162	161	1871

164	161	1863

173	161	1871

175	161	1875

145	162	1880

146	162	1866

147	162	1863

156	162	1854

158	162	1863

162	162	1867

164	162	1863

172	162	1873

175	162	1877

146	163	1859

147	163	1850

156	163	1857

158	163	1852

161	163	1900

164	163	1862

171	163	1875

174	163	1869

147	164	1847

148	164	1845

149	164	1853

156	164	1860

159	164	1861

160	164	1905

164	164	1861

170	164	1876

174	164	1878

148	165	1845

150	165	1857

156	165	1870

164	165	1859

170	165	1861

173	165	1868

149	166	1846

151	166	1856

157	166	1863

165	166	1865

168	166	1874

169	166	1865

173	166	1880

150	167	1848

152	167	1858

157	167	1867

166	167	1862

167	167	1861

172	167	1870

150	168	1860

153	168	1856

154	168	1864

156	168	1871

171	168	1868

151	169	1859

155	169	1855

171	169	1879

152	170	1858

170	170	1867

152	171	1875

170	171	1878

153	172	1866

169	172	1864

153	173	1876

169	173	1870

154	174	1864

169	174	1868

154	175	1868

169	175	1868

154	176	1870

169	176	1863

154	177	1874

170	177	1868

154	178	1880

170	178	1860

154	179	1897

171	179	1869

154	180	1908

172	180	1867

173	180	1882

154	181	1917

174	181	1871

175	181	1878

176	181	1879

154	182	1909

177	182	1873

178	182	1874

179	182	1879

180	182	1881

181	182	1886

155	183	1890

173	183	1867

174	183	1876

175	183	1881

176	183	1881

177	183	1880

178	183	1876

179	183	1877

180	183	1878

181	183	1884

182	183	1889

183	183	1903

155	184	1909

170	184	1868

171	184	1875

172	184	1880

182	184	1896

183	184	1909

155	185	1925

167	185	1874

168	185	1872

169	185	1879

154	186	1945

165	186	1889

166	186	1899

154	187	1926

164	187	1911

153	188	1949

164	188	1943

153	189	1939

163	189	1922

153	190	1930

163	190	1940

153	191	1932

163	191	1953

153	192	1932

163	192	1962

153	193	1933

162	193	1940

152	194	1962

162	194	1955

152	195	1961

162	195	1964

152	196	1959

161	196	1946

152	197	1956

161	197	1960

152	198	1952

160	198	1943

152	199	1951

160	199	1947

152	200	1949

160	200	1956

151	201	1962

159	201	1949

151	202	1958

159	202	1961

151	203	1960

152	203	1948

153	203	1946

154	203	1944

155	203	1943

156	203	1940

157	203	1944

158	203	1954

