163	118	1416

164	118	1416

165	118	1417

166	118	1417

159	119	1411

163	119	1418

166	119	1419

157	120	1412

158	120	1411

159	120	1412

163	120	1418

167	120	1418

173	120	1427

174	120	1427

157	121	1413

159	121	1410

163	121	1422

167	121	1430

172	121	1423

175	121	1426

157	122	1416

159	122	1410

163	122	1421

167	122	1434

172	122	1426

175	122	1427

157	123	1415

159	123	1411

162	123	1423

167	123	1432

172	123	1427

175	123	1428

157	124	1414

159	124	1412

163	124	1421

167	124	1429

171	124	1430

175	124	1431

157	125	1413

159	125	1413

163	125	1422

167	125	1427

171	125	1429

175	125	1432

156	126	1415

159	126	1412

163	126	1425

167	126	1428

170	126	1430

176	126	1439

156	127	1416

159	127	1412

163	127	1427

168	127	1441

171	127	1429

176	127	1446

156	128	1419

159	128	1414

163	128	1430

168	128	1437

170	128	1433

175	128	1431

156	129	1419

160	129	1416

162	129	1430

168	129	1435

170	129	1433

175	129	1428

146	130	1407

147	130	1402

156	130	1420

160	130	1420

162	130	1429

169	130	1407

175	130	1424

146	131	1410

148	131	1402

156	131	1421

161	131	1430

175	131	1428

146	132	1411

149	132	1399

155	132	1429

175	132	1433

146	133	1409

149	133	1408

156	133	1423

174	133	1433

146	134	1410

150	134	1404

156	134	1421

174	134	1434

147	135	1410

151	135	1393

156	135	1423

173	135	1434

147	136	1412

152	136	1395

156	136	1426

174	136	1437

148	137	1412

153	137	1412

154	137	1421

155	137	1452

173	137	1433

148	138	1417

173	138	1433

148	139	1416

173	139	1438

149	140	1415

173	140	1439

148	141	1427

173	141	1438

148	142	1452

173	142	1437

149	143	1444

173	143	1436

185	143	1440

186	143	1440

187	143	1440

188	143	1442

189	143	1445

149	144	1452

174	144	1435

181	144	1451

182	144	1444

183	144	1441

184	144	1437

190	144	1448

149	145	1470

175	145	1428

179	145	1473

180	145	1451

189	145	1450

190	145	1454

149	146	1490

176	146	1451

177	146	1465

178	146	1464

188	146	1452

150	147	1433

186	147	1448

187	147	1456

149	148	1396

185	148	1453

150	149	1426

184	149	1453

150	150	1447

183	150	1453

150	151	1462

182	151	1453

151	152	1436

181	152	1446

151	153	1439

180	153	1447

150	154	1479

179	154	1451

151	155	1446

179	155	1448

152	156	1435

177	156	1446

178	156	1439

152	157	1443

176	157	1448

152	158	1442

175	158	1451

152	159	1456

174	159	1452

153	160	1454

173	160	1453

153	161	1485

172	161	1457

153	162	1467

171	162	1467

153	163	1454

170	163	1467

153	164	1446

170	164	1468

152	165	1446

169	165	1464

152	166	1449

169	166	1471

152	167	1448

169	167	1480

150	168	1480

151	168	1455

169	168	1488

150	169	1455

168	169	1486

150	170	1456

168	170	1493

149	171	1454

168	171	1501

149	172	1449

168	172	1504

149	173	1453

168	173	1513

148	174	1482

167	174	1505

148	175	1474

167	175	1512

147	176	1470

167	176	1513

147	177	1459

166	177	1516

147	178	1456

166	178	1526

146	179	1455

166	179	1524

145	180	1461

165	180	1519

145	181	1465

146	181	1457

147	181	1451

148	181	1449

149	181	1449

150	181	1446

151	181	1444

152	181	1443

153	181	1445

154	181	1445

155	181	1447

156	181	1447

157	181	1450

158	181	1453

159	181	1459

160	181	1465

161	181	1473

162	181	1481

163	181	1494

164	181	1511

165	181	1526

