199	126	1239

200	126	1232

201	126	1235

198	127	1237

202	127	1234

198	128	1233

203	128	1244

193	129	1271

198	129	1245

203	129	1236

214	129	1247

215	129	1239

216	129	1243

217	129	1271

191	130	1247

192	130	1228

194	130	1232

195	130	1256

199	130	1232

204	130	1248

213	130	1261

217	130	1248

190	131	1259

196	131	1268

199	131	1234

204	131	1244

213	131	1249

218	131	1282

190	132	1247

197	132	1307

198	132	1272

205	132	1282

213	132	1246

218	132	1266

190	133	1250

205	133	1266

213	133	1250

218	133	1261

190	134	1242

206	134	1306

213	134	1250

218	134	1262

190	135	1247

198	135	1300

199	135	1254

207	135	1334

213	135	1250

218	135	1267

190	136	1263

197	136	1239

200	136	1243

208	136	1341

213	136	1249

218	136	1272

191	137	1248

198	137	1287

200	137	1245

209	137	1329

210	137	1332

212	137	1267

218	137	1273

192	138	1231

199	138	1291

210	138	1321

211	138	1327

218	138	1273

192	139	1238

209	139	1324

212	139	1277

218	139	1275

192	140	1243

199	140	1299

200	140	1264

208	140	1309

212	140	1273

218	140	1279

193	141	1233

198	141	1249

201	141	1247

209	141	1332

212	141	1261

218	141	1280

183	142	1241

193	142	1236

198	142	1243

201	142	1250

210	142	1312

211	142	1285

218	142	1291

182	143	1222

184	143	1226

193	143	1240

199	143	1258

201	143	1257

209	143	1326

210	143	1317

218	143	1306

181	144	1229

185	144	1227

193	144	1245

199	144	1251

202	144	1246

208	144	1307

211	144	1287

218	144	1317

181	145	1231

186	145	1237

193	145	1250

199	145	1247

202	145	1251

207	145	1257

212	145	1256

217	145	1277

182	146	1226

187	146	1245

193	146	1256

199	146	1245

202	146	1256

207	146	1260

211	146	1277

217	146	1293

182	147	1237

187	147	1235

194	147	1241

200	147	1255

202	147	1262

207	147	1261

211	147	1265

216	147	1277

183	148	1230

188	148	1239

194	148	1246

201	148	1275

208	148	1276

210	148	1277

216	148	1284

183	149	1242

189	149	1252

194	149	1244

209	149	1264

216	149	1288

184	150	1230

190	150	1260

191	150	1279

194	150	1286

216	150	1295

184	151	1239

192	151	1279

193	151	1311

216	151	1304

185	152	1238

216	152	1312

232	152	1296

233	152	1299

186	153	1236

216	153	1318

229	153	1294

230	153	1277

231	153	1268

234	153	1292

186	154	1243

216	154	1319

228	154	1283

234	154	1292

186	155	1261

216	155	1320

227	155	1286

233	155	1276

186	156	1302

216	156	1306

226	156	1296

232	156	1268

187	157	1287

216	157	1293

226	157	1276

232	157	1299

188	158	1274

216	158	1285

225	158	1289

231	158	1284

188	159	1312

216	159	1274

224	159	1300

230	159	1276

189	160	1327

217	160	1288

224	160	1272

230	160	1306

187	161	1351

189	161	1334

218	161	1296

223	161	1277

229	161	1291

188	162	1352

219	162	1282

220	162	1302

221	162	1301

222	162	1279

228	162	1279

188	163	1323

228	163	1304

189	164	1314

227	164	1283

189	165	1344

227	165	1306

190	166	1331

226	166	1283

190	167	1345

226	167	1298

189	168	1301

190	168	1314

191	168	1348

225	168	1281

192	169	1277

225	169	1306

190	170	1347

191	170	1331

224	170	1296

190	171	1319

191	171	1327

223	171	1292

190	172	1346

192	172	1321

222	172	1290

191	173	1331

193	173	1300

221	173	1286

191	174	1300

192	174	1318

220	174	1282

191	175	1347

193	175	1354

219	175	1282

192	176	1351

194	176	1312

219	176	1316

193	177	1305

217	177	1295

218	177	1322

194	178	1339

215	178	1297

216	178	1315

195	179	1325

214	179	1311

195	180	1354

214	180	1348

196	181	1307

213	181	1335

196	182	1339

213	182	1352

196	183	1336

212	183	1333

196	184	1332

212	184	1348

196	185	1336

211	185	1338

196	186	1326

211	186	1349

195	187	1334

210	187	1339

194	188	1351

210	188	1347

194	189	1327

209	189	1340

194	190	1330

209	190	1349

194	191	1333

208	191	1340

194	192	1347

208	192	1347

195	193	1348

208	193	1354

194	194	1351

207	194	1346

192	195	1354

193	195	1350

206	195	1345

192	196	1352

193	196	1351

206	196	1352

194	197	1354

204	197	1349

205	197	1353

195	198	1348

203	198	1350

191	199	1352

195	199	1352

203	199	1353

191	200	1350

196	200	1345

201	200	1349

202	200	1352

190	201	1352

191	201	1353

197	201	1352

200	201	1353

198	202	1354

199	202	1354

