153	128	1494

154	128	1496

142	129	1489

143	129	1490

153	129	1493

154	129	1497

142	130	1488

143	130	1487

153	130	1493

154	130	1497

142	131	1486

143	131	1485

153	131	1492

154	131	1495

142	132	1486

143	132	1485

153	132	1492

154	132	1494

142	133	1484

144	133	1488

152	133	1491

154	133	1494

142	134	1483

144	134	1486

152	134	1489

154	134	1494

142	135	1480

144	135	1485

152	135	1489

154	135	1494

169	135	1491

142	136	1479

144	136	1483

152	136	1489

154	136	1492

168	136	1488

170	136	1495

143	137	1478

145	137	1489

151	137	1493

154	137	1490

167	137	1487

170	137	1494

130	138	1460

131	138	1463

143	138	1479

145	138	1487

151	138	1493

154	138	1487

165	138	1485

166	138	1486

169	138	1493

130	139	1461

132	139	1466

143	139	1482

146	139	1490

150	139	1501

154	139	1490

164	139	1487

169	139	1494

130	140	1463

133	140	1473

143	140	1484

146	140	1488

150	140	1497

154	140	1491

163	140	1485

168	140	1490

131	141	1467

133	141	1469

143	141	1485

147	141	1491

150	141	1492

154	141	1494

161	141	1515

162	141	1490

167	141	1491

131	142	1474

134	142	1468

143	142	1486

148	142	1495

149	142	1500

154	142	1493

160	142	1508

166	142	1488

132	143	1471

135	143	1472

143	143	1490

155	143	1506

159	143	1497

166	143	1489

132	144	1479

136	144	1475

143	144	1492

156	144	1501

157	144	1511

158	144	1489

165	144	1489

132	145	1482

137	145	1475

138	145	1475

142	145	1514

164	145	1492

133	146	1495

139	146	1477

140	146	1482

141	146	1481

163	146	1496

134	147	1482

162	147	1498

135	148	1487

161	148	1496

136	149	1496

160	149	1494

137	150	1487

160	150	1498

137	151	1486

159	151	1494

138	152	1487

159	152	1498

137	153	1483

158	153	1494

137	154	1480

158	154	1499

138	155	1497

157	155	1488

138	156	1500

157	156	1487

138	157	1501

157	157	1484

139	158	1486

158	158	1487

138	159	1510

158	159	1484

138	160	1508

159	160	1484

138	161	1510

160	161	1488

139	162	1494

161	162	1488

162	162	1488

138	163	1524

163	163	1483

164	163	1484

138	164	1517

165	164	1486

166	164	1486

167	164	1485

168	164	1488

169	164	1488

170	164	1488

171	164	1489

139	165	1512

172	165	1495

173	165	1496

139	166	1526

162	166	1488

163	166	1490

164	166	1494

165	166	1495

166	166	1494

174	166	1496

139	167	1534

157	167	1485

158	167	1486

159	167	1485

160	167	1488

161	167	1493

167	167	1500

168	167	1496

169	167	1493

170	167	1494

171	167	1497

172	167	1496

173	167	1498

174	167	1500

139	168	1524

154	168	1487

155	168	1487

156	168	1493

139	169	1517

153	169	1499

138	170	1560

152	170	1530

138	171	1526

152	171	1567

137	172	1548

151	172	1549

137	173	1533

151	173	1558

137	174	1530

151	174	1573

137	175	1538

150	175	1563

137	176	1542

150	176	1566

136	177	1565

150	177	1571

136	178	1559

150	178	1576

136	179	1553

150	179	1585

136	180	1562

150	180	1591

136	181	1565

149	181	1577

136	182	1564

149	182	1585

135	183	1583

148	183	1581

135	184	1575

148	184	1591

135	185	1577

147	185	1581

135	186	1575

147	186	1583

135	187	1574

147	187	1586

135	188	1577

147	188	1592

135	189	1582

146	189	1588

135	190	1587

146	190	1592

135	191	1589

145	191	1588

135	192	1592

145	192	1590

136	193	1590

137	193	1589

138	193	1587

139	193	1585

140	193	1581

141	193	1580

142	193	1581

143	193	1584

144	193	1589

