149	119	1303

148	120	1302

150	120	1307

151	120	1313

148	121	1303

151	121	1313

137	122	1295

138	122	1298

139	122	1301

148	122	1304

151	122	1311

137	123	1295

139	123	1302

148	123	1306

152	123	1299

136	124	1275

140	124	1305

148	124	1306

152	124	1311

137	125	1295

140	125	1303

148	125	1304

152	125	1315

137	126	1295

140	126	1303

148	126	1303

151	126	1311

167	126	1316

138	127	1298

140	127	1301

148	127	1303

151	127	1310

166	127	1311

168	127	1313

169	127	1305

138	128	1295

140	128	1300

148	128	1303

151	128	1308

165	128	1310

169	128	1318

138	129	1295

141	129	1301

147	129	1278

151	129	1307

164	129	1309

169	129	1323

138	130	1298

141	130	1302

147	130	1295

151	130	1308

164	130	1307

168	130	1319

138	131	1299

142	131	1304

147	131	1302

152	131	1315

163	131	1312

168	131	1326

124	132	1277

125	132	1281

138	132	1299

143	132	1320

147	132	1302

152	132	1315

162	132	1308

168	132	1333

124	133	1281

126	133	1285

139	133	1298

143	133	1316

148	133	1305

152	133	1316

161	133	1305

167	133	1320

124	134	1282

127	134	1287

139	134	1298

143	134	1309

148	134	1304

152	134	1314

161	134	1304

166	134	1314

125	135	1284

128	135	1289

139	135	1300

144	135	1313

148	135	1305

152	135	1316

160	135	1306

166	135	1323

126	136	1284

129	136	1291

139	136	1302

143	136	1305

148	136	1305

153	136	1285

156	136	1328

157	136	1307

159	136	1308

165	136	1317

126	137	1286

130	137	1292

139	137	1303

143	137	1305

147	137	1304

152	137	1317

155	137	1336

158	137	1307

165	137	1323

127	138	1291

131	138	1290

132	138	1291

140	138	1305

144	138	1308

145	138	1261

146	138	1274

153	138	1327

154	138	1357

164	138	1316

128	139	1289

132	139	1292

139	139	1308

164	139	1327

129	140	1289

133	140	1295

136	140	1300

139	140	1310

163	140	1321

129	141	1290

134	141	1297

135	141	1300

137	141	1311

138	141	1331

162	141	1322

129	142	1297

161	142	1319

129	143	1294

161	143	1325

129	144	1274

160	144	1327

130	145	1303

159	145	1325

131	146	1317

159	146	1328

132	147	1319

159	147	1308

132	148	1354

158	148	1317

132	149	1328

157	149	1313

133	150	1330

158	150	1319

133	151	1341

158	151	1319

133	152	1335

157	152	1314

133	153	1337

134	153	1309

157	153	1314

135	154	1307

158	154	1316

134	155	1293

158	155	1311

135	156	1311

159	156	1308

135	157	1314

160	157	1307

161	157	1315

170	157	1311

171	157	1309

172	157	1313

135	158	1316

162	158	1313

163	158	1316

164	158	1316

165	158	1318

166	158	1317

167	158	1317

168	158	1317

169	158	1320

173	158	1323

174	158	1326

175	158	1332

136	159	1309

176	159	1330

177	159	1343

135	160	1304

177	160	1333

135	161	1292

178	161	1342

136	162	1317

165	162	1317

169	162	1320

170	162	1323

171	162	1326

172	162	1328

173	162	1329

174	162	1331

175	162	1335

176	162	1337

177	162	1340

136	163	1318

163	163	1319

164	163	1323

166	163	1325

167	163	1322

168	163	1326

136	164	1320

160	164	1314

161	164	1315

162	164	1319

136	165	1329

158	165	1317

159	165	1320

137	166	1335

156	166	1318

157	166	1320

137	167	1343

154	167	1321

155	167	1323

137	168	1345

153	168	1336

137	169	1339

152	169	1364

138	170	1342

151	170	1372

137	171	1353

152	171	1396

137	172	1355

152	172	1403

137	173	1353

152	173	1407

137	174	1351

152	174	1410

137	175	1358

151	175	1395

137	176	1378

151	176	1402

137	177	1380

151	177	1407

137	178	1375

151	178	1411

137	179	1363

150	179	1404

138	180	1390

150	180	1406

138	181	1394

150	181	1409

138	182	1397

150	182	1411

138	183	1398

149	183	1409

138	184	1408

149	184	1413

139	185	1410

148	185	1413

140	186	1410

145	186	1405

146	186	1408

147	186	1412

140	187	1413

141	187	1412

142	187	1412

143	187	1413

144	187	1413

