174	96	1244

175	96	1227

176	96	1226

177	96	1231

178	96	1253

166	97	1228

167	97	1215

168	97	1220

174	97	1222

179	97	1267

165	98	1223

169	98	1212

174	98	1217

179	98	1236

165	99	1205

169	99	1210

173	99	1253

179	99	1230

164	100	1227

169	100	1209

174	100	1216

179	100	1229

185	100	1242

186	100	1225

187	100	1225

188	100	1231

164	101	1222

169	101	1210

174	101	1216

179	101	1231

185	101	1225

189	101	1232

164	102	1216

169	102	1210

174	102	1216

179	102	1234

184	102	1249

189	102	1235

164	103	1214

169	103	1212

173	103	1246

179	103	1235

184	103	1225

189	103	1239

164	104	1214

169	104	1212

173	104	1241

179	104	1234

184	104	1223

189	104	1236

164	105	1212

169	105	1211

173	105	1237

179	105	1232

184	105	1225

189	105	1240

164	106	1208

169	106	1209

173	106	1232

179	106	1232

183	106	1254

188	106	1232

164	107	1205

169	107	1208

173	107	1228

179	107	1232

183	107	1239

188	107	1235

164	108	1204

169	108	1208

173	108	1224

179	108	1237

183	108	1231

188	108	1239

164	109	1205

169	109	1211

173	109	1221

179	109	1238

182	109	1261

188	109	1243

150	110	1203

151	110	1197

152	110	1201

164	110	1207

169	110	1213

173	110	1220

179	110	1238

182	110	1248

188	110	1244

149	111	1214

153	111	1197

164	111	1209

170	111	1210

172	111	1245

179	111	1238

182	111	1238

188	111	1244

149	112	1210

154	112	1200

164	112	1210

170	112	1216

172	112	1237

179	112	1239

181	112	1258

188	112	1247

150	113	1195

155	113	1198

164	113	1212

170	113	1219

172	113	1230

179	113	1241

181	113	1245

187	113	1238

150	114	1201

155	114	1201

164	114	1210

171	114	1232

179	114	1238

181	114	1234

187	114	1243

151	115	1192

156	115	1206

164	115	1210

180	115	1245

187	115	1244

151	116	1199

157	116	1210

164	116	1215

187	116	1243

152	117	1196

158	117	1211

164	117	1223

187	117	1244

152	118	1201

159	118	1205

160	118	1231

163	118	1251

186	118	1236

153	119	1196

161	119	1243

162	119	1267

186	119	1240

153	120	1210

186	120	1244

154	121	1206

186	121	1246

154	122	1211

186	122	1246

155	123	1202

186	123	1242

154	124	1217

185	124	1230

154	125	1217

185	125	1228

154	126	1210

185	126	1225

199	126	1232

200	126	1224

201	126	1221

202	126	1222

203	126	1225

155	127	1245

186	127	1233

196	127	1260

197	127	1236

198	127	1223

204	127	1228

155	128	1264

186	128	1232

191	128	1314

192	128	1285

193	128	1256

194	128	1246

195	128	1234

204	128	1234

155	129	1292

187	129	1247

188	129	1278

191	129	1282

203	129	1235

204	129	1254

155	130	1308

189	130	1285

190	130	1270

202	130	1238

155	131	1284

201	131	1242

155	132	1181

156	132	1199

200	132	1242

155	133	1241

157	133	1243

200	133	1264

155	134	1254

156	134	1294

199	134	1276

156	135	1296

198	135	1283

156	136	1312

197	136	1263

157	137	1292

196	137	1266

158	138	1254

194	138	1248

195	138	1268

156	139	1291

157	139	1297

193	139	1251

156	140	1214

157	140	1253

192	140	1252

158	141	1248

191	141	1259

157	142	1246

189	142	1248

190	142	1270

158	143	1261

188	143	1255

158	144	1213

187	144	1255

158	145	1251

186	145	1257

158	146	1206

185	146	1263

158	147	1283

184	147	1274

158	148	1297

183	148	1286

159	149	1273

182	149	1288

158	150	1293

181	150	1273

158	151	1292

181	151	1278

158	152	1274

180	152	1267

157	153	1290

180	153	1278

156	154	1253

180	154	1285

156	155	1252

179	155	1277

156	156	1275

179	156	1291

155	157	1300

179	157	1302

155	158	1277

179	158	1309

153	159	1256

154	159	1234

178	159	1293

153	160	1260

178	160	1300

153	161	1283

178	161	1303

152	162	1259

177	162	1300

153	163	1267

177	163	1310

151	164	1283

152	164	1271

176	164	1294

152	165	1251

153	165	1242

154	165	1232

155	165	1231

156	165	1232

157	165	1234

158	165	1231

159	165	1229

160	165	1228

161	165	1228

162	165	1228

163	165	1228

164	165	1230

165	165	1233

166	165	1235

167	165	1236

168	165	1238

169	165	1242

170	165	1247

171	165	1252

172	165	1257

173	165	1264

174	165	1271

175	165	1285

176	165	1302

