172	146	1664

173	146	1668

167	147	1674

171	147	1666

173	147	1667

166	148	1665

168	148	1671

171	148	1667

173	148	1666

165	149	1668

169	149	1669

170	149	1651

173	149	1668

165	150	1667

168	150	1675

170	150	1667

173	150	1668

165	151	1668

169	151	1697

172	151	1668

181	151	1679

182	151	1681

165	152	1667

168	152	1675

170	152	1674

172	152	1668

180	152	1683

182	152	1686

165	153	1665

169	153	1684

172	153	1669

179	153	1679

182	153	1684

154	154	1669

155	154	1668

164	154	1666

172	154	1669

179	154	1677

181	154	1679

154	155	1667

156	155	1672

164	155	1668

172	155	1670

178	155	1679

181	155	1681

154	156	1668

156	156	1669

164	156	1668

172	156	1670

178	156	1678

181	156	1685

154	157	1678

157	157	1678

163	157	1697

173	157	1680

176	157	1632

177	157	1684

180	157	1679

155	158	1674

158	158	1680

163	158	1680

173	158	1688

177	158	1679

180	158	1680

155	159	1679

158	159	1677

163	159	1684

173	159	1696

175	159	1689

176	159	1679

180	159	1688

156	160	1670

159	160	1683

163	160	1685

174	160	1704

179	160	1682

156	161	1673

159	161	1675

163	161	1688

179	161	1691

156	162	1676

160	162	1674

162	162	1714

178	162	1682

157	163	1673

161	163	1680

177	163	1676

157	164	1679

177	164	1682

157	165	1689

176	165	1681

158	166	1676

176	166	1686

158	167	1672

176	167	1693

158	168	1677

175	168	1684

158	169	1683

175	169	1684

158	170	1687

176	170	1693

182	170	1698

183	170	1696

184	170	1692

185	170	1690

186	170	1689

187	170	1692

188	170	1693

158	171	1689

176	171	1690

180	171	1697

181	171	1693

187	171	1697

188	171	1699

159	172	1676

177	172	1692

179	172	1693

185	172	1696

186	172	1701

159	173	1673

178	173	1687

184	173	1699

158	174	1684

182	174	1697

183	174	1708

158	175	1704

181	175	1695

158	176	1700

180	176	1686

159	177	1688

179	177	1689

159	178	1689

178	178	1688

159	179	1690

177	179	1692

159	180	1699

176	180	1701

159	181	1715

174	181	1691

175	181	1715

159	182	1724

173	182	1694

159	183	1721

172	183	1709

159	184	1717

171	184	1739

159	185	1717

170	185	1738

159	186	1719

170	186	1747

158	187	1734

169	187	1736

158	188	1734

169	188	1749

158	189	1736

168	189	1746

158	190	1740

168	190	1760

157	191	1762

167	191	1744

157	192	1763

167	192	1753

157	193	1764

167	193	1763

157	194	1763

166	194	1756

157	195	1764

166	195	1766

157	196	1768

165	196	1756

158	197	1764

165	197	1766

158	198	1767

164	198	1763

158	199	1767

163	199	1762

158	200	1768

159	200	1768

161	200	1763

163	200	1766

160	201	1769

162	201	1768

