193	152	1644

194	152	1645

192	153	1648

195	153	1650

205	153	1652

190	154	1646

192	154	1645

196	154	1656

204	154	1652

206	154	1656

189	155	1644

191	155	1656

193	155	1649

196	155	1656

203	155	1635

206	155	1659

189	156	1643

192	156	1658

193	156	1651

196	156	1654

203	156	1645

206	156	1660

189	157	1647

192	157	1659

194	157	1653

197	157	1659

204	157	1657

206	157	1662

189	158	1647

193	158	1660

197	158	1660

205	158	1657

206	158	1660

188	159	1650

198	159	1665

205	159	1660

206	159	1662

189	160	1655

198	160	1665

204	160	1660

206	160	1662

189	161	1654

199	161	1667

203	161	1661

207	161	1667

190	162	1650

199	162	1668

203	162	1660

207	162	1664

189	163	1660

200	163	1670

201	163	1669

203	163	1667

207	163	1668

182	164	1647

189	164	1677

202	164	1670

207	164	1676

182	165	1642

183	165	1648

189	165	1666

206	165	1675

182	166	1646

184	166	1654

189	166	1679

206	166	1674

182	167	1649

185	167	1655

190	167	1663

206	167	1674

183	168	1648

185	168	1649

191	168	1666

206	168	1676

216	168	1692

217	168	1677

218	168	1674

219	168	1691

183	169	1652

186	169	1649

190	169	1689

206	169	1676

215	169	1699

219	169	1677

183	170	1665

187	170	1651

188	170	1653

190	170	1655

206	170	1673

214	170	1692

219	170	1692

184	171	1659

189	171	1653

207	171	1676

214	171	1691

218	171	1674

185	172	1658

207	172	1671

214	172	1677

218	172	1697

186	173	1660

207	173	1669

212	173	1709

213	173	1687

217	173	1674

186	174	1676

208	174	1675

211	174	1719

217	174	1690

187	175	1664

209	175	1679

210	175	1685

216	175	1672

188	176	1655

216	176	1685

188	177	1668

216	177	1705

188	178	1679

215	178	1676

189	179	1659

215	179	1688

189	180	1661

215	180	1707

189	181	1663

214	181	1681

189	182	1671

214	182	1702

190	183	1653

213	183	1690

190	184	1655

212	184	1684

191	185	1651

211	185	1676

191	186	1661

211	186	1699

191	187	1656

210	187	1689

192	188	1664

209	188	1683

193	189	1667

209	189	1714

193	190	1689

208	190	1727

194	191	1669

207	191	1719

194	192	1641

207	192	1727

195	193	1688

207	193	1733

195	194	1700

207	194	1744

195	195	1700

207	195	1751

196	196	1688

207	196	1758

196	197	1693

207	197	1757

196	198	1692

207	198	1757

196	199	1697

207	199	1755

196	200	1712

207	200	1759

196	201	1715

207	201	1763

197	202	1709

207	202	1764

197	203	1718

206	203	1749

197	204	1725

206	204	1751

197	205	1727

206	205	1753

197	206	1732

207	206	1764

197	207	1747

207	207	1764

197	208	1756

207	208	1760

197	209	1764

207	209	1760

198	210	1745

207	210	1759

198	211	1751

207	211	1762

198	212	1755

199	212	1750

200	212	1748

201	212	1747

202	212	1748

203	212	1747

204	212	1752

205	212	1755

206	212	1760

207	212	1762

