151	119	1307

152	119	1309

153	119	1311

151	120	1307

153	120	1310

141	121	1302

142	121	1303

143	121	1304

151	121	1306

154	121	1315

140	122	1303

143	122	1304

151	122	1306

153	122	1312

140	123	1303

143	123	1305

151	123	1305

153	123	1311

140	124	1301

143	124	1307

151	124	1305

153	124	1310

140	125	1301

144	125	1314

151	125	1304

153	125	1310

168	125	1323

140	126	1300

144	126	1315

150	126	1301

153	126	1310

167	126	1315

169	126	1321

141	127	1301

144	127	1312

150	127	1302

153	127	1311

166	127	1313

170	127	1325

141	128	1301

144	128	1311

150	128	1303

153	128	1309

165	128	1312

170	128	1324

141	129	1300

144	129	1308

149	129	1300

154	129	1314

165	129	1310

169	129	1320

141	130	1301

145	130	1316

149	130	1303

153	130	1308

164	130	1313

169	130	1323

126	131	1286

127	131	1288

128	131	1289

141	131	1302

145	131	1318

149	131	1305

154	131	1315

163	131	1314

168	131	1318

126	132	1287

129	132	1292

141	132	1302

145	132	1317

150	132	1305

153	132	1310

162	132	1306

168	132	1325

127	133	1290

129	133	1292

141	133	1301

145	133	1315

149	133	1304

154	133	1318

162	133	1313

167	133	1320

127	134	1289

130	134	1292

141	134	1301

145	134	1311

148	134	1288

154	134	1320

161	134	1313

167	134	1330

128	135	1290

131	135	1292

141	135	1303

145	135	1309

148	135	1304

154	135	1322

160	135	1314

166	135	1324

128	136	1289

132	136	1295

141	136	1302

145	136	1309

148	136	1302

154	136	1323

157	136	1297

158	136	1304

159	136	1317

166	136	1331

129	137	1292

133	137	1300

141	137	1303

146	137	1312

148	137	1303

155	137	1341

156	137	1341

165	137	1325

130	138	1293

133	138	1298

141	138	1305

147	138	1311

165	138	1330

130	139	1292

134	139	1298

135	139	1302

136	139	1311

140	139	1307

164	139	1322

131	140	1295

137	140	1306

138	140	1320

139	140	1322

164	140	1325

131	141	1299

163	141	1327

132	142	1299

162	142	1326

132	143	1306

161	143	1326

132	144	1351

160	144	1324

133	145	1312

160	145	1325

133	146	1344

159	146	1320

133	147	1398

159	147	1323

133	148	1380

159	148	1330

134	149	1346

158	149	1325

135	150	1312

158	150	1323

135	151	1311

159	151	1327

135	152	1333

159	152	1323

134	153	1276

135	153	1332

159	153	1315

136	154	1309

160	154	1318

170	154	1308

171	154	1312

172	154	1326

173	154	1330

174	154	1327

136	155	1313

161	155	1321

162	155	1328

163	155	1330

165	155	1327

166	155	1328

167	155	1323

168	155	1321

169	155	1319

175	155	1330

176	155	1334

134	156	1310

135	156	1334

164	156	1320

177	156	1334

178	156	1347

135	157	1358

178	157	1342

136	158	1331

175	158	1329

176	158	1332

177	158	1339

135	159	1331

169	159	1325

170	159	1327

171	159	1328

172	159	1330

173	159	1334

174	159	1334

136	160	1323

166	160	1327

167	160	1330

168	160	1332

136	161	1315

164	161	1326

165	161	1331

135	162	1329

136	162	1350

162	162	1323

163	162	1329

137	163	1327

160	163	1324

161	163	1325

137	164	1348

159	164	1328

137	165	1351

157	165	1325

158	165	1331

138	166	1341

155	166	1325

156	166	1327

138	167	1337

154	167	1335

138	168	1336

153	168	1351

137	169	1345

152	169	1368

138	170	1351

152	170	1376

138	171	1354

153	171	1403

138	172	1356

153	172	1408

138	173	1359

153	173	1410

138	174	1360

152	174	1398

138	175	1363

152	175	1403

138	176	1365

152	176	1407

138	177	1367

152	177	1411

138	178	1374

151	178	1403

138	179	1383

151	179	1409

138	180	1393

151	180	1410

138	181	1399

150	181	1405

138	182	1409

150	182	1410

138	183	1411

149	183	1408

138	184	1409

149	184	1410

139	185	1412

149	185	1411

140	186	1411

141	186	1410

142	186	1410

143	186	1407

144	186	1406

145	186	1407

146	186	1408

147	186	1409

148	186	1412

138	187	1407

