202	101	1240

203	101	1231

204	101	1228

205	101	1234

202	102	1231

206	102	1235

194	103	1240

195	103	1225

196	103	1232

201	103	1237

206	103	1233

193	104	1221

197	104	1223

201	104	1233

206	104	1234

193	105	1216

198	105	1279

201	105	1236

206	105	1234

213	105	1279

214	105	1272

193	106	1217

198	106	1242

201	106	1235

206	106	1232

212	106	1260

215	106	1255

193	107	1219

198	107	1251

201	107	1232

206	107	1232

212	107	1250

216	107	1260

192	108	1225

198	108	1262

201	108	1232

206	108	1235

211	108	1268

216	108	1259

192	109	1225

197	109	1221

201	109	1234

207	109	1301

211	109	1253

216	109	1263

192	110	1224

197	110	1223

201	110	1236

207	110	1314

211	110	1251

216	110	1269

192	111	1221

197	111	1225

201	111	1238

207	111	1317

211	111	1250

216	111	1283

192	112	1223

197	112	1229

200	112	1245

207	112	1306

210	112	1259

215	112	1255

192	113	1224

197	113	1229

200	113	1244

206	113	1244

210	113	1254

215	113	1255

179	114	1244

180	114	1236

181	114	1245

192	114	1228

197	114	1231

200	114	1245

206	114	1246

210	114	1252

215	114	1255

179	115	1227

182	115	1242

192	115	1229

197	115	1233

200	115	1245

206	115	1250

209	115	1268

215	115	1263

179	116	1224

183	116	1252

192	116	1230

197	116	1235

200	116	1245

206	116	1255

209	116	1253

215	116	1286

179	117	1227

183	117	1235

192	117	1229

198	117	1271

199	117	1257

206	117	1262

209	117	1250

214	117	1257

179	118	1232

184	118	1246

191	118	1232

206	118	1269

208	118	1268

214	118	1260

179	119	1234

185	119	1262

191	119	1233

206	119	1279

208	119	1256

214	119	1264

180	120	1232

186	120	1263

191	120	1243

207	120	1280

214	120	1279

180	121	1236

187	121	1289

191	121	1248

214	121	1314

181	122	1233

188	122	1304

191	122	1243

213	122	1264

181	123	1239

188	123	1270

191	123	1255

213	123	1267

182	124	1235

189	124	1279

190	124	1299

213	124	1274

182	125	1241

213	125	1288

183	126	1236

212	126	1267

177	127	1265

178	127	1267

182	127	1247

212	127	1269

180	128	1320

181	128	1295

212	128	1268

179	129	1277

212	129	1270

180	130	1277

212	130	1277

180	131	1242

212	131	1278

181	132	1313

212	132	1274

225	132	1267

226	132	1253

227	132	1252

228	132	1258

229	132	1275

181	133	1294

182	133	1254

212	133	1268

222	133	1282

223	133	1264

224	133	1256

230	133	1278

183	134	1247

184	134	1259

213	134	1324

218	134	1334

219	134	1297

220	134	1286

221	134	1267

230	134	1274

183	135	1261

185	135	1245

214	135	1329

216	135	1326

217	135	1302

229	135	1267

230	135	1293

182	136	1291

184	136	1277

215	136	1312

228	136	1267

183	137	1286

227	137	1274

184	138	1280

226	138	1283

183	139	1271

225	139	1292

182	140	1295

183	140	1289

224	140	1303

182	141	1322

184	141	1300

223	141	1311

183	142	1279

221	142	1275

222	142	1316

183	143	1307

220	143	1275

184	144	1322

219	144	1276

184	145	1321

218	145	1275

184	146	1300

185	146	1293

217	146	1283

184	147	1325

186	147	1270

216	147	1299

185	148	1324

214	148	1285

215	148	1327

184	149	1316

186	149	1281

213	149	1299

184	150	1323

186	150	1281

212	150	1310

184	151	1282

185	151	1282

210	151	1286

211	151	1314

185	152	1299

209	152	1301

184	153	1330

185	153	1312

208	153	1329

186	154	1277

207	154	1337

186	155	1273

206	155	1314

182	156	1285

185	156	1300

206	156	1331

183	157	1296

184	157	1291

205	157	1305

183	158	1274

205	158	1322

182	159	1339

204	159	1308

183	160	1299

204	160	1322

181	161	1331

183	161	1290

204	161	1335

182	162	1283

203	162	1316

182	163	1286

203	163	1323

180	164	1338

181	164	1288

203	164	1332

181	165	1287

202	165	1318

181	166	1289

202	166	1326

179	167	1330

180	167	1277

202	167	1338

179	168	1279

201	168	1322

178	169	1310

201	169	1330

179	170	1273

201	170	1338

178	171	1247

200	171	1327

177	172	1326

200	172	1338

176	173	1327

177	173	1294

178	173	1275

179	173	1282

180	173	1280

181	173	1276

182	173	1273

183	173	1272

184	173	1271

185	173	1271

186	173	1269

187	173	1269

188	173	1268

189	173	1269

190	173	1272

191	173	1275

192	173	1279

193	173	1283

194	173	1287

195	173	1290

196	173	1297

197	173	1303

198	173	1312

199	173	1324

