175	158	1954

170	159	1956

171	159	1960

174	159	1943

175	159	1938

169	160	1951

171	160	1947

174	160	1940

175	160	1938

169	161	1947

171	161	1947

174	161	1936

175	161	1939

169	162	1946

171	162	1954

173	162	1969

175	162	1942

183	162	1979

169	163	1943

171	163	1951

173	163	1953

175	163	1941

182	163	1970

183	163	1965

168	164	1955

171	164	1950

173	164	1952

175	164	1941

182	164	1961

183	164	1963

160	165	1962

168	165	1954

172	165	1975

175	165	1943

181	165	1970

183	165	1963

159	166	1989

161	166	1953

168	166	1954

175	166	1948

181	166	1956

183	166	1965

160	167	1952

161	167	1949

168	167	1950

175	167	1953

180	167	1957

182	167	1954

160	168	1956

162	168	1956

168	168	1945

175	168	1955

179	168	1961

182	168	1961

160	169	1985

162	169	1953

168	169	1941

174	169	1940

178	169	1968

181	169	1956

161	170	1952

163	170	1954

168	170	1944

175	170	1955

177	170	1977

181	170	1964

161	171	1958

164	171	1962

168	171	1942

176	171	1973

180	171	1956

161	172	1994

165	172	1959

167	172	1949

180	172	1965

162	173	1954

166	173	1945

179	173	1959

162	174	1966

179	174	1979

163	175	1953

178	175	1958

163	176	1957

178	176	1966

163	177	1960

177	177	1949

163	178	1956

177	178	1949

163	179	1959

177	179	1944

184	179	1962

185	179	1960

186	179	1961

187	179	1965

188	179	1973

163	180	1961

178	180	1950

182	180	1964

183	180	1956

186	180	1960

187	180	1969

163	181	1966

179	181	1950

180	181	1956

181	181	1956

185	181	1965

163	182	1970

183	182	1965

184	182	1975

163	183	1981

182	183	1972

163	184	1991

181	184	1968

163	185	2001

180	185	1969

164	186	1965

178	186	1954

179	186	1972

164	187	1971

177	187	1965

164	188	1992

175	188	1957

176	188	1979

164	189	2003

174	189	1974

163	190	2016

173	190	2003

162	191	2037

172	191	2006

162	192	2012

172	192	2021

162	193	1999

171	193	2006

161	194	2019

171	194	2028

161	195	2006

170	195	2006

160	196	2038

170	196	2025

160	197	2029

169	197	2009

160	198	2021

169	198	2025

160	199	2017

169	199	2040

159	200	2038

168	200	2026

159	201	2028

167	201	2021

159	202	2020

167	202	2030

158	203	2038

167	203	2042

158	204	2028

166	204	2023

157	205	2043

166	205	2032

157	206	2035

166	206	2036

157	207	2034

158	207	2024

159	207	2019

160	207	2018

161	207	2016

162	207	2016

163	207	2017

164	207	2022

165	207	2032

