162	150	1785

163	150	1783

162	151	1777

163	151	1777

154	152	1775

155	152	1781

162	152	1777

164	152	1786

153	153	1781

155	153	1772

162	153	1777

164	153	1780

153	154	1794

155	154	1768

162	154	1778

164	154	1775

154	155	1773

156	155	1773

162	155	1775

164	155	1772

177	155	1800

154	156	1774

156	156	1771

162	156	1775

164	156	1772

175	156	1797

176	156	1788

177	156	1794

155	157	1769

156	157	1771

162	157	1778

164	157	1772

175	157	1786

177	157	1793

155	158	1767

157	158	1775

162	158	1778

165	158	1784

174	158	1788

177	158	1798

155	159	1770

157	159	1769

162	159	1778

165	159	1781

173	159	1790

176	159	1785

145	160	1765

146	160	1766

155	160	1775

158	160	1774

162	160	1776

165	160	1777

173	160	1780

176	160	1792

145	161	1755

147	161	1762

155	161	1784

158	161	1769

162	161	1777

165	161	1774

172	161	1786

175	161	1783

146	162	1756

148	162	1765

156	162	1775

159	162	1773

162	162	1779

165	162	1775

171	162	1793

175	162	1791

147	163	1762

149	163	1769

156	163	1780

160	163	1779

162	163	1780

165	163	1777

170	163	1788

174	163	1783

147	164	1772

150	164	1762

156	164	1788

161	164	1776

166	164	1790

169	164	1790

174	164	1788

148	165	1769

151	165	1765

157	165	1778

167	165	1782

168	165	1786

173	165	1785

149	166	1761

152	166	1763

153	166	1772

156	166	1818

172	166	1782

150	167	1767

154	167	1765

155	167	1774

172	167	1795

151	168	1767

171	168	1787

151	169	1788

171	169	1796

152	170	1779

170	170	1778

153	171	1777

170	171	1782

153	172	1789

170	172	1784

154	173	1775

170	173	1785

154	174	1780

170	174	1779

154	175	1786

170	175	1772

154	176	1793

171	176	1783

154	177	1795

172	177	1794

154	178	1799

172	178	1784

155	179	1784

173	179	1781

174	179	1790

154	180	1825

175	180	1784

176	180	1786

177	180	1792

179	180	1799

155	181	1786

178	181	1785

180	181	1782

181	181	1783

182	181	1789

183	181	1802

155	182	1794

176	182	1785

177	182	1788

178	182	1786

179	182	1785

181	182	1787

182	182	1791

184	182	1806

185	182	1820

155	183	1814

171	183	1778

172	183	1783

173	183	1786

174	183	1789

175	183	1795

180	183	1795

183	183	1805

184	183	1810

155	184	1837

169	184	1779

170	184	1787

155	185	1844

166	185	1787

167	185	1788

168	185	1791

154	186	1848

165	186	1815

154	187	1844

164	187	1829

154	188	1840

164	188	1839

154	189	1842

164	189	1856

154	190	1842

164	190	1873

154	191	1846

163	191	1856

153	192	1865

163	192	1865

153	193	1871

163	193	1872

153	194	1876

162	194	1853

153	195	1879

162	195	1863

153	196	1878

162	196	1875

153	197	1880

161	197	1867

153	198	1879

161	198	1875

153	199	1882

161	199	1880

153	200	1880

160	200	1873

153	201	1882

160	201	1879

154	202	1879

155	202	1876

159	202	1879

156	203	1882

157	203	1879

158	203	1880

