162	150	1627

163	150	1625

161	151	1626

163	151	1623

153	152	1628

154	152	1625

162	152	1625

164	152	1626

153	153	1624

155	153	1629

162	153	1626

164	153	1630

153	154	1625

155	154	1626

162	154	1625

164	154	1629

153	155	1628

155	155	1626

162	155	1629

164	155	1628

176	155	1643

177	155	1642

153	156	1626

156	156	1633

162	156	1629

164	156	1626

175	156	1639

177	156	1643

153	157	1615

156	157	1627

162	157	1629

164	157	1626

175	157	1642

177	157	1644

154	158	1623

157	158	1629

162	158	1627

165	158	1632

174	158	1642

177	158	1645

154	159	1624

157	159	1625

161	159	1647

165	159	1632

173	159	1636

176	159	1642

144	160	1620

154	160	1626

158	160	1631

161	160	1645

165	160	1631

173	160	1634

176	160	1643

143	161	1614

145	161	1610

146	161	1620

154	161	1627

158	161	1628

161	161	1642

165	161	1631

171	161	1623

172	161	1639

176	161	1647

143	162	1619

147	162	1626

154	162	1633

159	162	1635

161	162	1645

165	162	1631

171	162	1647

175	162	1640

144	163	1612

147	163	1616

154	163	1643

160	163	1649

166	163	1643

170	163	1647

175	163	1643

145	164	1613

148	164	1618

155	164	1628

166	164	1639

169	164	1683

174	164	1638

146	165	1614

149	165	1618

155	165	1636

167	165	1653

168	165	1658

174	165	1645

146	166	1623

150	166	1616

151	166	1625

155	166	1652

173	166	1640

147	167	1619

152	167	1622

156	167	1632

173	167	1646

147	168	1627

153	168	1619

154	168	1624

155	168	1629

172	168	1641

148	169	1627

149	169	1619

172	169	1648

150	170	1622

171	170	1639

150	171	1635

171	171	1642

151	172	1627

170	172	1634

151	173	1664

170	173	1634

152	174	1631

170	174	1633

152	175	1641

170	175	1633

152	176	1633

171	176	1641

152	177	1617

171	177	1633

153	178	1629

172	178	1635

152	179	1660

172	179	1632

152	180	1692

173	180	1633

174	180	1640

153	181	1650

175	181	1633

176	181	1638

177	181	1641

178	181	1643

182	181	1642

183	181	1644

184	181	1650

153	182	1638

179	182	1636

180	182	1635

181	182	1637

185	182	1646

186	182	1647

153	183	1648

178	183	1637

179	183	1636

180	183	1638

181	183	1639

182	183	1641

183	183	1643

184	183	1646

185	183	1648

186	183	1648

187	183	1650

153	184	1646

175	184	1633

176	184	1638

177	184	1642

154	185	1640

173	185	1636

174	185	1642

154	186	1649

170	186	1629

171	186	1636

172	186	1644

154	187	1653

169	187	1638

154	188	1673

167	188	1641

168	188	1646

154	189	1676

166	189	1665

155	190	1692

166	190	1711

155	191	1697

166	191	1732

155	192	1711

165	192	1708

155	193	1721

165	193	1717

155	194	1731

165	194	1726

156	195	1707

165	195	1732

156	196	1721

165	196	1736

157	197	1718

164	197	1736

158	198	1725

163	198	1728

159	199	1724

163	199	1734

159	200	1737

160	200	1730

162	200	1732

163	200	1735

161	201	1735

