161	128	1439

162	128	1442

155	129	1439

156	129	1439

161	129	1438

162	129	1442

154	130	1439

156	130	1443

161	130	1438

162	130	1441

154	131	1440

156	131	1448

161	131	1439

162	131	1443

154	132	1440

156	132	1451

160	132	1439

162	132	1445

153	133	1441

156	133	1451

160	133	1439

162	133	1445

171	133	1446

172	133	1450

173	133	1453

153	134	1440

156	134	1450

160	134	1440

162	134	1446

171	134	1449

173	134	1454

153	135	1436

155	135	1444

160	135	1441

162	135	1448

171	135	1449

173	135	1453

141	136	1431

153	136	1434

155	136	1444

159	136	1439

162	136	1450

170	136	1451

173	136	1456

141	137	1430

142	137	1432

153	137	1436

155	137	1444

159	137	1443

162	137	1450

170	137	1449

173	137	1458

141	138	1433

143	138	1439

153	138	1437

156	138	1450

158	138	1432

162	138	1449

169	138	1445

172	138	1458

141	139	1437

143	139	1440

153	139	1439

157	139	1437

162	139	1449

168	139	1442

172	139	1456

141	140	1439

144	140	1444

152	140	1441

156	140	1453

158	140	1445

163	140	1458

168	140	1449

172	140	1456

142	141	1438

144	141	1442

152	141	1445

157	141	1445

164	141	1521

167	141	1448

171	141	1453

142	142	1439

145	142	1444

152	142	1445

165	142	1445

166	142	1454

171	142	1454

142	143	1441

145	143	1442

152	143	1447

170	143	1450

143	144	1437

146	144	1447

152	144	1445

170	144	1454

143	145	1435

147	145	1451

151	145	1447

170	145	1459

143	146	1437

147	146	1449

149	146	1476

150	146	1469

169	146	1460

143	147	1437

148	147	1452

169	147	1467

144	148	1443

168	148	1464

143	149	1421

167	149	1460

144	150	1447

167	150	1462

143	151	1437

166	151	1461

144	152	1445

166	152	1466

145	153	1448

165	153	1462

144	154	1453

165	154	1464

145	155	1448

165	155	1462

178	155	1472

179	155	1472

180	155	1474

145	156	1449

166	156	1462

173	156	1470

174	156	1468

175	156	1464

176	156	1465

177	156	1466

180	156	1473

145	157	1450

166	157	1465

170	157	1472

171	157	1469

172	157	1467

179	157	1472

180	157	1474

144	158	1451

167	158	1472

168	158	1470

169	158	1466

177	158	1469

178	158	1472

145	159	1455

176	159	1473

144	160	1437

174	160	1469

175	160	1477

145	161	1454

172	161	1465

173	161	1472

145	162	1456

171	162	1463

145	163	1465

170	163	1463

146	164	1455

169	164	1464

145	165	1456

169	165	1473

145	166	1461

167	166	1466

168	166	1474

146	167	1466

166	167	1471

146	168	1475

164	168	1469

165	168	1475

146	169	1478

163	169	1473

146	170	1470

162	170	1477

146	171	1470

160	171	1483

161	171	1488

146	172	1477

159	172	1493

145	173	1478

159	173	1507

145	174	1478

158	174	1508

145	175	1485

158	175	1519

145	176	1494

158	176	1533

144	177	1534

158	177	1542

144	178	1506

158	178	1546

144	179	1505

157	179	1539

144	180	1510

157	180	1548

144	181	1521

156	181	1539

144	182	1525

156	182	1545

143	183	1544

155	183	1537

143	184	1541

155	184	1546

143	185	1547

154	185	1545

144	186	1536

153	186	1542

143	187	1547

153	187	1545

143	188	1544

153	188	1548

143	189	1548

152	189	1547

144	190	1548

145	190	1547

149	190	1545

150	190	1545

151	190	1548

146	191	1549

147	191	1549

148	191	1549

