168	103	1244

169	103	1243

170	103	1253

167	104	1235

171	104	1249

158	105	1230

159	105	1224

160	105	1224

161	105	1234

162	105	1276

167	105	1231

171	105	1236

157	106	1227

162	106	1257

166	106	1235

171	106	1235

157	107	1221

162	107	1250

166	107	1238

171	107	1236

157	108	1220

162	108	1255

166	108	1237

171	108	1237

178	108	1260

179	108	1259

156	109	1228

162	109	1251

166	109	1237

171	109	1237

177	109	1257

180	109	1253

156	110	1227

162	110	1243

166	110	1238

172	110	1261

177	110	1248

181	110	1269

156	111	1226

162	111	1230

166	111	1239

172	111	1264

176	111	1254

181	111	1270

156	112	1225

161	112	1226

165	112	1222

172	112	1278

176	112	1253

181	112	1275

156	113	1226

161	113	1230

165	113	1237

171	113	1238

176	113	1251

181	113	1282

156	114	1226

161	114	1233

165	114	1234

171	114	1244

175	114	1250

180	114	1253

143	115	1221

156	115	1226

161	115	1235

165	115	1235

171	115	1248

175	115	1251

180	115	1260

142	116	1216

144	116	1219

155	116	1213

161	116	1234

165	116	1235

171	116	1255

175	116	1248

180	116	1267

141	117	1218

145	117	1221

155	117	1224

161	117	1236

164	117	1241

171	117	1255

174	117	1255

180	117	1277

141	118	1221

146	118	1231

155	118	1230

161	118	1234

164	118	1242

171	118	1260

174	118	1251

180	118	1284

142	119	1220

146	119	1221

155	119	1232

161	119	1233

164	119	1240

171	119	1259

173	119	1237

179	119	1255

142	120	1221

147	120	1226

155	120	1233

162	120	1232

164	120	1237

170	120	1242

173	120	1249

179	120	1264

142	121	1222

148	121	1227

155	121	1234

161	121	1230

164	121	1238

170	121	1246

172	121	1243

179	121	1279

143	122	1220

148	122	1219

155	122	1232

162	122	1235

163	122	1231

171	122	1244

179	122	1292

143	123	1221

149	123	1225

150	123	1231

151	123	1263

155	123	1231

178	123	1262

144	124	1222

152	124	1268

155	124	1232

178	124	1269

144	125	1225

152	125	1251

155	125	1239

178	125	1276

145	126	1223

153	126	1260

154	126	1267

178	126	1279

146	127	1222

178	127	1280

146	128	1225

178	128	1284

146	129	1229

178	129	1292

145	130	1224

177	130	1277

145	131	1246

177	131	1282

145	132	1279

177	132	1281

145	133	1281

177	133	1271

191	133	1282

192	133	1278

193	133	1287

146	134	1232

176	134	1260

183	134	1321

184	134	1321

189	134	1243

190	134	1251

194	134	1279

195	134	1306

146	135	1252

176	135	1265

182	135	1314

185	135	1284

186	135	1267

187	135	1251

188	135	1248

195	135	1300

145	136	1267

176	136	1260

183	136	1295

195	136	1287

145	137	1273

147	137	1261

177	137	1272

181	137	1272

182	137	1278

195	137	1287

145	138	1248

146	138	1282

148	138	1228

178	138	1275

179	138	1300

180	138	1293

193	138	1269

194	138	1286

195	138	1308

145	139	1268

147	139	1262

191	139	1260

192	139	1287

146	140	1243

190	140	1272

147	141	1246

189	141	1282

147	142	1258

188	142	1289

147	143	1309

187	143	1294

147	144	1262

185	144	1270

186	144	1295

146	145	1283

184	145	1274

146	146	1289

183	146	1274

146	147	1230

182	147	1275

146	148	1244

181	148	1281

147	149	1285

179	149	1271

180	149	1292

147	150	1282

148	150	1285

178	150	1279

149	151	1254

177	151	1288

149	152	1254

176	152	1290

149	153	1250

174	153	1281

175	153	1294

148	154	1243

172	154	1275

173	154	1293

147	155	1234

171	155	1284

147	156	1262

170	156	1284

146	157	1260

170	157	1296

146	158	1257

169	158	1280

145	159	1239

169	159	1296

146	160	1230

169	160	1315

146	161	1232

169	161	1329

146	162	1246

168	162	1306

143	163	1289

144	163	1266

145	163	1268

168	163	1305

143	164	1273

168	164	1314

143	165	1298

168	165	1314

143	166	1307

167	166	1317

142	167	1272

166	167	1310

142	168	1293

166	168	1314

142	169	1259

166	169	1322

141	170	1234

166	170	1328

142	171	1249

143	171	1250

144	171	1248

145	171	1245

146	171	1242

147	171	1242

148	171	1243

149	171	1243

150	171	1242

151	171	1242

152	171	1241

153	171	1242

154	171	1244

155	171	1247

156	171	1251

157	171	1254

158	171	1258

159	171	1262

160	171	1266

161	171	1273

162	171	1280

163	171	1292

164	171	1306

165	171	1321

166	171	1323

