199	125	1227

200	125	1223

201	125	1227

202	125	1244

198	126	1233

203	126	1242

198	127	1235

203	127	1228

193	128	1250

194	128	1265

199	128	1223

204	128	1257

214	128	1238

215	128	1237

216	128	1249

191	129	1240

192	129	1222

195	129	1256

199	129	1225

204	129	1240

213	129	1238

217	129	1263

190	130	1248

195	130	1225

199	130	1230

204	130	1235

213	130	1236

217	130	1248

190	131	1229

196	131	1236

199	131	1236

205	131	1261

213	131	1237

217	131	1242

190	132	1225

197	132	1291

199	132	1244

206	132	1308

212	132	1268

217	132	1240

190	133	1232

198	133	1287

206	133	1284

212	133	1259

217	133	1241

190	134	1239

197	134	1256

199	134	1251

206	134	1272

213	134	1239

217	134	1242

187	135	1297

190	135	1255

197	135	1252

199	135	1256

207	135	1326

212	135	1272

217	135	1244

190	136	1247

198	136	1302

200	136	1241

208	136	1321

212	136	1255

217	136	1247

191	137	1235

198	137	1295

200	137	1245

208	137	1325

210	137	1333

211	137	1280

217	137	1248

191	138	1251

199	138	1268

208	138	1337

210	138	1338

217	138	1249

192	139	1229

208	139	1316

211	139	1300

217	139	1250

192	140	1237

199	140	1273

200	140	1257

208	140	1301

211	140	1291

217	140	1255

182	141	1229

183	141	1231

192	141	1246

198	141	1243

201	141	1240

209	141	1323

211	141	1270

217	141	1262

181	142	1224

184	142	1225

193	142	1231

198	142	1240

201	142	1245

210	142	1299

217	142	1267

181	143	1219

185	143	1228

193	143	1233

198	143	1236

201	143	1257

208	143	1301

209	143	1318

210	143	1289

217	143	1270

181	144	1224

186	144	1236

193	144	1236

199	144	1250

202	144	1241

207	144	1263

211	144	1250

217	144	1280

182	145	1218

187	145	1240

188	145	1279

193	145	1239

199	145	1246

202	145	1245

207	145	1264

211	145	1251

216	145	1264

182	146	1224

188	146	1251

193	146	1244

199	146	1242

202	146	1249

207	146	1262

211	146	1250

216	146	1276

182	147	1238

188	147	1240

194	147	1239

200	147	1262

202	147	1251

208	147	1286

210	147	1263

216	147	1294

183	148	1227

189	148	1250

194	148	1249

201	148	1257

209	148	1261

215	148	1272

183	149	1239

190	149	1262

193	149	1321

215	149	1278

184	150	1226

191	150	1261

192	150	1309

215	150	1280

185	151	1225

215	151	1282

230	151	1291

231	151	1279

232	151	1286

185	152	1232

215	152	1283

228	152	1283

229	152	1261

233	152	1285

186	153	1230

215	153	1282

227	153	1281

233	153	1287

185	154	1285

215	154	1281

226	154	1287

232	154	1269

186	155	1269

215	155	1278

225	155	1310

231	155	1262

186	156	1257

215	156	1270

225	156	1280

231	156	1290

187	157	1277

216	157	1294

224	157	1307

230	157	1274

187	158	1335

216	158	1283

224	158	1273

229	158	1264

188	159	1305

216	159	1271

223	159	1273

229	159	1284

187	160	1283

217	160	1281

222	160	1283

228	160	1273

187	161	1308

218	161	1275

219	161	1302

221	161	1291

228	161	1299

188	162	1344

220	162	1268

227	162	1279

188	163	1318

227	163	1303

188	164	1324

226	164	1277

188	165	1310

226	165	1292

189	166	1343

190	166	1340

225	166	1271

191	167	1278

225	167	1291

190	168	1340

224	168	1280

190	169	1329

224	169	1312

190	170	1342

223	170	1302

191	171	1316

222	171	1294

191	172	1326

221	172	1291

190	173	1327

192	173	1338

220	173	1289

193	174	1326

219	174	1287

193	175	1334

218	175	1290

194	176	1319

217	176	1295

194	177	1342

215	177	1287

216	177	1309

193	178	1306

214	178	1305

193	179	1339

194	179	1347

213	179	1319

195	180	1320

212	180	1319

195	181	1294

212	181	1333

195	182	1290

212	182	1347

194	183	1340

211	183	1328

194	184	1346

211	184	1344

194	185	1346

210	185	1330

194	186	1346

210	186	1341

194	187	1324

209	187	1331

192	188	1348

193	188	1322

209	188	1340

193	189	1309

208	189	1331

193	190	1321

208	190	1339

193	191	1341

208	191	1348

193	192	1339

207	192	1339

192	193	1335

207	193	1348

191	194	1346

206	194	1343

192	195	1343

193	195	1345

194	195	1339

205	195	1340

190	196	1338

191	196	1346

195	196	1340

205	196	1346

190	197	1345

191	197	1348

195	197	1345

204	197	1348

190	198	1328

195	198	1348

203	198	1348

196	199	1343

201	199	1345

202	199	1348

196	200	1347

199	200	1344

200	200	1347

197	201	1347

198	201	1347

189	202	1344

189	203	1329

