205	135	1385

206	135	1376

207	135	1381

204	136	1376

208	136	1374

209	136	1403

204	137	1371

210	137	1420

199	138	1384

200	138	1388

201	138	1370

202	138	1368

204	138	1367

211	138	1429

213	138	1459

218	138	1387

219	138	1381

220	138	1385

199	139	1366

203	139	1364

211	139	1393

214	139	1450

217	139	1398

221	139	1389

199	140	1369

211	140	1393

216	140	1438

221	140	1388

199	141	1353

211	141	1387

216	141	1419

222	141	1412

200	142	1362

212	142	1438

213	142	1490

216	142	1421

222	142	1408

200	143	1366

205	143	1373

214	143	1464

215	143	1451

222	143	1410

200	144	1369

204	144	1369

206	144	1378

214	144	1448

222	144	1412

200	145	1371

205	145	1371

207	145	1376

213	145	1455

215	145	1449

222	145	1414

200	146	1375

205	146	1380

207	146	1381

213	146	1428

216	146	1420

222	146	1417

200	147	1378

205	147	1381

207	147	1382

213	147	1414

216	147	1416

222	147	1417

194	148	1364

195	148	1369

200	148	1392

206	148	1376

213	148	1409

216	148	1427

222	148	1416

193	149	1361

196	149	1372

201	149	1376

214	149	1443

216	149	1424

222	149	1415

193	150	1359

197	150	1395

201	150	1380

213	150	1397

216	150	1423

222	150	1418

193	151	1364

197	151	1383

200	151	1407

213	151	1397

216	151	1411

222	151	1429

193	152	1367

198	152	1414

201	152	1380

213	152	1402

216	152	1413

222	152	1444

193	153	1371

198	153	1394

201	153	1383

213	153	1404

216	153	1406

221	153	1417

193	154	1369

198	154	1384

201	154	1378

213	154	1405

216	154	1404

221	154	1428

194	155	1369

199	155	1386

201	155	1383

214	155	1412

215	155	1411

221	155	1450

194	156	1366

200	156	1359

220	156	1417

232	156	1441

233	156	1428

195	157	1371

220	157	1418

230	157	1429

231	157	1410

234	157	1424

195	158	1379

220	158	1420

229	158	1429

234	158	1428

196	159	1372

220	159	1423

229	159	1406

233	159	1405

196	160	1380

220	160	1423

228	160	1413

233	160	1423

196	161	1393

220	161	1419

228	161	1405

232	161	1405

195	162	1420

221	162	1454

227	162	1432

232	162	1420

196	163	1438

221	163	1434

227	163	1413

231	163	1404

196	164	1442

221	164	1420

226	164	1430

231	164	1418

197	165	1461

222	165	1445

226	165	1404

231	165	1437

198	166	1382

222	166	1413

225	166	1427

230	166	1412

198	167	1402

223	167	1409

224	167	1417

230	167	1426

198	168	1437

230	168	1442

198	169	1444

229	169	1414

198	170	1447

229	170	1423

197	171	1376

229	171	1435

198	172	1405

228	172	1412

199	173	1395

228	173	1430

198	174	1411

227	174	1420

199	175	1429

226	175	1417

199	176	1437

226	176	1444

200	177	1400

225	177	1431

201	178	1392

224	178	1426

201	179	1405

224	179	1460

202	180	1394

222	180	1430

223	180	1462

201	181	1364

202	181	1425

221	181	1442

203	182	1443

220	182	1458

203	183	1433

219	183	1467

203	184	1457

218	184	1463

203	185	1427

218	185	1478

202	186	1486

218	186	1495

202	187	1475

217	187	1473

202	188	1483

217	188	1484

202	189	1493

216	189	1472

202	190	1484

216	190	1483

202	191	1472

216	191	1495

201	192	1455

215	192	1483

202	193	1477

215	193	1492

201	194	1471

214	194	1481

200	195	1463

214	195	1489

201	196	1469

214	196	1496

200	197	1487

213	197	1486

201	198	1487

213	198	1492

200	199	1492

212	199	1492

199	200	1490

211	200	1492

199	201	1490

200	201	1492

201	201	1496

211	201	1496

202	202	1492

210	202	1494

203	203	1487

209	203	1492

203	204	1489

209	204	1496

203	205	1490

204	205	1485

205	205	1486

206	205	1489

207	205	1491

208	205	1494

