174	116	1428

175	116	1429

176	116	1432

177	116	1434

174	117	1429

178	117	1432

173	118	1392

178	118	1435

186	118	1437

166	119	1417

167	119	1418

173	119	1394

178	119	1440

185	119	1432

187	119	1436

165	120	1419

168	120	1423

174	120	1432

178	120	1442

184	120	1435

188	120	1445

165	121	1419

168	121	1425

174	121	1434

178	121	1440

184	121	1434

188	121	1446

165	122	1421

169	122	1436

170	122	1435

174	122	1433

178	122	1438

184	122	1435

188	122	1447

165	123	1424

170	123	1448

174	123	1432

178	123	1438

183	123	1435

188	123	1448

165	124	1424

170	124	1457

171	124	1429

172	124	1393

173	124	1437

179	124	1439

183	124	1437

188	124	1447

166	125	1426

169	125	1431

171	125	1438

179	125	1455

183	125	1436

187	125	1442

166	126	1426

170	126	1431

179	126	1453

182	126	1412

187	126	1445

166	127	1426

180	127	1465

182	127	1440

187	127	1447

166	128	1426

181	128	1450

187	128	1448

166	129	1425

187	129	1450

166	130	1427

187	130	1451

166	131	1427

187	131	1455

154	132	1402

155	132	1403

156	132	1403

166	132	1430

186	132	1449

154	133	1404

157	133	1407

167	133	1432

173	133	1454

186	133	1452

154	134	1407

158	134	1413

167	134	1436

172	134	1449

174	134	1442

186	134	1455

154	135	1409

159	135	1413

167	135	1435

173	135	1443

186	135	1460

154	136	1403

155	136	1412

160	136	1413

161	136	1406

166	136	1451

186	136	1460

156	137	1414

162	137	1419

165	137	1460

186	137	1457

156	138	1422

163	138	1423

164	138	1434

185	138	1450

157	139	1424

185	139	1451

158	140	1424

185	140	1450

158	141	1437

185	141	1448

159	142	1422

186	142	1447

160	143	1430

186	143	1448

160	144	1490

187	144	1443

196	144	1465

197	144	1464

198	144	1466

199	144	1467

200	144	1469

201	144	1468

202	144	1472

161	145	1480

187	145	1450

192	145	1467

193	145	1462

194	145	1456

195	145	1456

203	145	1473

162	146	1447

188	146	1452

189	146	1463

190	146	1466

191	146	1464

203	146	1477

161	147	1489

162	147	1438

201	147	1476

202	147	1479

163	148	1434

199	148	1473

200	148	1484

162	149	1439

197	149	1476

198	149	1484

163	150	1443

196	150	1480

163	151	1463

195	151	1474

163	152	1453

194	152	1472

163	153	1457

192	153	1473

193	153	1477

164	154	1449

191	154	1474

164	155	1466

189	155	1469

190	155	1477

164	156	1496

165	156	1464

188	156	1470

166	157	1460

187	157	1467

188	157	1480

165	158	1481

186	158	1469

165	159	1470

185	159	1481

165	160	1477

184	160	1487

165	161	1472

183	161	1491

164	162	1481

182	162	1490

164	163	1475

182	163	1493

164	164	1455

181	164	1493

163	165	1450

181	165	1502

162	166	1480

181	166	1510

162	167	1452

180	167	1506

161	168	1455

180	168	1511

161	169	1465

180	169	1518

161	170	1471

179	170	1512

161	171	1470

179	171	1516

160	172	1468

179	172	1521

160	173	1472

178	173	1517

159	174	1513

178	174	1524

159	175	1485

178	175	1528

159	176	1476

177	176	1523

158	177	1473

177	177	1531

158	178	1479

176	178	1524

157	179	1486

176	179	1530

157	180	1483

176	180	1537

156	181	1481

175	181	1529

156	182	1486

157	182	1478

158	182	1478

159	182	1476

160	182	1476

161	182	1473

162	182	1472

163	182	1471

164	182	1473

165	182	1474

166	182	1473

167	182	1472

168	182	1473

169	182	1476

170	182	1483

171	182	1490

172	182	1498

173	182	1505

174	182	1516

175	182	1536

