166	160	1977

159	161	1989

165	161	1962

166	161	1959

158	162	1979

160	162	1981

165	162	1957

167	162	1958

158	163	1978

160	163	1974

165	163	1956

167	163	1957

158	164	1982

160	164	1973

165	164	1952

167	164	1955

158	165	1982

160	165	1967

165	165	1953

167	165	1956

158	166	1987

160	166	1964

165	166	1947

167	166	1955

176	166	1999

177	166	1987

158	167	1996

161	167	1994

165	167	1945

167	167	1956

176	167	1984

177	167	1983

149	168	1989

150	168	1978

151	168	1990

158	168	1993

161	168	1975

165	168	1945

168	168	1998

175	168	1988

177	168	1979

149	169	1996

152	169	2005

158	169	2002

161	169	1967

165	169	1950

168	169	1995

175	169	1975

177	169	1990

150	170	1970

152	170	1966

159	170	1960

161	170	1958

164	170	1964

168	170	2005

174	170	1974

176	170	1981

151	171	1955

153	171	1970

159	171	1962

162	171	1968

163	171	2002

167	171	1957

173	171	1972

176	171	1997

151	172	1970

154	172	1981

159	172	1965

167	172	1961

172	172	1968

175	172	1977

152	173	1962

155	173	1988

159	173	1977

167	173	1961

170	173	1982

171	173	1961

174	173	1969

152	174	2004

156	174	1969

159	174	1979

168	174	1970

169	174	1972

174	174	1982

153	175	1978

157	175	1961

158	175	1971

173	175	1975

154	176	1962

172	176	1971

154	177	1988

172	177	1991

155	178	1963

171	178	1971

155	179	1976

171	179	1985

155	180	1994

170	180	1963

155	181	2002

170	181	1968

156	182	1958

170	182	1969

155	183	2004

170	183	1965

156	184	1962

171	184	1983

156	185	1967

171	185	1969

156	186	1969

172	186	1973

156	187	1974

173	187	1961

174	187	1975

156	188	1977

175	188	1971

176	188	1976

177	188	1975

178	188	1980

179	188	1985

180	188	1988

156	189	1986

175	189	1971

176	189	1972

177	189	1969

178	189	1972

179	189	1974

180	189	1977

181	189	1979

182	189	1986

156	190	2008

172	190	1970

173	190	1978

174	190	1988

182	190	1991

157	191	1998

169	191	1970

170	191	1982

171	191	1995

156	192	2037

166	192	1977

167	192	1982

168	192	1995

155	193	2046

165	193	2015

155	194	2027

164	194	2013

155	195	2019

164	195	2025

154	196	2039

163	196	2006

154	197	2040

163	197	2022

154	198	2034

163	198	2041

154	199	2030

162	199	2017

154	200	2027

162	200	2025

154	201	2028

162	201	2040

154	202	2029

161	202	2028

154	203	2029

161	203	2037

153	204	2045

161	204	2046

153	205	2041

160	205	2037

153	206	2038

160	206	2045

153	207	2038

160	207	2048

153	208	2040

159	208	2037

153	209	2042

159	209	2042

153	210	2044

154	210	2042

155	210	2037

156	210	2039

157	210	2038

158	210	2041

159	210	2048

