213	119	1404

211	120	1398

212	120	1387

214	120	1388

215	120	1416

206	121	1401

207	121	1418

208	121	1440

211	121	1393

215	121	1397

205	122	1397

208	122	1401

211	122	1392

215	122	1395

204	123	1409

209	123	1411

210	123	1394

215	123	1395

221	123	1403

204	124	1409

215	124	1395

220	124	1397

222	124	1397

204	125	1400

215	125	1405

219	125	1403

223	125	1436

204	126	1398

215	126	1406

219	126	1396

223	126	1438

203	127	1387

215	127	1411

218	127	1400

222	127	1398

203	128	1406

215	128	1412

218	128	1400

222	128	1400

203	129	1398

215	129	1422

218	129	1399

222	129	1406

191	130	1414

192	130	1406

193	130	1410

203	130	1399

215	130	1433

217	130	1404

222	130	1422

190	131	1399

194	131	1399

202	131	1378

215	131	1440

217	131	1399

222	131	1438

190	132	1397

195	132	1404

196	132	1438

202	132	1403

214	132	1403

217	132	1398

221	132	1398

191	133	1390

197	133	1447

198	133	1456

199	133	1486

200	133	1455

201	133	1407

214	133	1401

216	133	1410

221	133	1403

191	134	1393

197	134	1435

215	134	1412

221	134	1413

191	135	1391

196	135	1393

198	135	1421

221	135	1436

190	136	1403

197	136	1398

221	136	1459

191	137	1406

220	137	1417

192	138	1398

220	138	1423

193	139	1392

220	139	1431

193	140	1398

220	140	1457

194	141	1392

219	141	1414

193	142	1405

219	142	1424

192	143	1418

219	143	1433

193	144	1442

219	144	1443

193	145	1435

218	145	1405

194	146	1405

218	146	1404

231	146	1401

232	146	1402

233	146	1404

193	147	1446

218	147	1399

227	147	1432

228	147	1411

229	147	1399

230	147	1393

233	147	1393

193	148	1456

219	148	1421

223	148	1493

224	148	1471

225	148	1442

226	148	1414

233	148	1394

193	149	1448

194	149	1414

220	149	1438

223	149	1461

233	149	1404

234	149	1440

193	150	1454

195	150	1389

221	150	1449

222	150	1449

232	150	1409

193	151	1450

194	151	1412

231	151	1408

193	152	1420

230	152	1417

193	153	1442

229	153	1420

193	154	1448

228	154	1423

193	155	1413

227	155	1426

193	156	1433

226	156	1431

192	157	1401

193	157	1422

225	157	1432

194	158	1422

224	158	1431

193	159	1473

194	159	1430

223	159	1441

195	160	1448

221	160	1428

222	160	1459

194	161	1409

220	161	1438

194	162	1382

219	162	1446

195	163	1437

218	163	1449

195	164	1465

217	164	1453

193	165	1417

195	165	1489

215	165	1446

216	165	1465

193	166	1404

194	166	1461

214	166	1463

193	167	1443

213	167	1452

192	168	1420

194	168	1427

213	168	1467

192	169	1409

193	169	1427

212	169	1448

193	170	1419

212	170	1463

194	171	1413

212	171	1480

191	172	1460

192	172	1420

193	172	1415

211	172	1458

190	173	1462

192	173	1427

211	173	1472

190	174	1449

191	174	1456

211	174	1484

189	175	1440

211	175	1491

189	176	1442

210	176	1474

190	177	1467

210	177	1481

191	178	1416

210	178	1490

190	179	1424

210	179	1495

188	180	1441

189	180	1437

209	180	1480

188	181	1448

209	181	1493

188	182	1426

208	182	1480

189	183	1427

208	183	1491

186	184	1448

188	184	1435

207	184	1485

186	185	1411

188	185	1435

189	185	1428

190	185	1420

191	185	1416

192	185	1415

193	185	1416

194	185	1416

195	185	1414

196	185	1411

197	185	1410

198	185	1411

199	185	1414

200	185	1418

201	185	1422

202	185	1428

203	185	1434

204	185	1445

205	185	1455

206	185	1469

207	185	1491

