195	128	1403

196	128	1399

197	128	1405

195	129	1390

198	129	1402

190	130	1401

191	130	1401

194	130	1393

199	130	1414

208	130	1430

209	130	1430

190	131	1391

192	131	1393

193	131	1399

199	131	1407

207	131	1427

210	131	1415

189	132	1392

200	132	1408

207	132	1416

211	132	1432

189	133	1391

201	133	1413

207	133	1412

211	133	1423

188	134	1371

202	134	1414

203	134	1457

207	134	1410

211	134	1422

189	135	1392

203	135	1465

204	135	1434

206	135	1435

211	135	1423

189	136	1394

202	136	1437

204	136	1433

205	136	1466

211	136	1424

190	137	1389

203	137	1457

204	137	1450

205	137	1451

206	137	1433

212	137	1451

190	138	1393

203	138	1433

207	138	1411

213	138	1486

190	139	1398

196	139	1405

203	139	1435

207	139	1411

212	139	1437

190	140	1400

195	140	1407

197	140	1399

204	140	1429

205	140	1410

206	140	1425

211	140	1421

182	141	1377

183	141	1380

190	141	1389

195	141	1402

197	141	1402

211	141	1422

181	142	1375

184	142	1384

191	142	1390

196	142	1399

205	142	1443

212	142	1453

181	143	1375

185	143	1388

191	143	1387

204	143	1425

206	143	1417

213	143	1487

181	144	1376

185	144	1383

187	144	1385

191	144	1387

203	144	1422

206	144	1413

212	144	1456

213	144	1486

181	145	1359

186	145	1391

187	145	1370

191	145	1391

203	145	1419

206	145	1412

211	145	1435

182	146	1378

188	146	1389

191	146	1400

203	146	1412

206	146	1412

211	146	1441

183	147	1378

188	147	1390

191	147	1401

204	147	1414

205	147	1420

211	147	1448

221	147	1439

222	147	1418

223	147	1418

224	147	1437

183	148	1376

189	148	1422

191	148	1411

211	148	1454

220	148	1426

224	148	1440

183	149	1376

189	149	1419

191	149	1432

211	149	1452

218	149	1489

219	149	1424

223	149	1417

184	150	1374

190	150	1416

211	150	1448

217	150	1482

223	150	1432

184	151	1381

211	151	1456

216	151	1493

222	151	1407

183	152	1362

185	152	1383

211	152	1453

216	152	1492

222	152	1416

185	153	1396

211	153	1441

215	153	1482

222	153	1426

185	154	1420

211	154	1433

214	154	1494

216	154	1438

222	154	1436

185	155	1411

212	155	1444

213	155	1495

215	155	1458

222	155	1452

186	156	1422

214	156	1488

221	156	1418

187	157	1407

221	157	1430

187	158	1414

221	158	1446

187	159	1418

220	159	1415

187	160	1422

220	160	1429

187	161	1434

220	161	1445

188	162	1428

219	162	1416

188	163	1454

219	163	1432

189	164	1394

219	164	1452

188	165	1413

190	165	1381

218	165	1435

189	166	1421

217	166	1432

190	167	1388

216	167	1427

189	168	1433

216	168	1455

189	169	1400

215	169	1442

189	170	1444

214	170	1437

189	171	1429

190	171	1411

191	171	1390

213	171	1429

192	172	1396

212	172	1433

191	173	1405

211	173	1437

192	174	1427

210	174	1438

192	175	1448

210	175	1460

193	176	1443

210	176	1478

194	177	1419

210	177	1488

194	178	1413

209	178	1453

194	179	1432

209	179	1462

194	180	1463

209	180	1473

194	181	1435

209	181	1481

194	182	1447

209	182	1484

193	183	1466

209	183	1481

194	184	1431

209	184	1484

195	185	1421

209	185	1488

195	186	1421

209	186	1492

193	187	1431

195	187	1428

209	187	1491

194	188	1408

209	188	1491

194	189	1430

209	189	1493

193	190	1484

195	190	1425

209	190	1494

192	191	1451

193	191	1474

194	191	1444

209	191	1494

194	192	1448

209	192	1495

194	193	1472

209	193	1494

194	194	1462

209	194	1493

195	195	1436

209	195	1490

195	196	1443

209	196	1489

195	197	1462

209	197	1490

195	198	1463

209	198	1490

194	199	1469

209	199	1487

194	200	1486

195	200	1474

196	200	1467

197	200	1461

198	200	1456

199	200	1457

200	200	1457

201	200	1459

202	200	1462

203	200	1464

204	200	1466

205	200	1469

206	200	1473

207	200	1478

208	200	1482

209	200	1487

