195	126	1380

196	126	1378

197	126	1385

194	127	1379

198	127	1383

190	128	1387

191	128	1386

194	128	1376

199	128	1395

189	129	1371

192	129	1375

194	129	1361

199	129	1387

207	129	1393

208	129	1385

209	129	1391

186	130	1354

188	130	1372

193	130	1376

200	130	1395

207	130	1382

210	130	1398

187	131	1324

188	131	1362

200	131	1393

206	131	1394

210	131	1392

189	132	1360

201	132	1378

206	132	1394

211	132	1420

189	133	1362

202	133	1411

206	133	1390

211	133	1418

188	134	1386

203	134	1449

206	134	1389

211	134	1414

186	135	1403

189	135	1368

203	135	1443

205	135	1423

211	135	1412

185	136	1400

186	136	1400

188	136	1378

204	136	1429

211	136	1411

189	137	1372

203	137	1423

205	137	1407

212	137	1445

181	138	1363

182	138	1360

183	138	1364

190	138	1363

203	138	1406

206	138	1398

212	138	1438

180	139	1348

184	139	1346

190	139	1367

204	139	1418

206	139	1395

212	139	1441

180	140	1349

184	140	1363

190	140	1371

205	140	1409

211	140	1415

181	141	1349

185	141	1342

190	141	1374

204	141	1425

211	141	1420

181	142	1351

185	142	1361

190	142	1375

203	142	1421

205	142	1406

212	142	1457

181	143	1354

186	143	1367

187	143	1380

190	143	1376

203	143	1422

205	143	1380

212	143	1456

181	144	1347

187	144	1388

190	144	1375

203	144	1401

205	144	1395

211	144	1429

212	144	1459

215	144	1433

182	145	1358

188	145	1387

190	145	1356

203	145	1404

205	145	1395

210	145	1405

215	145	1444

221	145	1388

222	145	1392

223	145	1432

182	146	1360

188	146	1380

190	146	1384

204	146	1393

210	146	1410

219	146	1403

220	146	1379

223	146	1417

183	147	1358

189	147	1388

210	147	1413

217	147	1438

218	147	1401

222	147	1389

183	148	1359

210	148	1413

217	148	1437

222	148	1401

184	149	1351

210	149	1413

217	149	1409

222	149	1417

184	150	1358

210	150	1409

215	150	1473

216	150	1425

221	150	1385

184	151	1376

211	151	1424

215	151	1470

217	151	1389

221	151	1391

184	152	1394

212	152	1457

213	152	1473

215	152	1456

216	152	1410

221	152	1397

184	153	1372

212	153	1465

214	153	1462

221	153	1406

184	154	1390

213	154	1461

221	154	1422

184	155	1431

185	155	1448

220	155	1392

186	156	1423

220	156	1403

185	157	1454

220	157	1415

186	158	1421

219	158	1385

187	159	1378

219	159	1397

187	160	1392

219	160	1409

187	161	1416

219	161	1419

187	162	1400

218	162	1394

187	163	1380

218	163	1415

188	164	1373

217	164	1403

189	165	1361

216	165	1400

189	166	1372

215	166	1395

189	167	1375

214	167	1389

187	168	1360

188	168	1396

214	168	1416

189	169	1380

213	169	1405

189	170	1412

212	170	1402

190	171	1405

211	171	1406

190	172	1438

210	172	1410

190	173	1459

209	173	1409

191	174	1447

209	174	1431

191	175	1439

209	175	1447

191	176	1446

209	176	1459

191	177	1464

209	177	1469

192	178	1437

208	178	1434

192	179	1425

208	179	1444

192	180	1440

208	180	1451

193	181	1417

208	181	1453

193	182	1413

208	182	1453

192	183	1409

208	183	1457

191	184	1422

192	184	1435

193	184	1422

208	184	1464

191	185	1427

194	185	1400

208	185	1468

194	186	1409

208	186	1468

194	187	1409

208	187	1467

191	188	1472

192	188	1418

193	188	1417

208	188	1469

192	189	1439

208	189	1472

191	190	1460

192	190	1448

207	190	1455

193	191	1453

208	191	1473

194	192	1417

208	192	1473

193	193	1427

207	193	1460

193	194	1439

194	194	1420

195	194	1417

196	194	1415

197	194	1413

198	194	1414

199	194	1416

200	194	1418

201	194	1421

202	194	1425

203	194	1429

204	194	1434

205	194	1439

206	194	1448

207	194	1459

208	194	1473

