204	123	1195

202	124	1187

203	124	1178

205	124	1180

206	124	1194

202	125	1178

207	125	1217

202	126	1178

207	126	1193

219	126	1228

196	127	1217

197	127	1190

198	127	1189

199	127	1212

202	127	1184

207	127	1185

218	127	1195

220	127	1196

221	127	1219

196	128	1181

200	128	1206

202	128	1196

208	128	1194

217	128	1203

221	128	1199

195	129	1195

200	129	1181

203	129	1183

208	129	1191

217	129	1199

222	129	1216

195	130	1184

200	130	1177

203	130	1186

209	130	1239

217	130	1196

222	130	1212

194	131	1234

201	131	1214

203	131	1190

209	131	1210

217	131	1194

222	131	1210

195	132	1178

201	132	1201

203	132	1206

210	132	1270

217	132	1197

222	132	1211

194	133	1246

201	133	1193

203	133	1228

210	133	1264

217	133	1201

222	133	1214

194	134	1273

202	134	1221

210	134	1244

217	134	1201

222	134	1220

195	135	1215

211	135	1277

217	135	1198

222	135	1221

195	136	1217

211	136	1252

217	136	1198

222	136	1220

195	137	1229

212	137	1298

216	137	1219

222	137	1223

195	138	1247

212	138	1272

214	138	1309

215	138	1244

222	138	1227

187	139	1177

188	139	1176

189	139	1188

196	139	1194

213	139	1309

214	139	1295

222	139	1233

186	140	1179

190	140	1202

196	140	1226

212	140	1281

215	140	1242

222	140	1237

186	141	1178

191	141	1222

197	141	1186

212	141	1276

215	141	1258

222	141	1255

186	142	1183

192	142	1252

197	142	1190

212	142	1261

215	142	1235

221	142	1231

186	143	1191

192	143	1239

197	143	1197

213	143	1281

214	143	1271

221	143	1243

187	144	1181

192	144	1204

197	144	1203

221	144	1262

187	145	1189

193	145	1230

197	145	1217

220	145	1230

188	146	1182

193	146	1207

198	146	1198

220	146	1235

188	147	1188

194	147	1243

197	147	1238

220	147	1247

188	148	1197

195	148	1230

196	148	1245

220	148	1264

189	149	1191

219	149	1231

189	150	1205

219	150	1234

232	150	1261

233	150	1238

234	150	1226

235	150	1224

236	150	1248

190	151	1197

219	151	1239

231	151	1237

236	151	1229

190	152	1212

219	152	1242

230	152	1233

236	152	1240

190	153	1225

219	153	1242

229	153	1246

235	153	1220

190	154	1262

219	154	1237

229	154	1231

235	154	1246

190	155	1308

220	155	1271

228	155	1239

234	155	1229

190	156	1299

220	156	1253

228	156	1229

233	156	1219

191	157	1285

220	157	1242

227	157	1244

233	157	1236

192	158	1280

220	158	1236

226	158	1268

232	158	1223

193	159	1244

221	159	1253

226	159	1235

232	159	1243

190	160	1309

193	160	1263

222	160	1258

225	160	1250

231	160	1228

190	161	1298

194	161	1205

223	161	1240

224	161	1247

231	161	1240

191	162	1300

192	162	1282

193	162	1244

231	162	1268

192	163	1261

230	163	1237

191	164	1279

192	164	1287

230	164	1251

191	165	1309

193	165	1300

229	165	1233

192	166	1307

194	166	1264

229	166	1243

194	167	1306

229	167	1259

195	168	1232

228	168	1242

195	169	1237

227	169	1240

195	170	1262

227	170	1269

195	171	1309

226	171	1264

196	172	1248

225	172	1257

195	173	1286

224	173	1257

196	174	1300

223	174	1257

197	175	1279

222	175	1258

198	176	1258

221	176	1261

198	177	1279

219	177	1258

220	177	1280

198	178	1288

217	178	1257

218	178	1277

198	179	1277

216	179	1271

198	180	1280

216	180	1301

198	181	1290

215	181	1287

198	182	1307

215	182	1307

198	183	1303

214	183	1294

197	184	1306

213	184	1288

197	185	1289

213	185	1300

196	186	1300

212	186	1296

196	187	1294

212	187	1305

195	188	1302

211	188	1301

195	189	1311

211	189	1308

194	190	1308

195	190	1311

210	190	1300

196	191	1305

210	191	1309

196	192	1304

209	192	1303

195	193	1310

209	193	1310

196	194	1310

208	194	1307

197	195	1308

206	195	1305

207	195	1311

197	196	1311

205	196	1310

198	197	1304

203	197	1308

204	197	1311

198	198	1306

202	198	1309

191	199	1305

198	199	1311

201	199	1310

199	200	1311

200	200	1311

