172	159	2037

171	160	2011

172	160	2018

163	161	2006

164	161	2014

171	161	2011

172	161	2015

163	162	2003

165	162	2042

171	162	2005

172	162	2010

163	163	2009

165	163	2027

170	163	2023

172	163	2005

163	164	2008

165	164	2012

170	164	2017

172	164	2002

182	164	2037

163	165	2012

165	165	2008

170	165	2009

172	165	1999

181	165	2025

182	165	2024

163	166	2013

165	166	2002

170	166	2006

172	166	1998

180	166	2022

182	166	2022

154	167	2016

155	167	2011

163	167	2019

166	167	2023

170	167	2006

172	167	1999

180	167	2008

182	167	2031

154	168	2006

156	168	2001

163	168	2028

166	168	2001

169	168	2038

173	168	2044

179	168	2009

181	168	2016

155	169	2001

157	169	2005

163	169	2042

166	169	1995

169	169	2016

172	169	2008

178	169	2010

181	169	2030

155	170	2039

158	170	2000

164	170	2006

167	170	1999

169	170	2005

172	170	2010

177	170	2008

180	170	2014

156	171	2007

159	171	2005

164	171	2014

168	171	1996

172	171	2007

176	171	2008

179	171	2001

157	172	1991

160	172	2003

164	172	2013

173	172	2026

174	172	2025

175	172	2001

179	172	2010

158	173	1991

161	173	1996

164	173	2002

178	173	2006

158	174	2024

162	174	1987

163	174	1992

177	174	2001

159	175	2008

177	175	2013

160	176	1996

176	176	1999

160	177	2016

176	177	2010

160	178	2040

175	178	1995

161	179	1998

175	179	1999

161	180	2001

175	180	1996

161	181	2005

175	181	1991

161	182	2012

176	182	1999

161	183	2018

177	183	2008

161	184	2020

178	184	2002

179	184	2011

180	184	2007

181	184	2008

182	184	2006

183	184	2006

184	184	2010

185	184	2016

186	184	2026

187	184	2038

188	184	2060

161	185	2026

183	185	2020

184	185	2023

185	185	2029

161	186	2031

180	186	2010

181	186	2029

182	186	2045

161	187	2043

178	187	2000

179	187	2018

162	188	2019

176	188	2005

177	188	2019

162	189	2036

173	189	1997

174	189	2009

175	189	2033

161	190	2066

171	190	2008

172	190	2017

160	191	2085

170	191	2033

160	192	2064

170	192	2065

160	193	2046

169	193	2044

159	194	2065

169	194	2070

159	195	2051

168	195	2045

158	196	2082

168	196	2061

158	197	2067

167	197	2041

158	198	2060

167	198	2054

158	199	2056

167	199	2068

157	200	2074

167	200	2082

157	201	2063

166	201	2061

156	202	2086

166	202	2074

156	203	2077

165	203	2060

156	204	2067

165	204	2077

155	205	2084

164	205	2066

155	206	2074

156	206	2055

157	206	2049

158	206	2045

159	206	2042

160	206	2039

161	206	2037

162	206	2039

163	206	2051

164	206	2071

