201	128	1223

202	128	1214

203	128	1217

204	128	1232

200	129	1233

205	129	1247

200	130	1226

205	130	1228

215	130	1242

216	130	1238

217	130	1253

196	131	1229

197	131	1225

198	131	1220

199	131	1221

206	131	1243

214	131	1244

218	131	1254

191	132	1338

192	132	1283

194	132	1350

195	132	1240

206	132	1234

214	132	1236

218	132	1239

190	133	1341

192	133	1343

193	133	1254

207	133	1280

214	133	1236

218	133	1239

190	134	1344

191	134	1350

192	134	1305

194	134	1292

207	134	1244

214	134	1237

219	134	1284

195	135	1234

208	135	1294

214	135	1240

219	135	1277

191	136	1294

192	136	1331

193	136	1260

194	136	1264

208	136	1265

214	136	1241

219	136	1278

191	137	1337

192	137	1306

209	137	1337

213	137	1265

219	137	1284

193	138	1313

194	138	1320

210	138	1335

211	138	1351

212	138	1342

219	138	1284

195	139	1276

209	139	1286

213	139	1258

219	139	1287

191	140	1235

192	140	1248

195	140	1285

209	140	1270

213	140	1266

219	140	1284

190	141	1219

193	141	1254

196	141	1239

210	141	1302

213	141	1266

219	141	1286

189	142	1227

194	142	1291

195	142	1296

211	142	1349

212	142	1314

219	142	1293

189	143	1219

210	143	1308

212	143	1290

219	143	1293

189	144	1218

210	144	1322

212	144	1296

219	144	1296

189	145	1222

209	145	1266

213	145	1257

218	145	1270

189	146	1229

209	146	1265

213	146	1256

218	146	1283

189	147	1238

209	147	1263

212	147	1285

218	147	1308

190	148	1225

210	148	1305

212	148	1267

217	148	1275

190	149	1226

211	149	1280

217	149	1282

190	150	1231

217	150	1290

190	151	1238

217	151	1297

226	151	1288

227	151	1267

228	151	1261

229	151	1265

230	151	1292

190	152	1243

217	152	1299

225	152	1276

230	152	1277

191	153	1231

217	153	1301

224	153	1286

230	153	1300

191	154	1240

217	154	1300

223	154	1312

229	154	1266

191	155	1245

217	155	1297

223	155	1273

228	155	1252

191	156	1273

217	156	1292

223	156	1264

228	156	1265

191	157	1300

217	157	1289

222	157	1287

228	157	1286

190	158	1339

191	158	1337

217	158	1284

222	158	1277

227	158	1263

192	159	1274

218	159	1307

222	159	1271

227	159	1275

192	160	1275

218	160	1287

221	160	1284

227	160	1291

191	161	1348

219	161	1294

220	161	1315

226	161	1270

192	162	1280

226	162	1281

192	163	1284

226	163	1293

192	164	1294

226	164	1303

191	165	1319

225	165	1272

191	166	1322

225	166	1277

191	167	1326

225	167	1286

191	168	1328

225	168	1304

191	169	1335

224	169	1283

192	170	1349

224	170	1309

192	171	1352

223	171	1291

193	172	1325

222	172	1282

192	173	1340

222	173	1310

193	174	1337

221	174	1297

192	175	1335

220	175	1289

193	176	1338

194	176	1348

219	176	1288

195	177	1347

218	177	1294

219	177	1322

196	178	1340

217	178	1305

197	179	1321

216	179	1324

195	180	1336

197	180	1338

215	180	1337

195	181	1349

197	181	1332

214	181	1328

197	182	1345

214	182	1345

197	183	1337

213	183	1328

197	184	1315

213	184	1348

197	185	1310

212	185	1341

196	186	1351

212	186	1350

195	187	1341

211	187	1339

195	188	1340

211	188	1349

195	189	1347

210	189	1341

192	190	1352

194	190	1353

210	190	1348

192	191	1348

194	191	1335

209	191	1339

192	192	1351

193	192	1346

209	192	1345

194	193	1343

209	193	1353

193	194	1343

208	194	1347

193	195	1343

194	195	1350

195	195	1352

196	195	1344

207	195	1346

192	196	1345

197	196	1342

206	196	1347

197	197	1347

205	197	1349

191	198	1343

192	198	1297

197	198	1343

204	198	1352

197	199	1344

203	199	1351

197	200	1346

198	200	1345

202	200	1351

199	201	1350

200	201	1351

201	201	1353

