158	116	1396

157	117	1394

159	117	1396

157	118	1397

159	118	1399

149	119	1375

150	119	1379

151	119	1385

152	119	1392

157	119	1397

160	119	1404

149	120	1377

152	120	1392

157	120	1398

160	120	1403

166	120	1368

167	120	1395

168	120	1395

169	120	1397

149	121	1380

152	121	1391

157	121	1398

160	121	1403

167	121	1398

169	121	1398

149	122	1380

152	122	1391

157	122	1397

161	122	1375

166	122	1400

169	122	1399

149	123	1381

152	123	1391

157	123	1398

160	123	1402

165	123	1405

170	123	1403

149	124	1381

152	124	1390

156	124	1396

161	124	1399

166	124	1403

170	124	1406

149	125	1382

152	125	1391

156	125	1396

161	125	1408

166	125	1401

170	125	1410

149	126	1383

152	126	1390

156	126	1395

161	126	1414

165	126	1400

170	126	1414

149	127	1382

153	127	1397

155	127	1399

161	127	1415

165	127	1402

170	127	1391

148	128	1384

154	128	1391

161	128	1415

164	128	1402

169	128	1411

137	129	1366

138	129	1364

148	129	1385

162	129	1411

164	129	1405

168	129	1409

137	130	1368

139	130	1368

148	130	1389

161	130	1416

163	130	1412

168	130	1411

137	131	1370

140	131	1370

149	131	1389

162	131	1405

168	131	1412

137	132	1371

141	132	1376

149	132	1391

168	132	1413

138	133	1372

141	133	1375

149	133	1392

168	133	1412

138	134	1376

142	134	1378

149	134	1392

167	134	1411

139	135	1375

143	135	1379

148	135	1394

167	135	1415

139	136	1376

144	136	1386

145	136	1400

146	136	1417

147	136	1388

167	136	1418

140	137	1379

167	137	1417

140	138	1380

167	138	1417

141	139	1382

166	139	1413

141	140	1383

166	140	1414

140	141	1411

141	141	1392

166	141	1414

179	141	1416

180	141	1415

181	141	1415

182	141	1420

142	142	1392

166	142	1413

176	142	1424

177	142	1415

178	142	1412

182	142	1421

143	143	1394

167	143	1412

174	143	1455

175	143	1428

181	143	1416

143	144	1394

168	144	1417

173	144	1437

181	144	1420

143	145	1400

169	145	1419

170	145	1447

171	145	1473

172	145	1443

180	145	1421

143	146	1407

179	146	1423

143	147	1413

179	147	1430

143	148	1411

178	148	1427

143	149	1394

177	149	1426

143	150	1412

176	150	1425

144	151	1397

175	151	1423

176	151	1431

143	152	1403

174	152	1422

143	153	1406

174	153	1431

143	154	1441

172	154	1425

173	154	1433

143	155	1469

171	155	1425

144	156	1460

170	156	1424

145	157	1449

169	157	1424

146	158	1411

169	158	1435

146	159	1425

168	159	1439

145	160	1442

166	160	1433

167	160	1440

145	161	1438

165	161	1443

145	162	1440

164	162	1454

145	163	1433

163	163	1448

145	164	1424

163	164	1450

143	165	1408

144	165	1419

162	165	1448

143	166	1428

162	166	1454

143	167	1421

162	167	1461

143	168	1416

161	168	1457

142	169	1416

161	169	1470

142	170	1420

161	170	1484

142	171	1418

160	171	1473

142	172	1419

160	172	1479

141	173	1423

160	173	1488

141	174	1419

159	174	1483

140	175	1416

159	175	1492

139	176	1422

159	176	1501

138	177	1443

159	177	1500

138	178	1437

158	178	1491

138	179	1435

158	179	1497

137	180	1443

158	180	1503

137	181	1432

157	181	1504

136	182	1430

156	182	1497

136	183	1440

155	183	1487

135	184	1438

136	184	1438

137	184	1435

138	184	1430

139	184	1427

140	184	1424

141	184	1423

142	184	1422

143	184	1423

144	184	1423

145	184	1423

146	184	1423

147	184	1424

148	184	1426

149	184	1431

150	184	1438

151	184	1446

152	184	1454

153	184	1466

154	184	1475

155	184	1493

