160	99	1237

161	99	1226

162	99	1225

163	99	1230

160	100	1226

164	100	1232

152	101	1202

160	101	1225

164	101	1227

150	102	1214

151	102	1204

153	102	1205

154	102	1208

155	102	1226

160	102	1222

164	102	1225

150	103	1204

155	103	1219

159	103	1227

165	103	1237

172	103	1245

173	103	1238

174	103	1240

150	104	1201

155	104	1217

159	104	1231

165	104	1235

171	104	1253

175	104	1242

150	105	1201

155	105	1220

160	105	1223

165	105	1232

171	105	1240

175	105	1239

150	106	1201

155	106	1221

160	106	1223

166	106	1231

171	106	1233

175	106	1241

150	107	1202

155	107	1222

159	107	1225

166	107	1267

170	107	1245

175	107	1243

150	108	1203

155	108	1220

159	108	1231

166	108	1265

170	108	1250

175	108	1245

150	109	1207

155	109	1217

159	109	1232

165	109	1232

170	109	1249

175	109	1248

150	110	1209

155	110	1215

159	110	1234

166	110	1236

170	110	1244

175	110	1250

150	111	1209

155	111	1214

159	111	1237

166	111	1246

170	111	1239

175	111	1254

150	112	1208

156	112	1224

159	112	1238

165	112	1233

169	112	1246

175	112	1256

150	113	1209

156	113	1225

159	113	1235

165	113	1234

169	113	1242

175	113	1258

138	114	1205

150	114	1214

156	114	1229

159	114	1230

165	114	1233

169	114	1239

175	114	1260

136	115	1204

137	115	1196

139	115	1204

140	115	1209

150	115	1216

156	115	1232

159	115	1229

165	115	1236

169	115	1239

175	115	1258

136	116	1200

141	116	1205

150	116	1219

156	116	1230

159	116	1228

165	116	1237

168	116	1245

174	116	1247

136	117	1204

142	117	1200

150	117	1220

157	117	1221

159	117	1230

166	117	1243

168	117	1241

174	117	1252

137	118	1201

142	118	1212

150	118	1222

157	118	1226

159	118	1232

166	118	1244

168	118	1235

174	118	1256

137	119	1209

143	119	1214

150	119	1192

157	119	1230

159	119	1237

166	119	1250

167	119	1240

174	119	1257

138	120	1203

144	120	1216

146	120	1232

151	120	1218

158	120	1232

165	120	1241

167	120	1245

174	120	1256

138	121	1201

145	121	1216

147	121	1246

151	121	1219

166	121	1241

174	121	1258

139	122	1208

148	122	1269

150	122	1228

174	122	1256

140	123	1209

149	123	1273

173	123	1253

140	124	1213

173	124	1253

141	125	1215

174	125	1274

142	126	1214

174	126	1266

141	127	1244

174	127	1265

141	128	1279

142	128	1243

174	128	1258

143	129	1233

174	129	1245

179	129	1262

184	129	1275

185	129	1266

186	129	1272

187	129	1260

188	129	1258

189	129	1254

190	129	1252

143	130	1252

173	130	1246

178	130	1237

180	130	1299

181	130	1270

182	130	1295

183	130	1274

191	130	1241

192	130	1258

143	131	1261

174	131	1259

175	131	1259

178	131	1249

193	131	1282

143	132	1261

176	132	1304

177	132	1286

193	132	1281

144	133	1253

191	133	1259

192	133	1285

193	133	1298

143	134	1215

190	134	1264

144	135	1219

189	135	1269

144	136	1245

187	136	1260

188	136	1276

189	136	1269

144	137	1271

186	137	1267

145	138	1246

185	138	1271

145	139	1254

184	139	1274

145	140	1267

183	140	1270

145	141	1264

182	141	1268

146	142	1234

181	142	1264

146	143	1276

180	143	1266

145	144	1312

146	144	1302

179	144	1272

145	145	1301

147	145	1267

178	145	1274

148	146	1236

177	146	1280

147	147	1240

176	147	1279

146	148	1254

175	148	1273

147	149	1265

173	149	1274

174	149	1290

147	150	1297

172	150	1282

146	151	1294

171	151	1295

146	152	1294

170	152	1302

146	153	1273

169	153	1294

146	154	1263

169	154	1298

145	155	1245

169	155	1306

145	156	1279

169	156	1311

145	157	1287

169	157	1302

145	158	1283

168	158	1303

144	159	1230

167	159	1305

144	160	1249

167	160	1318

143	161	1267

167	161	1328

143	162	1310

167	162	1330

143	163	1238

166	163	1318

142	164	1217

166	164	1323

142	165	1260

166	165	1328

141	166	1224

142	166	1249

143	166	1256

144	166	1253

145	166	1252

146	166	1250

147	166	1250

148	166	1248

149	166	1246

150	166	1245

151	166	1246

152	166	1248

153	166	1249

154	166	1249

155	166	1251

156	166	1253

157	166	1256

158	166	1258

159	166	1263

160	166	1269

161	166	1275

162	166	1280

163	166	1288

164	166	1298

165	166	1315

166	166	1329

