200	124	1221

201	124	1224

199	125	1218

202	125	1218

199	126	1213

203	126	1220

199	127	1212

204	127	1239

215	127	1236

216	127	1242

193	128	1214

194	128	1212

195	128	1228

199	128	1216

204	128	1225

214	128	1231

217	128	1239

192	129	1212

196	129	1230

199	129	1222

204	129	1222

213	129	1250

218	129	1252

191	130	1221

196	130	1214

199	130	1232

205	130	1238

213	130	1239

218	130	1241

191	131	1214

197	131	1238

200	131	1217

206	131	1304

213	131	1235

218	131	1241

190	132	1245

197	132	1226

200	132	1220

206	132	1282

213	132	1235

218	132	1242

191	133	1230

198	133	1260

199	133	1253

206	133	1259

213	133	1238

218	133	1243

191	134	1226

199	134	1272

207	134	1318

213	134	1239

218	134	1242

191	135	1259

198	135	1241

200	135	1246

207	135	1277

213	135	1239

218	135	1244

192	136	1220

198	136	1245

201	136	1222

208	136	1336

213	136	1234

218	136	1246

191	137	1266

198	137	1238

201	137	1224

209	137	1336

210	137	1332

211	137	1320

212	137	1253

218	137	1249

192	138	1225

199	138	1270

200	138	1256

210	138	1328

211	138	1319

218	138	1249

193	139	1218

209	139	1309

212	139	1252

218	139	1252

183	140	1217

184	140	1213

185	140	1225

193	140	1227

200	140	1260

209	140	1306

212	140	1249

218	140	1254

182	141	1219

186	141	1231

193	141	1235

199	141	1236

201	141	1244

209	141	1318

212	141	1247

218	141	1262

182	142	1214

186	142	1219

193	142	1238

199	142	1235

202	142	1233

210	142	1333

211	142	1278

218	142	1268

182	143	1222

187	143	1228

193	143	1239

199	143	1232

202	143	1239

209	143	1316

211	143	1271

218	143	1283

183	144	1213

188	144	1238

189	144	1288

194	144	1227

200	144	1248

202	144	1245

208	144	1268

211	144	1266

217	144	1258

183	145	1219

189	145	1258

194	145	1232

200	145	1240

202	145	1254

208	145	1273

211	145	1266

217	145	1272

183	146	1227

190	146	1285

194	146	1238

200	146	1234

202	146	1257

208	146	1265

211	146	1250

216	146	1258

184	147	1217

190	147	1254

194	147	1251

201	147	1249

209	147	1266

210	147	1255

216	147	1266

185	148	1215

191	148	1266

194	148	1262

216	148	1272

185	149	1223

192	149	1271

193	149	1299

216	149	1276

186	150	1217

216	150	1278

232	150	1291

186	151	1225

216	151	1280

229	151	1279

230	151	1264

231	151	1255

233	151	1269

186	152	1237

216	152	1282

228	152	1267

234	152	1309

187	153	1234

216	153	1281

227	153	1271

233	153	1272

187	154	1257

216	154	1277

226	154	1288

232	154	1260

187	155	1293

216	155	1273

226	155	1264

231	155	1250

186	156	1322

216	156	1265

225	156	1277

231	156	1268

187	157	1336

217	157	1299

225	157	1264

230	157	1256

188	158	1335

189	158	1314

217	158	1277

224	158	1270

230	158	1279

188	159	1320

190	159	1272

217	159	1262

223	159	1273

229	159	1264

190	160	1283

218	160	1268

222	160	1290

229	160	1290

189	161	1335

219	161	1261

220	161	1274

221	161	1274

228	161	1269

189	162	1309

190	162	1301

227	162	1255

188	163	1284

189	163	1308

191	163	1241

227	163	1268

189	164	1304

190	164	1314

227	164	1289

189	165	1307

226	165	1267

190	166	1331

226	166	1279

190	167	1332

225	167	1265

189	168	1333

191	168	1314

225	168	1285

189	169	1335

190	169	1311

192	169	1281

224	169	1279

192	170	1318

223	170	1278

192	171	1337

222	171	1273

192	172	1338

221	172	1267

193	173	1309

221	173	1298

193	174	1338

220	174	1301

194	175	1304

218	175	1274

219	175	1304

195	176	1290

217	176	1281

195	177	1334

215	177	1279

216	177	1297

196	178	1290

214	178	1297

195	179	1327

213	179	1306

193	180	1333

195	180	1327

213	180	1327

195	181	1335

212	181	1312

196	182	1320

212	182	1324

196	183	1310

211	183	1317

195	184	1324

211	184	1330

193	185	1319

194	185	1325

210	185	1321

194	186	1292

210	186	1330

194	187	1326

209	187	1322

194	188	1318

209	188	1331

194	189	1313

208	189	1320

193	190	1329

208	190	1327

193	191	1326

208	191	1335

192	192	1338

207	192	1329

193	193	1329

207	193	1336

192	194	1334

193	194	1338

206	194	1336

194	195	1335

205	195	1335

195	196	1330

204	196	1337

196	197	1330

203	197	1335

196	198	1333

202	198	1338

196	199	1338

197	199	1335

198	199	1333

201	199	1336

190	200	1297

196	200	1338

199	200	1338

200	200	1337

