172	104	1305

173	104	1299

174	104	1301

175	104	1317

171	105	1303

175	105	1300

164	106	1291

165	106	1291

166	106	1300

167	106	1299

171	106	1301

176	106	1320

163	107	1287

167	107	1300

171	107	1301

176	107	1320

182	107	1310

183	107	1315

163	108	1286

167	108	1294

171	108	1300

176	108	1313

181	108	1297

184	108	1306

162	109	1288

167	109	1293

171	109	1301

176	109	1307

181	109	1293

184	109	1297

162	110	1292

167	110	1296

171	110	1301

176	110	1308

180	110	1303

185	110	1326

162	111	1292

167	111	1297

171	111	1300

176	111	1312

180	111	1300

185	111	1329

162	112	1293

167	112	1299

170	112	1292

176	112	1317

180	112	1298

185	112	1337

162	113	1292

167	113	1300

170	113	1303

176	113	1320

180	113	1296

184	113	1301

162	114	1293

167	114	1301

170	114	1303

176	114	1324

179	114	1301

184	114	1307

162	115	1293

167	115	1297

170	115	1304

176	115	1324

179	115	1304

184	115	1312

162	116	1292

167	116	1296

170	116	1301

176	116	1323

179	116	1305

184	116	1317

162	117	1292

167	117	1297

170	117	1301

176	117	1318

179	117	1303

184	117	1324

149	118	1287

150	118	1285

151	118	1286

162	118	1292

167	118	1298

169	118	1280

176	118	1315

178	118	1305

184	118	1333

149	119	1288

152	119	1284

162	119	1296

167	119	1297

169	119	1293

175	119	1303

178	119	1306

184	119	1338

149	120	1290

153	120	1286

162	120	1298

168	120	1282

176	120	1315

178	120	1302

183	120	1310

149	121	1291

154	121	1280

162	121	1302

177	121	1306

183	121	1314

150	122	1290

154	122	1284

162	122	1304

183	122	1319

150	123	1293

155	123	1285

162	123	1304

183	123	1328

151	124	1292

156	124	1286

162	124	1301

183	124	1336

151	125	1293

157	125	1287

158	125	1261

161	125	1265

183	125	1344

151	126	1290

159	126	1305

160	126	1325

183	126	1340

152	127	1294

183	127	1334

153	128	1296

183	128	1333

153	129	1306

183	129	1328

152	130	1328

184	130	1322

153	131	1332

183	131	1329

154	132	1319

182	132	1319

190	132	1344

191	132	1357

194	132	1343

195	132	1331

196	132	1340

197	132	1347

198	132	1351

154	133	1328

183	133	1339

189	133	1360

192	133	1336

193	133	1326

199	133	1327

155	134	1322

184	134	1354

187	134	1272

188	134	1347

200	134	1320

201	134	1357

154	135	1352

185	135	1333

186	135	1312

201	135	1355

154	136	1334

199	136	1329

200	136	1359

154	137	1308

198	137	1333

155	138	1312

196	138	1326

198	138	1353

155	139	1313

195	139	1342

197	139	1372

154	140	1317

155	140	1348

194	140	1357

156	141	1335

193	141	1359

156	142	1335

191	142	1334

192	142	1358

155	143	1290

190	143	1334

156	144	1337

190	144	1349

156	145	1364

189	145	1352

156	146	1396

187	146	1338

188	146	1356

156	147	1368

186	147	1342

156	148	1367

157	148	1331

185	148	1346

158	149	1312

184	149	1346

158	150	1358

183	150	1343

159	151	1340

182	151	1345

183	151	1365

157	152	1348

158	152	1345

181	152	1350

158	153	1360

180	153	1360

157	154	1394

179	154	1367

158	155	1336

178	155	1360

157	156	1364

178	156	1366

157	157	1339

177	157	1352

155	158	1396

156	158	1374

177	158	1357

154	159	1324

155	159	1317

177	159	1368

156	160	1319

176	160	1358

155	161	1326

176	161	1365

155	162	1324

176	162	1374

152	163	1288

155	163	1326

176	163	1385

152	164	1341

155	164	1322

175	164	1376

152	165	1349

153	165	1379

154	165	1335

175	165	1380

152	166	1371

175	166	1379

152	167	1335

174	167	1370

151	168	1279

174	168	1378

151	169	1299

174	169	1386

151	170	1320

174	170	1387

151	171	1340

173	171	1384

151	172	1337

173	172	1388

150	173	1337

173	173	1392

149	174	1367

150	174	1336

151	174	1331

152	174	1326

153	174	1324

154	174	1322

155	174	1321

156	174	1321

157	174	1320

158	174	1320

159	174	1320

160	174	1320

161	174	1319

162	174	1318

163	174	1321

164	174	1324

165	174	1329

166	174	1335

167	174	1342

168	174	1346

169	174	1354

170	174	1366

171	174	1381

172	174	1393

