161	103	1278

162	103	1277

163	103	1284

160	104	1272

164	104	1285

153	105	1260

160	105	1269

164	105	1274

151	106	1260

152	106	1255

154	106	1262

155	106	1277

160	106	1269

164	106	1271

150	107	1260

155	107	1268

160	107	1271

165	107	1285

171	107	1286

172	107	1284

173	107	1289

150	108	1256

155	108	1261

160	108	1269

165	108	1281

170	108	1286

174	108	1303

150	109	1257

155	109	1265

160	109	1269

165	109	1286

170	109	1281

174	109	1295

150	110	1257

155	110	1262

160	110	1268

165	110	1285

170	110	1277

174	110	1296

150	111	1256

156	111	1278

159	111	1274

165	111	1287

169	111	1282

174	111	1296

150	112	1257

156	112	1289

159	112	1275

165	112	1291

169	112	1280

174	112	1300

150	113	1259

155	113	1261

159	113	1276

165	113	1287

169	113	1280

174	113	1304

150	114	1263

155	114	1260

159	114	1279

165	114	1287

169	114	1276

174	114	1310

150	115	1265

156	115	1271

159	115	1279

165	115	1290

168	115	1280

174	115	1314

150	116	1264

156	116	1277

159	116	1279

165	116	1288

168	116	1287

173	116	1288

150	117	1263

156	117	1288

159	117	1277

165	117	1287

168	117	1286

173	117	1291

137	118	1247

138	118	1247

139	118	1246

150	118	1264

156	118	1283

158	118	1263

165	118	1289

168	118	1284

173	118	1294

137	119	1252

140	119	1249

150	119	1266

156	119	1275

158	119	1279

165	119	1290

167	119	1287

173	119	1296

136	120	1246

141	120	1251

150	120	1271

156	120	1271

158	120	1283

165	120	1293

167	120	1284

173	120	1300

137	121	1256

142	121	1254

151	121	1266

156	121	1270

158	121	1285

166	121	1273

173	121	1308

138	122	1252

143	122	1240

150	122	1274

156	122	1268

158	122	1287

173	122	1311

138	123	1255

143	123	1256

150	123	1264

157	123	1268

172	123	1288

138	124	1235

144	124	1256

151	124	1270

172	124	1290

139	125	1260

145	125	1258

146	125	1238

147	125	1231

148	125	1276

150	125	1289

173	125	1313

140	126	1259

149	126	1314

173	126	1307

141	127	1259

173	127	1299

141	128	1263

173	128	1291

141	129	1239

172	129	1301

141	130	1258

172	130	1303

142	131	1283

172	131	1302

186	131	1320

187	131	1313

188	131	1288

143	132	1279

173	132	1307

184	132	1289

185	132	1293

189	132	1298

190	132	1301

143	133	1293

172	133	1300

178	133	1357

180	133	1337

181	133	1320

182	133	1310

183	133	1296

191	133	1336

144	134	1283

172	134	1296

177	134	1356

179	134	1330

190	134	1299

144	135	1291

172	135	1292

177	135	1371

190	135	1311

143	136	1278

144	136	1295

173	136	1300

174	136	1319

176	136	1352

189	136	1306

190	136	1328

143	137	1231

145	137	1282

175	137	1321

187	137	1308

188	137	1329

144	138	1302

186	138	1317

144	139	1294

185	139	1322

144	140	1283

183	140	1305

184	140	1323

143	141	1277

182	141	1307

143	142	1310

182	142	1324

144	143	1328

145	143	1307

181	143	1325

146	144	1279

180	144	1325

145	145	1281

179	145	1326

144	146	1263

178	146	1323

145	147	1316

176	147	1308

177	147	1325

146	148	1299

175	148	1311

145	149	1313

174	149	1317

175	149	1332

146	150	1315

173	150	1319

146	151	1298

172	151	1320

147	152	1266

171	152	1322

147	153	1328

170	153	1329

147	154	1331

169	154	1332

146	155	1309

169	155	1343

145	156	1291

168	156	1332

144	157	1299

146	157	1309

167	157	1330

145	158	1285

167	158	1335

144	159	1245

167	159	1341

145	160	1293

166	160	1339

143	161	1231

144	161	1298

166	161	1349

144	162	1298

166	162	1345

143	163	1305

166	163	1335

142	164	1331

165	164	1352

142	165	1299

165	165	1357

142	166	1303

165	166	1344

142	167	1313

164	167	1355

142	168	1304

164	168	1361

142	169	1297

164	169	1360

141	170	1307

164	170	1348

141	171	1304

163	171	1359

139	172	1344

140	172	1317

141	172	1305

142	172	1299

143	172	1295

144	172	1295

145	172	1294

146	172	1294

147	172	1294

148	172	1295

149	172	1292

150	172	1292

151	172	1292

152	172	1297

153	172	1300

154	172	1304

155	172	1306

156	172	1310

157	172	1317

158	172	1326

159	172	1334

160	172	1342

161	172	1354

162	172	1362

163	172	1362

