154	119	1320

155	119	1323

153	120	1315

156	120	1322

145	121	1302

146	121	1309

147	121	1318

153	121	1315

156	121	1322

145	122	1304

148	122	1332

153	122	1314

156	122	1323

145	123	1307

148	123	1333

152	123	1292

156	123	1328

145	124	1310

148	124	1334

153	124	1314

156	124	1329

144	125	1308

148	125	1333

152	125	1313

156	125	1327

168	125	1334

169	125	1338

170	125	1308

144	126	1311

148	126	1334

153	126	1313

156	126	1323

167	126	1328

170	126	1333

144	127	1312

148	127	1337

153	127	1314

156	127	1322

166	127	1327

170	127	1334

144	128	1313

147	128	1325

152	128	1314

156	128	1323

166	128	1328

170	128	1340

144	129	1312

147	129	1323

152	129	1317

156	129	1326

165	129	1330

170	129	1342

130	130	1303

131	130	1309

144	130	1311

147	130	1324

152	130	1319

156	130	1325

164	130	1333

169	130	1332

130	131	1301

132	131	1310

144	131	1310

147	131	1325

152	131	1319

156	131	1326

164	131	1328

169	131	1340

130	132	1302

132	132	1309

143	132	1295

147	132	1325

152	132	1319

157	132	1316

163	132	1325

168	132	1335

130	133	1299

133	133	1314

144	133	1311

147	133	1323

151	133	1320

157	133	1329

162	133	1331

168	133	1339

131	134	1304

133	134	1314

144	134	1313

147	134	1321

151	134	1319

156	134	1334

158	134	1309

161	134	1322

167	134	1330

131	135	1304

134	135	1314

144	135	1313

148	135	1326

150	135	1322

157	135	1356

160	135	1317

167	135	1331

132	136	1306

135	136	1315

144	136	1314

149	136	1319

158	136	1301

159	136	1331

167	136	1317

132	137	1304

136	137	1313

144	137	1314

166	137	1336

133	138	1306

136	138	1311

143	138	1310

166	138	1344

133	139	1307

137	139	1311

142	139	1320

165	139	1341

134	140	1307

138	140	1312

139	140	1316

141	140	1277

164	140	1336

134	141	1307

140	141	1322

163	141	1330

134	142	1304

163	142	1336

134	143	1329

162	143	1336

134	144	1335

161	144	1334

135	145	1334

161	145	1338

135	146	1343

161	146	1344

136	147	1326

160	147	1332

137	148	1318

160	148	1334

136	149	1326

160	149	1334

136	150	1354

160	150	1333

137	151	1330

160	151	1333

136	152	1394

160	152	1336

167	152	1350

169	152	1349

170	152	1343

171	152	1341

172	152	1339

173	152	1342

174	152	1341

175	152	1344

176	152	1344

177	152	1349

136	153	1372

161	153	1337

165	153	1349

166	153	1350

168	153	1339

178	153	1349

136	154	1351

162	154	1338

163	154	1338

164	154	1340

178	154	1352

136	155	1309

176	155	1349

177	155	1357

137	156	1332

173	156	1343

174	156	1346

175	156	1347

137	157	1342

171	157	1345

172	157	1348

138	158	1327

169	158	1347

170	158	1346

138	159	1328

167	159	1343

168	159	1335

137	160	1314

165	160	1340

166	160	1346

138	161	1346

164	161	1342

137	162	1404

162	162	1339

163	162	1346

138	163	1364

161	163	1339

139	164	1343

159	164	1341

160	164	1346

139	165	1377

158	165	1343

140	166	1354

156	166	1346

157	166	1351

139	167	1353

155	167	1355

140	168	1353

155	168	1377

140	169	1357

154	169	1395

139	170	1347

154	170	1404

140	171	1367

154	171	1412

139	172	1353

154	172	1415

139	173	1369

154	173	1424

139	174	1373

153	174	1409

139	175	1375

153	175	1413

139	176	1376

153	176	1415

139	177	1379

153	177	1421

139	178	1367

153	178	1424

139	179	1377

152	179	1416

139	180	1391

152	180	1419

139	181	1399

151	181	1417

139	182	1408

151	182	1419

139	183	1420

150	183	1419

139	184	1422

150	184	1423

139	185	1422

140	185	1421

149	185	1422

141	186	1421

142	186	1421

143	186	1419

144	186	1421

145	186	1419

146	186	1421

148	186	1423

147	187	1424

