202	149	1551

203	149	1555

204	149	1556

205	149	1557

215	149	1571

201	150	1546

205	150	1559

214	150	1562

216	150	1574

200	151	1559

202	151	1556

205	151	1560

213	151	1553

217	151	1586

199	152	1556

201	152	1562

206	152	1563

213	152	1565

217	152	1585

198	153	1553

206	153	1565

213	153	1572

217	153	1587

198	154	1553

207	154	1574

214	154	1571

217	154	1589

198	155	1552

207	155	1577

214	155	1575

217	155	1586

199	156	1555

203	156	1553

207	156	1577

214	156	1578

217	156	1586

199	157	1557

202	157	1570

204	157	1564

208	157	1580

214	157	1577

218	157	1592

199	158	1559

203	158	1574

209	158	1587

214	158	1577

218	158	1600

199	159	1558

209	159	1582

213	159	1581

218	159	1604

200	160	1558

210	160	1593

211	160	1627

213	160	1571

218	160	1603

193	161	1549

199	161	1558

210	161	1592

213	161	1565

218	161	1604

192	162	1551

194	162	1558

199	162	1558

211	162	1620

213	162	1581

218	162	1606

193	163	1554

195	163	1562

200	163	1568

212	163	1544

218	163	1598

193	164	1558

196	164	1566

200	164	1566

211	164	1601

213	164	1585

217	164	1597

193	165	1558

197	165	1573

198	165	1571

200	165	1570

212	165	1584

217	165	1598

227	165	1632

228	165	1616

229	165	1634

194	166	1562

199	166	1585

201	166	1573

217	166	1600

224	166	1646

226	166	1596

230	166	1647

194	167	1557

200	167	1591

217	167	1601

225	167	1598

229	167	1598

195	168	1560

218	168	1613

224	168	1617

229	168	1611

195	169	1562

218	169	1619

222	169	1580

223	169	1572

228	169	1597

195	170	1568

218	170	1610

224	170	1587

228	170	1612

195	171	1581

219	171	1619

223	171	1598

228	171	1631

196	172	1559

220	172	1673

222	172	1649

227	172	1603

196	173	1579

221	173	1686

227	173	1623

197	174	1584

226	174	1600

198	175	1570

226	175	1614

198	176	1555

226	176	1622

198	177	1533

226	177	1634

198	178	1593

225	178	1604

199	179	1580

225	179	1615

199	180	1577

225	180	1638

199	181	1586

224	181	1622

200	182	1576

223	182	1609

200	183	1584

223	183	1634

200	184	1582

222	184	1617

201	185	1559

221	185	1609

201	186	1610

220	186	1608

202	187	1585

219	187	1610

220	187	1638

202	188	1619

218	188	1621

203	189	1607

217	189	1627

204	190	1603

217	190	1654

205	191	1609

217	191	1669

205	192	1607

217	192	1684

205	193	1612

216	193	1659

206	194	1613

216	194	1670

206	195	1615

216	195	1681

206	196	1618

215	196	1661

206	197	1623

215	197	1671

206	198	1634

215	198	1680

206	199	1638

215	199	1686

206	200	1640

214	200	1670

205	201	1648

214	201	1675

205	202	1657

214	202	1682

206	203	1656

214	203	1686

206	204	1663

213	204	1681

206	205	1670

213	205	1686

206	206	1677

212	206	1684

206	207	1684

211	207	1682

207	208	1681

211	208	1686

207	209	1685

208	209	1685

209	209	1685

210	209	1686

