184	126	1448

185	126	1451

186	126	1457

178	127	1438

179	127	1450

183	127	1442

187	127	1466

176	128	1410

177	128	1432

180	128	1461

181	128	1470

182	128	1456

187	128	1464

176	129	1435

187	129	1464

176	130	1427

188	130	1484

191	130	1469

192	130	1465

193	130	1470

194	130	1481

176	131	1422

188	131	1485

190	131	1471

194	131	1479

176	132	1436

188	132	1486

190	132	1457

194	132	1481

176	133	1439

189	133	1466

195	133	1493

176	134	1442

188	134	1478

190	134	1460

195	134	1493

176	135	1446

181	135	1474

189	135	1462

195	135	1498

176	136	1447

180	136	1469

182	136	1455

194	136	1485

176	137	1451

181	137	1448

188	137	1477

195	137	1506

165	138	1449

166	138	1458

175	138	1444

187	138	1485

189	138	1450

195	138	1513

165	139	1449

167	139	1462

175	139	1439

187	139	1488

189	139	1454

194	139	1496

165	140	1450

167	140	1460

175	140	1437

188	140	1457

193	140	1487

165	141	1449

168	141	1462

176	141	1453

193	141	1492

165	142	1447

169	142	1469

175	142	1440

192	142	1480

166	143	1447

169	143	1463

175	143	1440

192	143	1483

166	144	1443

170	144	1469

175	144	1442

192	144	1485

166	145	1430

171	145	1476

172	145	1502

173	145	1517

174	145	1442

192	145	1489

167	146	1449

191	146	1478

167	147	1442

191	147	1483

166	148	1452

191	148	1485

167	149	1446

191	149	1488

167	150	1467

191	150	1486

168	151	1444

191	151	1485

204	151	1473

205	151	1483

167	152	1458

191	152	1480

200	152	1475

201	152	1473

202	152	1468

203	152	1466

206	152	1477

167	153	1487

191	153	1479

197	153	1484

198	153	1478

199	153	1465

206	153	1478

168	154	1425

192	154	1487

196	154	1486

206	154	1488

168	155	1426

193	155	1498

194	155	1502

195	155	1484

205	155	1487

169	156	1438

204	156	1483

168	157	1431

202	157	1481

203	157	1488

168	158	1441

201	158	1486

168	159	1455

200	159	1489

168	160	1456

199	160	1492

168	161	1490

198	161	1491

169	162	1438

197	162	1494

169	163	1437

195	163	1484

196	163	1496

170	164	1438

193	164	1476

194	164	1485

169	165	1473

192	165	1482

170	166	1437

191	166	1486

170	167	1437

190	167	1489

170	168	1435

188	168	1484

189	168	1491

170	169	1451

187	169	1496

169	170	1461

186	170	1503

169	171	1437

186	171	1511

168	172	1445

185	172	1504

168	173	1433

185	173	1512

168	174	1441

185	174	1520

167	175	1440

184	175	1513

167	176	1426

184	176	1524

167	177	1450

184	177	1537

166	178	1414

184	178	1546

166	179	1458

183	179	1534

165	180	1500

183	180	1542

164	181	1530

183	181	1547

164	182	1473

183	182	1558

164	183	1453

182	183	1548

164	184	1462

182	184	1558

164	185	1482

181	185	1545

163	186	1460

181	186	1554

162	187	1450

163	187	1475

164	187	1483

165	187	1486

166	187	1485

167	187	1484

168	187	1483

169	187	1483

170	187	1484

171	187	1486

172	187	1486

173	187	1487

174	187	1490

175	187	1495

176	187	1501

177	187	1508

178	187	1517

179	187	1528

180	187	1542

