174	149	1725

175	149	1727

169	150	1721

173	150	1715

175	150	1720

168	151	1716

170	151	1723

173	151	1721

175	151	1722

167	152	1716

171	152	1746

173	152	1723

175	152	1722

167	153	1717

171	153	1706

173	153	1725

175	153	1723

167	154	1718

171	154	1740

173	154	1722

175	154	1721

183	154	1735

184	154	1738

167	155	1721

170	155	1721

172	155	1734

175	155	1723

182	155	1733

184	155	1738

167	156	1718

171	156	1735

175	156	1726

181	156	1734

184	156	1739

157	157	1718

158	157	1721

167	157	1718

170	157	1724

172	157	1724

175	157	1726

181	157	1733

183	157	1733

157	158	1716

159	158	1732

166	158	1735

171	158	1731

175	158	1727

180	158	1734

183	158	1737

157	159	1719

159	159	1725

166	159	1727

175	159	1729

179	159	1735

183	159	1744

157	160	1728

159	160	1720

166	160	1725

175	160	1734

179	160	1735

182	160	1734

158	161	1723

160	161	1724

166	161	1728

175	161	1735

178	161	1741

182	161	1735

158	162	1725

161	162	1731

166	162	1727

175	162	1739

177	162	1733

182	162	1743

158	163	1728

161	163	1727

166	163	1729

176	163	1743

181	163	1737

159	164	1724

162	164	1728

166	164	1732

181	164	1742

159	165	1729

163	165	1734

165	165	1750

180	165	1737

160	166	1723

164	166	1732

179	166	1734

160	167	1729

179	167	1742

161	168	1728

178	168	1737

160	169	1744

178	169	1741

160	170	1753

178	170	1746

161	171	1730

178	171	1753

161	172	1731

178	172	1751

185	172	1757

186	172	1750

187	172	1745

188	172	1742

189	172	1740

190	172	1743

161	173	1733

178	173	1746

182	173	1769

183	173	1751

184	173	1747

189	173	1742

190	173	1745

161	174	1737

179	174	1753

181	174	1738

188	174	1746

161	175	1740

180	175	1741

186	175	1744

187	175	1749

161	176	1745

185	176	1749

161	177	1743

184	177	1755

161	178	1744

183	178	1756

161	179	1748

182	179	1754

161	180	1764

180	180	1736

181	180	1751

162	181	1745

179	181	1740

162	182	1748

178	182	1744

162	183	1757

176	183	1743

177	183	1757

162	184	1767

175	184	1745

162	185	1774

173	185	1756

174	185	1762

161	186	1785

172	186	1766

161	187	1778

172	187	1786

161	188	1777

171	188	1775

161	189	1779

171	189	1787

161	190	1781

171	190	1801

160	191	1804

171	191	1816

160	192	1804

170	192	1808

160	193	1809

169	193	1803

160	194	1810

169	194	1816

160	195	1812

168	195	1811

160	196	1809

168	196	1819

160	197	1811

167	197	1813

160	198	1815

167	198	1819

160	199	1817

166	199	1816

160	200	1821

166	200	1822

160	201	1823

161	201	1818

164	201	1817

165	201	1821

162	202	1821

163	202	1821

