193	153	1646

194	153	1649

195	153	1652

192	154	1652

195	154	1653

204	154	1658

205	154	1660

206	154	1662

189	155	1653

190	155	1656

192	155	1652

196	155	1657

204	155	1659

206	155	1665

189	156	1650

191	156	1657

193	156	1650

196	156	1658

203	156	1656

206	156	1669

189	157	1649

191	157	1654

193	157	1653

197	157	1661

204	157	1662

206	157	1669

189	158	1651

192	158	1668

197	158	1661

204	158	1664

206	158	1668

189	159	1652

197	159	1664

205	159	1666

206	159	1668

189	160	1654

198	160	1671

204	160	1666

206	160	1670

189	161	1651

198	161	1667

203	161	1667

206	161	1671

190	162	1650

199	162	1672

203	162	1663

206	162	1672

189	163	1654

200	163	1680

203	163	1666

206	163	1672

189	164	1661

200	164	1670

202	164	1691

206	164	1672

182	165	1649

183	165	1654

189	165	1654

195	165	1662

201	165	1673

206	165	1673

182	166	1649

183	166	1652

189	166	1656

194	166	1664

196	166	1664

206	166	1675

182	167	1652

184	167	1656

189	167	1676

195	167	1669

206	167	1677

182	168	1655

185	168	1657

190	168	1668

206	168	1677

182	169	1650

186	169	1660

190	169	1673

206	169	1677

216	169	1679

217	169	1681

218	169	1683

219	169	1702

183	170	1657

186	170	1657

191	170	1677

206	170	1676

215	170	1693

219	170	1692

183	171	1653

187	171	1657

188	171	1660

189	171	1667

190	171	1689

206	171	1677

214	171	1713

219	171	1712

184	172	1670

206	172	1673

213	172	1735

218	172	1690

185	173	1670

207	173	1677

213	173	1720

218	173	1715

186	174	1663

207	174	1675

211	174	1713

213	174	1679

217	174	1688

186	175	1658

208	175	1675

210	175	1694

212	175	1691

217	175	1709

187	176	1670

209	176	1679

211	176	1691

216	176	1687

187	177	1684

216	177	1704

188	178	1658

215	178	1681

188	179	1633

215	179	1694

189	180	1663

215	180	1712

189	181	1658

214	181	1688

189	182	1661

214	182	1708

189	183	1669

213	183	1695

190	184	1666

212	184	1685

190	185	1673

212	185	1715

191	186	1661

211	186	1704

191	187	1676

210	187	1693

191	188	1702

209	188	1683

192	189	1676

209	189	1712

192	190	1615

208	190	1721

193	191	1652

207	191	1726

194	192	1681

207	192	1744

195	193	1674

207	193	1750

195	194	1692

207	194	1759

195	195	1701

206	195	1726

195	196	1677

206	196	1732

196	197	1692

206	197	1740

196	198	1701

206	198	1747

196	199	1710

206	199	1752

196	200	1707

206	200	1752

196	201	1707

206	201	1752

196	202	1717

206	202	1752

196	203	1723

206	203	1755

197	204	1717

206	204	1756

197	205	1727

206	205	1758

197	206	1736

206	206	1758

197	207	1741

206	207	1756

197	208	1749

207	208	1766

197	209	1756

207	209	1766

197	210	1759

206	210	1763

197	211	1769

206	211	1763

198	212	1753

199	212	1744

200	212	1747

201	212	1750

202	212	1752

203	212	1754

204	212	1756

205	212	1762

206	212	1764

