196	125	1379

197	125	1383

195	126	1365

198	126	1375

195	127	1360

199	127	1386

190	128	1367

191	128	1358

192	128	1362

195	128	1361

199	128	1370

208	128	1389

209	128	1394

188	129	1357

189	129	1364

193	129	1365

195	129	1365

200	129	1385

207	129	1380

210	129	1392

188	130	1365

194	130	1366

200	130	1379

206	130	1388

210	130	1384

188	131	1369

200	131	1378

206	131	1386

211	131	1407

188	132	1366

201	132	1390

206	132	1384

211	132	1404

188	133	1363

202	133	1401

206	133	1378

211	133	1403

189	134	1359

203	134	1435

206	134	1375

211	134	1405

185	135	1375

188	135	1363

204	135	1427

205	135	1410

211	135	1403

187	136	1369

188	136	1381

189	136	1360

211	136	1398

182	137	1350

183	137	1351

190	137	1355

204	137	1421

205	137	1402

212	137	1432

181	138	1349

184	138	1347

190	138	1358

203	138	1406

206	138	1384

212	138	1411

181	139	1342

185	139	1348

190	139	1360

203	139	1400

206	139	1384

212	139	1401

181	140	1344

186	140	1364

190	140	1354

204	140	1427

205	140	1400

211	140	1401

181	141	1346

186	141	1365

190	141	1357

204	141	1426

211	141	1404

182	142	1343

187	142	1395

190	142	1364

203	142	1394

205	142	1393

212	142	1437

182	143	1346

187	143	1375

190	143	1374

203	143	1388

205	143	1375

212	143	1442

182	144	1350

187	144	1358

190	144	1346

203	144	1384

206	144	1378

212	144	1441

213	144	1448

215	144	1461

221	144	1393

222	144	1415

183	145	1347

188	145	1374

191	145	1359

203	145	1393

205	145	1384

211	145	1411

215	145	1457

219	145	1400

220	145	1375

222	145	1385

183	146	1350

188	146	1365

190	146	1390

204	146	1383

210	146	1396

216	146	1444

217	146	1422

218	146	1394

222	146	1387

183	147	1354

189	147	1366

210	147	1399

215	147	1440

217	147	1403

222	147	1414

184	148	1347

210	148	1400

216	148	1426

221	148	1376

184	149	1334

210	149	1399

216	149	1415

221	149	1381

184	150	1359

211	150	1422

216	150	1409

221	150	1385

184	151	1376

212	151	1455

215	151	1448

221	151	1389

185	152	1374

211	152	1408

215	152	1439

221	152	1396

185	153	1404

212	153	1444

215	153	1424

221	153	1405

184	154	1359

212	154	1442

215	154	1391

220	154	1377

185	155	1356

212	155	1425

214	155	1414

220	155	1386

186	156	1442

213	156	1411

220	156	1396

186	157	1457

220	157	1409

185	158	1423

219	158	1378

185	159	1421

219	159	1387

186	160	1441

219	160	1396

187	161	1404

219	161	1410

187	162	1395

218	162	1387

188	163	1360

218	163	1409

188	164	1371

217	164	1399

188	165	1393

216	165	1394

188	166	1397

215	166	1387

188	167	1393

214	167	1379

188	168	1387

214	168	1401

189	169	1381

213	169	1388

190	170	1351

212	170	1386

189	171	1395

211	171	1392

190	172	1414

210	172	1400

191	173	1387

209	173	1399

191	174	1426

209	174	1415

192	175	1441

209	175	1432

191	176	1433

209	176	1442

191	177	1361

209	177	1456

192	178	1396

208	178	1421

193	179	1379

208	179	1433

192	180	1418

208	180	1442

192	181	1428

208	181	1446

192	182	1426

208	182	1448

192	183	1437

208	183	1451

192	184	1444

208	184	1455

193	185	1403

208	185	1457

193	186	1411

208	186	1458

193	187	1429

208	187	1461

192	188	1408

208	188	1463

193	189	1407

207	189	1441

192	190	1463

207	190	1444

192	191	1450

207	191	1447

191	192	1451

192	192	1440

193	192	1414

194	192	1399

195	192	1395

196	192	1397

197	192	1398

198	192	1398

199	192	1397

200	192	1399

201	192	1402

202	192	1408

203	192	1411

204	192	1416

205	192	1423

206	192	1435

207	192	1448

