158	117	1403

159	117	1405

160	117	1407

158	118	1404

160	118	1407

153	119	1403

158	119	1405

161	119	1408

151	120	1394

152	120	1395

154	120	1401

158	120	1405

162	120	1394

168	120	1412

169	120	1411

151	121	1393

154	121	1399

158	121	1407

162	121	1406

167	121	1412

170	121	1417

151	122	1394

154	122	1397

158	122	1408

162	122	1407

167	122	1409

169	122	1416

151	123	1398

154	123	1401

158	123	1409

162	123	1416

167	123	1410

170	123	1422

151	124	1400

154	124	1403

158	124	1410

162	124	1423

167	124	1413

171	124	1418

151	125	1401

154	125	1406

157	125	1410

162	125	1422

166	125	1414

171	125	1418

151	126	1400

155	126	1393

157	126	1411

162	126	1421

166	126	1417

171	126	1419

151	127	1399

155	127	1404

157	127	1412

162	127	1421

166	127	1416

170	127	1419

151	128	1400

156	128	1416

162	128	1421

165	128	1418

170	128	1421

151	129	1401

162	129	1422

165	129	1415

170	129	1426

139	130	1380

140	130	1379

141	130	1379

151	130	1403

162	130	1420

164	130	1419

170	130	1429

139	131	1384

142	131	1384

151	131	1405

163	131	1410

170	131	1430

139	132	1387

142	132	1388

151	132	1405

162	132	1418

164	132	1418

170	132	1430

140	133	1388

143	133	1391

151	133	1407

163	133	1426

169	133	1424

140	134	1390

143	134	1388

151	134	1407

169	134	1426

140	135	1391

144	135	1389

151	135	1410

169	135	1425

141	136	1392

145	136	1392

146	136	1393

147	136	1427

150	136	1411

169	136	1425

141	137	1393

148	137	1423

149	137	1421

169	137	1425

142	138	1393

169	138	1396

142	139	1399

168	139	1432

143	140	1400

169	140	1384

143	141	1403

168	141	1429

143	142	1416

169	142	1418

143	143	1419

169	143	1425

181	143	1433

182	143	1434

183	143	1439

184	143	1439

144	144	1420

169	144	1425

176	144	1449

177	144	1442

178	144	1437

179	144	1433

180	144	1429

185	144	1443

144	145	1419

170	145	1430

174	145	1444

175	145	1437

185	145	1445

145	146	1409

171	146	1442

172	146	1447

173	146	1448

183	146	1436

184	146	1440

144	147	1400

181	147	1440

182	147	1444

144	148	1456

180	148	1439

144	149	1494

179	149	1440

144	150	1485

178	150	1444

145	151	1432

177	151	1440

145	152	1435

176	152	1438

146	153	1411

175	153	1435

145	154	1373

174	154	1434

146	155	1430

173	155	1438

146	156	1447

172	156	1435

147	157	1424

171	157	1434

147	158	1429

170	158	1436

148	159	1438

169	159	1443

147	160	1363

169	160	1455

147	161	1373

167	161	1451

168	161	1457

147	162	1419

166	162	1462

147	163	1442

165	163	1459

147	164	1441

165	164	1457

147	165	1438

164	165	1455

146	166	1446

164	166	1463

146	167	1426

164	167	1468

145	168	1425

163	168	1466

144	169	1443

163	169	1473

145	170	1432

163	170	1481

144	171	1439

163	171	1486

144	172	1433

162	172	1477

143	173	1447

162	173	1481

143	174	1445

162	174	1487

142	175	1440

161	175	1487

142	176	1439

161	176	1492

142	177	1441

161	177	1500

141	178	1457

161	178	1507

141	179	1448

160	179	1498

140	180	1458

160	180	1502

140	181	1457

160	181	1506

139	182	1459

159	182	1508

139	183	1447

158	183	1503

138	184	1471

139	184	1443

140	184	1440

141	184	1441

142	184	1440

143	184	1437

144	184	1435

145	184	1435

146	184	1436

147	184	1434

148	184	1433

149	184	1433

150	184	1435

151	184	1439

152	184	1444

153	184	1449

154	184	1455

155	184	1463

156	184	1475

157	184	1489

158	184	1512

