148	124	1376

149	124	1378

148	125	1377

150	125	1383

136	126	1370

137	126	1370

148	126	1377

150	126	1382

136	127	1371

137	127	1372

148	127	1377

150	127	1382

136	128	1370

137	128	1371

148	128	1378

150	128	1381

136	129	1373

138	129	1377

148	129	1377

150	129	1379

136	130	1373

138	130	1375

148	130	1375

150	130	1376

136	131	1372

138	131	1374

148	131	1375

150	131	1376

136	132	1371

139	132	1376

148	132	1376

150	132	1377

164	132	1379

165	132	1379

166	132	1384

136	133	1369

139	133	1374

147	133	1378

150	133	1380

164	133	1378

166	133	1383

137	134	1369

139	134	1375

147	134	1376

150	134	1383

163	134	1376

166	134	1385

137	135	1369

140	135	1377

147	135	1376

150	135	1386

162	135	1375

166	135	1387

137	136	1368

140	136	1375

147	136	1375

150	136	1385

161	136	1375

165	136	1384

123	137	1348

124	137	1349

125	137	1350

137	137	1369

141	137	1376

147	137	1377

150	137	1382

160	137	1378

165	137	1383

123	138	1350

126	138	1351

137	138	1373

142	138	1385

143	138	1398

147	138	1375

150	138	1380

160	138	1378

164	138	1382

124	139	1352

127	139	1355

138	139	1374

143	139	1390

146	139	1375

150	139	1382

158	139	1378

159	139	1379

164	139	1385

125	140	1353

128	140	1355

138	140	1374

143	140	1383

146	140	1376

150	140	1382

156	140	1377

157	140	1377

163	140	1384

125	141	1356

129	141	1357

138	141	1375

144	141	1387

145	141	1384

151	141	1389

155	141	1388

162	141	1383

126	142	1353

130	142	1355

138	142	1378

152	142	1416

153	142	1399

154	142	1392

162	142	1385

126	143	1359

131	143	1359

137	143	1405

161	143	1384

127	144	1359

132	144	1365

133	144	1369

134	144	1361

135	144	1381

136	144	1406

160	144	1382

127	145	1369

128	145	1365

159	145	1384

129	146	1365

158	146	1382

129	147	1374

158	147	1387

130	148	1376

157	148	1388

130	149	1381

156	149	1387

131	150	1406

132	150	1380

156	150	1392

133	151	1375

155	151	1385

132	152	1391

155	152	1386

132	153	1416

155	153	1382

133	154	1386

154	154	1377

133	155	1395

154	155	1375

133	156	1396

155	156	1381

133	157	1377

155	157	1381

133	158	1390

156	158	1381

133	159	1378

156	159	1380

134	160	1382

157	160	1377

134	161	1393

158	161	1378

159	161	1377

134	162	1403

160	162	1380

161	162	1383

134	163	1393

162	163	1383

163	163	1383

164	163	1384

165	163	1385

166	163	1386

167	163	1387

168	163	1386

169	163	1386

170	163	1385

171	163	1385

134	164	1401

172	164	1387

173	164	1392

134	165	1374

162	165	1381

163	165	1382

164	165	1383

173	165	1392

134	166	1411

159	166	1386

160	166	1384

161	166	1384

165	166	1389

166	166	1388

167	166	1389

168	166	1390

169	166	1390

170	166	1389

171	166	1386

172	166	1388

173	166	1392

174	166	1397

135	167	1398

156	167	1385

157	167	1387

158	167	1391

135	168	1390

153	168	1385

154	168	1390

155	168	1391

135	169	1366

151	169	1387

152	169	1389

135	170	1410

150	170	1403

135	171	1429

149	171	1433

135	172	1437

149	172	1452

135	173	1430

149	173	1457

135	174	1430

149	174	1463

135	175	1423

149	175	1469

135	176	1421

149	176	1476

135	177	1429

149	177	1480

135	178	1435

148	178	1469

135	179	1444

148	179	1473

135	180	1448

148	180	1476

134	181	1461

148	181	1476

134	182	1441

148	182	1478

134	183	1441

148	183	1485

134	184	1468

147	184	1476

135	185	1466

147	185	1483

135	186	1470

146	186	1478

135	187	1477

146	187	1482

135	188	1481

146	188	1485

136	189	1481

145	189	1483

137	190	1482

145	190	1486

138	191	1483

143	191	1483

144	191	1485

139	192	1486

140	192	1483

141	192	1484

142	192	1486

