210	146	1535

209	147	1531

211	147	1538

212	147	1553

221	147	1561

222	147	1564

205	148	1528

208	148	1517

212	148	1545

220	148	1555

223	148	1563

204	149	1527

206	149	1530

207	149	1509

209	149	1537

212	149	1541

220	149	1549

223	149	1553

204	150	1527

207	150	1538

209	150	1539

213	150	1546

220	150	1552

224	150	1577

204	151	1530

208	151	1538

209	151	1538

214	151	1557

220	151	1553

224	151	1572

205	152	1531

208	152	1540

210	152	1540

214	152	1550

216	152	1545

217	152	1551

220	152	1555

224	152	1572

204	153	1531

208	153	1542

210	153	1544

215	153	1509

217	153	1558

220	153	1557

224	153	1571

204	154	1533

208	154	1540

210	154	1540

217	154	1568

220	154	1557

224	154	1573

204	155	1506

208	155	1540

211	155	1546

217	155	1597

220	155	1559

224	155	1572

205	156	1537

209	156	1552

210	156	1511

217	156	1593

220	156	1560

224	156	1571

206	157	1535

217	157	1582

220	157	1561

224	157	1569

206	158	1536

217	158	1594

219	158	1539

224	158	1571

198	159	1524

199	159	1528

206	159	1540

217	159	1591

220	159	1560

224	159	1576

198	160	1526

200	160	1536

205	160	1548

217	160	1588

219	160	1531

224	160	1580

198	161	1528

201	161	1538

206	161	1544

218	161	1538

224	161	1584

198	162	1530

202	162	1542

206	162	1547

224	162	1588

199	163	1533

203	163	1551

204	163	1565

206	163	1554

224	163	1590

233	163	1584

234	163	1580

235	163	1597

199	164	1537

205	164	1572

224	164	1592

229	164	1653

231	164	1601

232	164	1570

236	164	1606

199	165	1544

224	165	1595

229	165	1626

231	165	1574

235	165	1563

200	166	1541

224	166	1592

228	166	1606

230	166	1590

235	166	1583

200	167	1542

224	167	1583

227	167	1634

229	167	1625

234	167	1568

201	168	1543

224	168	1576

229	168	1613

234	168	1583

201	169	1562

225	169	1586

226	169	1596

229	169	1583

233	169	1565

201	170	1564

226	170	1606

228	170	1582

233	170	1577

202	171	1581

227	171	1596

233	171	1598

203	172	1544

232	172	1573

203	173	1567

232	173	1583

203	174	1573

232	174	1595

204	175	1556

231	175	1570

204	176	1565

231	176	1579

204	177	1569

231	177	1588

205	178	1551

231	178	1609

204	179	1551

230	179	1586

205	180	1554

229	180	1577

206	181	1556

229	181	1603

206	182	1565

228	182	1590

206	183	1577

227	183	1584

207	184	1560

227	184	1609

207	185	1568

226	185	1605

208	186	1562

225	186	1612

209	187	1561

224	187	1619

209	188	1577

223	188	1623

210	189	1566

223	189	1653

210	190	1581

222	190	1627

210	191	1579

222	191	1637

211	192	1587

222	192	1647

211	193	1595

222	193	1660

211	194	1604

221	194	1641

211	195	1606

221	195	1650

211	196	1613

221	196	1658

211	197	1614

220	197	1642

211	198	1612

220	198	1647

211	199	1615

220	199	1653

211	200	1624

220	200	1661

211	201	1629

219	201	1653

211	202	1637

219	202	1659

211	203	1646

218	203	1654

211	204	1657

218	204	1660

211	205	1655

217	205	1659

211	206	1662

216	206	1657

212	207	1660

215	207	1660

213	208	1661

214	208	1663

