194	151	1628

195	151	1633

193	152	1632

196	152	1642

205	152	1638

206	152	1642

207	152	1642

190	153	1634

191	153	1637

192	153	1634

196	153	1639

205	153	1639

207	153	1645

189	154	1636

197	154	1641

205	154	1640

207	154	1645

189	155	1636

197	155	1639

205	155	1644

207	155	1648

189	156	1636

194	156	1641

198	156	1646

205	156	1645

207	156	1648

190	157	1633

193	157	1649

195	157	1641

198	157	1644

205	157	1647

207	157	1649

190	158	1633

194	158	1642

199	158	1643

205	158	1649

207	158	1647

190	159	1633

199	159	1642

206	159	1648

207	159	1648

190	160	1633

200	160	1648

205	160	1649

208	160	1653

191	161	1631

201	161	1659

204	161	1641

208	161	1658

190	162	1631

202	162	1675

203	162	1635

208	162	1660

190	163	1632

196	163	1650

202	163	1661

204	163	1651

208	163	1661

183	164	1630

184	164	1635

190	164	1654

195	164	1651

197	164	1653

203	164	1663

207	164	1656

183	165	1629

185	165	1635

190	165	1634

196	165	1657

207	165	1657

183	166	1632

185	166	1636

191	166	1640

207	166	1659

183	167	1636

186	167	1640

191	167	1648

207	167	1659

217	167	1689

218	167	1664

219	167	1664

220	167	1677

184	168	1638

187	168	1640

192	168	1653

207	168	1657

216	168	1696

220	168	1666

184	169	1636

188	169	1639

189	169	1637

190	169	1641

191	169	1661

207	169	1657

215	169	1714

220	169	1677

185	170	1638

208	170	1661

215	170	1671

219	170	1660

185	171	1654

208	171	1656

214	171	1684

219	171	1671

186	172	1666

209	172	1655

213	172	1726

219	172	1697

187	173	1669

210	173	1653

213	173	1694

218	173	1671

188	174	1644

211	174	1675

213	174	1670

218	174	1690

188	175	1634

212	175	1666

217	175	1667

189	176	1628

217	176	1680

189	177	1677

217	177	1696

190	178	1645

216	178	1667

190	179	1666

216	179	1681

190	180	1668

216	180	1699

190	181	1662

215	181	1676

191	182	1644

214	182	1665

192	183	1637

213	183	1660

191	184	1621

213	184	1682

192	185	1648

212	185	1671

192	186	1664

212	186	1701

193	187	1644

211	187	1695

193	188	1664

210	188	1702

194	189	1673

209	189	1708

195	190	1665

208	190	1701

195	191	1675

208	191	1710

196	192	1664

208	192	1718

197	193	1665

208	193	1727

197	194	1676

208	194	1734

197	195	1684

208	195	1738

197	196	1681

208	196	1741

198	197	1683

208	197	1746

198	198	1683

208	198	1750

197	199	1696

208	199	1752

197	200	1705

208	200	1751

197	201	1715

208	201	1753

198	202	1707

208	202	1752

198	203	1720

207	203	1738

198	204	1721

208	204	1754

198	205	1722

207	205	1745

198	206	1721

208	206	1754

198	207	1728

208	207	1754

198	208	1734

208	208	1754

198	209	1739

207	209	1749

199	210	1736

207	210	1749

199	211	1743

207	211	1750

199	212	1750

200	212	1742

201	212	1738

202	212	1735

203	212	1737

204	212	1742

205	212	1748

206	212	1749

207	212	1754

