166	132	1509

165	133	1510

167	133	1512

159	134	1507

160	134	1511

161	134	1513

165	134	1508

167	134	1511

159	135	1506

161	135	1513

165	135	1508

167	135	1511

158	136	1508

161	136	1515

165	136	1511

167	136	1512

158	137	1505

161	137	1514

165	137	1511

166	137	1513

158	138	1505

161	138	1519

164	138	1513

166	138	1515

175	138	1522

176	138	1524

177	138	1525

158	139	1504

160	139	1511

164	139	1512

166	139	1515

175	139	1523

177	139	1529

146	140	1511

147	140	1510

158	140	1507

160	140	1516

164	140	1512

166	140	1516

174	140	1522

177	140	1531

146	141	1509

147	141	1507

158	141	1506

161	141	1527

163	141	1514

166	141	1516

173	141	1521

176	141	1528

146	142	1508

148	142	1510

157	142	1507

162	142	1501

166	142	1515

173	142	1521

176	142	1531

146	143	1510

148	143	1510

157	143	1508

167	143	1519

172	143	1518

176	143	1530

147	144	1508

149	144	1515

157	144	1508

168	144	1518

171	144	1515

175	144	1526

147	145	1510

149	145	1511

157	145	1506

169	145	1534

170	145	1521

175	145	1529

147	146	1510

150	146	1510

157	146	1506

174	146	1524

148	147	1506

150	147	1509

157	147	1508

174	147	1526

148	148	1506

151	148	1513

156	148	1512

173	148	1520

148	149	1507

152	149	1515

153	149	1516

155	149	1528

173	149	1525

148	150	1509

154	150	1537

172	150	1523

149	151	1508

172	151	1529

148	152	1495

171	152	1529

148	153	1489

171	153	1530

149	154	1519

170	154	1525

148	155	1542

170	155	1527

149	156	1517

169	156	1527

149	157	1517

169	157	1529

149	158	1526

169	158	1529

150	159	1514

169	159	1525

176	159	1525

177	159	1529

178	159	1531

179	159	1532

180	159	1533

181	159	1534

182	159	1534

183	159	1537

184	159	1538

150	160	1512

170	160	1529

174	160	1538

175	160	1533

182	160	1535

183	160	1539

149	161	1499

171	161	1534

172	161	1536

173	161	1532

180	161	1534

181	161	1534

149	162	1535

179	162	1537

150	163	1526

177	163	1533

178	163	1542

150	164	1529

176	164	1533

150	165	1528

175	165	1537

150	166	1531

174	166	1534

150	167	1523

173	167	1535

150	168	1529

171	168	1530

172	168	1541

150	169	1535

170	169	1530

151	170	1534

169	170	1533

151	171	1544

168	171	1540

151	172	1550

166	172	1538

167	172	1546

151	173	1546

164	173	1538

165	173	1546

151	174	1543

163	174	1552

150	175	1557

163	175	1571

150	176	1555

162	176	1568

149	177	1561

162	177	1575

149	178	1564

162	178	1585

148	179	1589

162	179	1599

148	180	1592

161	180	1594

148	181	1593

161	181	1605

148	182	1589

161	182	1613

148	183	1586

160	183	1605

147	184	1597

159	184	1600

147	185	1585

159	185	1606

147	186	1607

158	186	1602

147	187	1606

158	187	1609

147	188	1604

158	188	1614

147	189	1607

157	189	1609

147	190	1608

157	190	1614

147	191	1611

156	191	1612

147	192	1612

155	192	1612

148	193	1613

154	193	1608

149	194	1614

150	194	1614

151	194	1612

152	194	1610

154	194	1612

153	195	1613

