175	115	1427

174	116	1424

176	116	1425

174	117	1426

177	117	1427

173	118	1426

177	118	1426

166	119	1412

167	119	1418

168	119	1426

173	119	1428

177	119	1428

184	119	1435

185	119	1436

165	120	1412

169	120	1435

173	120	1428

177	120	1431

183	120	1437

186	120	1442

165	121	1416

169	121	1436

173	121	1430

177	121	1434

182	121	1421

186	121	1444

165	122	1415

169	122	1437

173	122	1431

178	122	1447

182	122	1438

186	122	1445

165	123	1416

170	123	1476

173	123	1435

177	123	1434

182	123	1438

186	123	1443

165	124	1416

171	124	1431

172	124	1435

178	124	1450

182	124	1440

186	124	1445

165	125	1419

178	125	1449

182	125	1438

186	125	1449

165	126	1420

179	126	1468

181	126	1442

186	126	1451

165	127	1423

180	127	1448

186	127	1450

165	128	1425

186	128	1448

165	129	1426

186	129	1453

156	130	1406

157	130	1409

166	130	1425

186	130	1455

156	131	1408

158	131	1413

166	131	1426

186	131	1461

187	131	1419

156	132	1409

159	132	1416

166	132	1429

185	132	1454

156	133	1410

159	133	1418

166	133	1432

185	133	1454

156	134	1411

160	134	1423

166	134	1435

185	134	1458

157	135	1415

161	135	1426

162	135	1437

163	135	1463

166	135	1436

185	135	1463

157	136	1417

164	136	1464

165	136	1438

184	136	1457

157	137	1411

158	137	1418

184	137	1458

159	138	1420

184	138	1456

159	139	1424

184	139	1457

159	140	1432

184	140	1456

159	141	1451

183	141	1451

159	142	1453

184	142	1454

193	142	1475

194	142	1468

195	142	1465

196	142	1465

197	142	1463

198	142	1460

199	142	1462

160	143	1453

184	143	1455

192	143	1462

200	143	1462

161	144	1450

185	144	1459

190	144	1472

191	144	1460

200	144	1466

161	145	1452

186	145	1461

187	145	1478

188	145	1493

189	145	1473

199	145	1472

200	145	1482

161	146	1462

197	146	1468

198	146	1481

161	147	1445

196	147	1470

161	148	1457

195	148	1474

161	149	1464

194	149	1469

161	150	1456

193	150	1462

161	151	1480

192	151	1466

162	152	1456

191	152	1474

162	153	1455

190	153	1475

162	154	1464

189	154	1471

162	155	1474

187	155	1466

188	155	1471

163	156	1470

186	156	1468

164	157	1457

185	157	1470

164	158	1504

184	158	1472

164	159	1457

183	159	1478

163	160	1465

182	160	1492

163	161	1494

181	161	1500

162	162	1446

181	162	1496

162	163	1469

180	163	1493

162	164	1477

180	164	1500

161	165	1488

179	165	1498

161	166	1476

179	166	1501

161	167	1464

179	167	1510

161	168	1466

178	168	1504

161	169	1467

178	169	1512

160	170	1471

178	170	1515

160	171	1472

178	171	1520

159	172	1471

177	172	1515

159	173	1469

177	173	1519

158	174	1483

177	174	1525

158	175	1472

177	175	1533

158	176	1473

176	176	1532

157	177	1484

176	177	1541

156	178	1472

175	178	1534

156	179	1478

174	179	1530

155	180	1494

156	180	1484

157	180	1477

158	180	1473

159	180	1473

160	180	1474

161	180	1474

162	180	1471

163	180	1470

164	180	1472

165	180	1472

166	180	1473

167	180	1472

168	180	1476

169	180	1479

170	180	1485

171	180	1493

172	180	1504

173	180	1519

174	180	1538

