195	127	1391

196	127	1389

197	127	1394

194	128	1390

198	128	1397

190	129	1397

191	129	1394

194	129	1387

199	129	1407

208	129	1409

209	129	1421

188	130	1350

189	130	1381

192	130	1382

193	130	1393

199	130	1394

207	130	1402

210	130	1420

187	131	1375

200	131	1394

207	131	1395

210	131	1402

188	132	1381

200	132	1398

207	132	1395

211	132	1423

189	133	1373

201	133	1413

206	133	1397

211	133	1423

189	134	1374

202	134	1464

206	134	1408

211	134	1422

187	135	1390

188	135	1405

202	135	1426

204	135	1428

205	135	1438

211	135	1421

188	136	1409

203	136	1424

205	136	1428

211	136	1418

189	137	1394

204	137	1402

206	137	1407

212	137	1446

190	138	1383

203	138	1426

206	138	1391

212	138	1430

213	138	1452

182	139	1369

183	139	1376

190	139	1384

203	139	1440

206	139	1401

211	139	1413

181	140	1363

184	140	1377

190	140	1385

204	140	1453

205	140	1422

211	140	1418

181	141	1363

184	141	1370

190	141	1385

211	141	1420

181	142	1360

185	142	1377

190	142	1393

204	142	1424

205	142	1420

212	142	1439

181	143	1365

185	143	1371

190	143	1396

203	143	1419

206	143	1403

212	143	1432

181	144	1361

186	144	1381

190	144	1393

203	144	1421

206	144	1403

212	144	1449

182	145	1368

187	145	1393

191	145	1381

203	145	1415

206	145	1402

211	145	1435

182	146	1370

188	146	1406

191	146	1386

203	146	1408

205	146	1411

211	146	1440

220	146	1421

221	146	1396

222	146	1397

223	146	1414

224	146	1481

183	147	1368

188	147	1395

191	147	1388

204	147	1399

210	147	1419

219	147	1411

223	147	1418

183	148	1374

189	148	1400

190	148	1412

210	148	1419

217	148	1464

218	148	1414

222	148	1399

184	149	1369

210	149	1421

217	149	1429

222	149	1407

184	150	1370

210	150	1417

216	150	1458

222	150	1418

184	151	1369

211	151	1446

215	151	1481

222	151	1434

184	152	1422

211	152	1437

213	152	1480

214	152	1470

221	152	1400

185	153	1389

211	153	1434

213	153	1448

214	153	1459

221	153	1407

185	154	1408

212	154	1444

215	154	1449

221	154	1416

186	155	1405

212	155	1443

215	155	1418

221	155	1431

186	156	1427

213	156	1448

214	156	1442

220	156	1400

186	157	1455

220	157	1411

187	158	1403

220	158	1424

187	159	1380

219	159	1396

187	160	1389

219	160	1404

188	161	1377

219	161	1414

187	162	1443

219	162	1429

188	163	1395

218	163	1410

188	164	1447

218	164	1436

188	165	1464

217	165	1428

188	166	1383

216	166	1420

189	167	1402

215	167	1413

188	168	1463

214	168	1407

189	169	1429

214	169	1433

189	170	1443

213	170	1424

189	171	1438

212	171	1422

190	172	1434

211	172	1427

190	173	1448

210	173	1430

191	174	1442

209	174	1424

192	175	1412

209	175	1437

192	176	1400

209	176	1449

191	177	1430

209	177	1459

192	178	1421

193	178	1412

209	178	1468

194	179	1403

209	179	1481

194	180	1412

208	180	1448

193	181	1479

208	181	1454

194	182	1431

208	182	1455

192	183	1407

193	183	1466

208	183	1456

192	184	1420

194	184	1446

208	184	1459

194	185	1430

208	185	1465

193	186	1478

208	186	1469

193	187	1473

208	187	1470

193	188	1476

208	188	1472

192	189	1424

208	189	1474

193	190	1433

208	190	1474

192	191	1447

194	191	1427

208	191	1476

192	192	1419

193	192	1435

208	192	1475

192	193	1419

208	193	1478

192	194	1445

208	194	1476

193	195	1468

208	195	1476

192	196	1473

194	196	1434

208	196	1474

193	197	1442

194	197	1440

195	197	1445

196	197	1441

197	197	1437

198	197	1434

199	197	1436

200	197	1437

201	197	1441

202	197	1444

203	197	1448

204	197	1449

205	197	1453

206	197	1459

207	197	1467

208	197	1475

