165	159	1905

166	159	1913

158	160	1914

165	160	1898

166	160	1908

157	161	1923

159	161	1915

165	161	1899

166	161	1907

157	162	1921

159	162	1915

164	162	1908

166	162	1907

157	163	1925

159	163	1916

165	163	1898

166	163	1907

158	164	1904

159	164	1910

165	164	1900

166	164	1907

177	164	1939

158	165	1905

159	165	1907

165	165	1905

166	165	1907

176	165	1926

177	165	1934

149	166	1929

158	166	1904

160	166	1916

165	166	1906

166	166	1908

175	166	1925

177	166	1937

148	167	1923

150	167	1914

158	167	1909

160	167	1914

164	167	1909

166	167	1907

175	167	1920

177	167	1946

149	168	1908

151	168	1920

158	168	1911

161	168	1932

164	168	1901

166	168	1904

174	168	1919

176	168	1931

149	169	1923

151	169	1909

158	169	1916

161	169	1916

163	169	1916

166	169	1903

173	169	1925

176	169	1947

150	170	1914

152	170	1910

158	170	1921

162	170	1936

166	170	1909

172	170	1927

175	170	1931

151	171	1910

153	171	1911

159	171	1907

167	171	1946

171	171	1921

175	171	1945

151	172	1933

154	172	1910

159	172	1909

167	172	1936

170	172	1914

174	172	1934

152	173	1922

155	173	1908

158	173	1925

168	173	1917

169	173	1910

173	173	1925

153	174	1910

156	174	1903

157	174	1912

172	174	1920

153	175	1924

172	175	1937

154	176	1916

171	176	1928

154	177	1933

171	177	1937

155	178	1912

170	178	1917

154	179	1961

170	179	1924

155	180	1912

170	180	1927

155	181	1913

169	181	1907

155	182	1914

170	182	1919

155	183	1920

170	183	1913

155	184	1921

171	184	1920

155	185	1925

172	185	1924

155	186	1931

173	186	1918

174	186	1928

155	187	1939

175	187	1917

176	187	1922

177	187	1918

178	187	1922

179	187	1925

180	187	1930

155	188	1948

175	188	1921

176	188	1924

177	188	1920

178	188	1920

179	188	1920

180	188	1926

181	188	1930

182	188	1936

183	188	1956

155	189	1975

170	189	1914

171	189	1922

172	189	1923

173	189	1926

174	189	1932

156	190	1957

168	190	1915

169	190	1923

155	191	1981

166	191	1929

167	191	1931

154	192	1994

165	192	1985

154	193	1984

164	193	1995

154	194	1976

163	194	1972

153	195	1997

163	195	1991

153	196	1988

162	196	1968

153	197	1989

162	197	1979

153	198	1985

162	198	1989

153	199	1986

161	199	1976

153	200	1983

161	200	1992

152	201	1998

160	201	1985

152	202	1993

160	202	1995

152	203	1995

159	203	1988

152	204	1999

159	204	1991

152	205	1998

159	205	1996

152	206	2000

158	206	1994

152	207	2000

157	207	1990

153	208	2000

157	208	1996

154	209	1998

156	209	1995

155	210	2001

156	210	2001

