174	158	1997

175	158	2000

173	159	2001

175	159	1983

169	160	1965

170	160	1971

171	160	2009

173	160	1985

175	160	1979

169	161	1965

171	161	2059

173	161	1974

175	161	1976

169	162	1964

170	162	1969

173	162	1971

174	162	1964

168	163	1968

170	163	1969

172	163	2012

174	163	1959

182	163	1983

183	163	1991

168	164	1963

170	164	1969

172	164	1999

174	164	1963

181	164	1988

183	164	1984

159	165	1993

168	165	1959

170	165	1969

172	165	1973

174	165	1964

180	165	1999

182	165	1979

158	166	2003

160	166	1987

168	166	1961

170	166	1970

172	166	1970

174	166	1968

180	166	1978

182	166	1981

159	167	1984

160	167	1981

167	167	1977

171	167	1987

174	167	1968

179	167	1979

182	167	1990

159	168	1990

161	168	1983

168	168	1960

174	168	1968

178	168	1994

181	168	1974

159	169	2021

161	169	1974

167	169	1971

174	169	1967

178	169	1978

181	169	1982

160	170	1982

162	170	1977

167	170	1975

174	170	1972

177	170	1986

180	170	1974

160	171	2002

163	171	1977

167	171	1976

174	171	1973

176	171	1994

180	171	1986

161	172	1980

164	172	1973

166	172	1980

175	172	1972

179	172	1980

161	173	1987

165	173	1969

178	173	1975

162	174	1974

178	174	1982

162	175	1983

177	175	1973

162	176	1988

177	176	1975

162	177	1994

177	177	1980

162	178	2002

177	178	1978

162	179	2001

177	179	1978

184	179	1993

185	179	1995

186	179	1995

187	179	2004

188	179	2020

162	180	2004

177	180	1972

182	180	1985

183	180	1979

186	180	1997

187	180	2009

162	181	2011

178	181	1974

179	181	1983

180	181	1983

181	181	1979

184	181	1981

185	181	2000

163	182	1978

183	182	1985

163	183	1981

181	183	1981

182	183	1998

163	184	1982

180	184	1977

163	185	1987

179	185	1980

163	186	1993

178	186	1988

163	187	2005

177	187	1989

163	188	2031

175	188	1985

176	188	2010

163	189	2033

174	189	2005

162	190	2051

172	190	2009

173	190	2031

162	191	2021

171	191	2015

161	192	2054

171	192	2025

161	193	2032

170	193	2009

161	194	2030

170	194	2028

160	195	2053

169	195	2022

160	196	2038

169	196	2038

160	197	2029

169	197	2053

159	198	2053

168	198	2035

159	199	2048

168	199	2050

159	200	2042

167	200	2033

158	201	2063

167	201	2044

158	202	2049

167	202	2058

158	203	2043

166	203	2039

157	204	2059

166	204	2050

157	205	2052

158	205	2037

159	205	2033

160	205	2028

161	205	2025

162	205	2026

163	205	2029

164	205	2032

165	205	2040

166	205	2060

