195	130	1409

196	130	1407

197	130	1409

198	130	1415

190	131	1435

191	131	1444

194	131	1407

199	131	1419

190	132	1412

192	132	1410

193	132	1414

200	132	1428

208	132	1439

209	132	1432

210	132	1436

190	133	1405

201	133	1420

208	133	1425

211	133	1437

190	134	1403

201	134	1428

207	134	1419

211	134	1429

190	135	1405

202	135	1448

203	135	1482

205	135	1479

206	135	1453

212	135	1444

189	136	1412

203	136	1443

204	136	1488

212	136	1448

189	137	1423

202	137	1432

205	137	1428

206	137	1464

212	137	1445

190	138	1407

203	138	1429

207	138	1432

213	138	1460

191	139	1403

196	139	1421

204	139	1427

207	139	1425

213	139	1466

191	140	1402

195	140	1412

197	140	1420

205	140	1465

207	140	1434

212	140	1440

191	141	1404

195	141	1411

198	141	1413

206	141	1449

212	141	1443

183	142	1390

191	142	1402

196	142	1423

198	142	1417

205	142	1455

206	142	1442

212	142	1443

182	143	1383

184	143	1394

191	143	1397

196	143	1418

198	143	1421

204	143	1447

207	143	1428

213	143	1468

182	144	1387

185	144	1403

191	144	1401

197	144	1408

204	144	1447

207	144	1430

213	144	1464

182	145	1390

186	145	1401

191	145	1410

204	145	1449

207	145	1428

212	145	1453

182	146	1390

186	146	1402

191	146	1415

204	146	1446

207	146	1426

212	146	1464

183	147	1391

187	147	1406

192	147	1408

204	147	1443

207	147	1423

212	147	1467

183	148	1392

187	148	1402

192	148	1407

204	148	1435

206	148	1411

211	148	1440

223	148	1435

224	148	1435

225	148	1454

184	149	1391

188	149	1406

189	149	1423

192	149	1366

205	149	1429

211	149	1441

221	149	1449

222	149	1420

225	149	1455

184	150	1392

190	150	1434

192	150	1416

211	150	1443

217	150	1483

219	150	1498

220	150	1447

224	150	1429

185	151	1390

191	151	1444

211	151	1444

217	151	1510

219	151	1459

224	151	1445

185	152	1393

211	152	1446

218	152	1470

223	152	1423

185	153	1395

211	153	1443

217	153	1478

223	153	1435

185	154	1414

211	154	1438

217	154	1488

223	154	1448

186	155	1433

212	155	1449

217	155	1465

223	155	1460

186	156	1443

213	156	1461

214	156	1494

216	156	1497

222	156	1427

187	157	1443

215	157	1490

222	157	1440

188	158	1433

222	158	1456

188	159	1448

221	159	1430

188	160	1487

221	160	1439

189	161	1411

221	161	1455

188	162	1398

220	162	1425

188	163	1407

220	163	1436

189	164	1427

220	164	1451

189	165	1452

219	165	1433

190	166	1416

219	166	1454

190	167	1427

218	167	1448

190	168	1435

217	168	1443

191	169	1401

216	169	1435

191	170	1407

215	170	1428

190	171	1478

215	171	1456

191	172	1472

214	172	1451

191	173	1443

193	173	1409

213	173	1449

192	174	1434

194	174	1410

212	174	1454

193	175	1475

211	175	1454

194	176	1460

211	176	1477

194	177	1480

211	177	1493

194	178	1436

211	178	1503

194	179	1421

195	179	1427

210	179	1468

196	180	1423

210	180	1477

195	181	1484

210	181	1482

195	182	1507

210	182	1490

196	183	1440

210	183	1490

195	184	1501

210	184	1494

194	185	1507

196	185	1481

210	185	1492

195	186	1493

210	186	1497

195	187	1497

210	187	1503

196	188	1440

210	188	1506

196	189	1441

210	189	1503

195	190	1463

210	190	1501

195	191	1459

210	191	1502

196	192	1427

210	192	1504

194	193	1423

196	193	1469

210	193	1506

195	194	1462

197	194	1450

210	194	1505

196	195	1455

210	195	1504

195	196	1478

210	196	1502

195	197	1501

210	197	1501

195	198	1509

211	198	1510

195	199	1479

196	199	1483

197	199	1463

198	199	1462

199	199	1462

200	199	1463

201	199	1463

202	199	1466

203	199	1467

204	199	1470

205	199	1474

206	199	1480

207	199	1485

208	199	1489

209	199	1492

210	199	1499

211	199	1509

