155	130	1533

156	130	1534

144	131	1526

145	131	1530

155	131	1533

156	131	1534

144	132	1522

145	132	1525

155	132	1533

156	132	1535

144	133	1523

145	133	1523

155	133	1532

156	133	1534

144	134	1521

145	134	1520

155	134	1529

156	134	1533

144	135	1524

146	135	1532

154	135	1533

156	135	1533

144	136	1523

146	136	1526

154	136	1533

156	136	1533

144	137	1524

146	137	1522

154	137	1532

156	137	1533

144	138	1522

146	138	1519

154	138	1529

156	138	1529

170	138	1523

171	138	1523

144	139	1522

147	139	1523

153	139	1533

156	139	1529

169	139	1523

171	139	1522

132	140	1496

133	140	1497

145	140	1520

147	140	1525

152	140	1541

156	140	1531

167	140	1532

168	140	1528

171	140	1527

132	141	1497

134	141	1498

144	141	1528

147	141	1524

152	141	1530

156	141	1535

165	141	1553

166	141	1530

170	141	1528

132	142	1499

135	142	1503

144	142	1527

148	142	1531

151	142	1541

156	142	1534

165	142	1529

170	142	1534

132	143	1510

136	143	1508

144	143	1527

149	143	1503

151	143	1539

156	143	1534

163	143	1554

164	143	1530

169	143	1533

133	144	1503

136	144	1504

144	144	1532

150	144	1544

156	144	1534

162	144	1537

168	144	1531

133	145	1500

137	145	1505

145	145	1525

156	145	1535

160	145	1524

161	145	1523

167	145	1526

134	146	1519

138	146	1509

139	146	1514

144	146	1534

157	146	1513

158	146	1511

159	146	1528

167	146	1530

135	147	1518

140	147	1514

143	147	1546

166	147	1531

136	148	1512

141	148	1514

142	148	1518

165	148	1530

136	149	1523

164	149	1530

137	150	1532

163	150	1534

138	151	1520

162	151	1533

139	152	1527

161	152	1533

139	153	1535

161	153	1539

139	154	1534

160	154	1534

140	155	1523

160	155	1539

139	156	1532

159	156	1529

140	157	1523

159	157	1528

140	158	1522

159	158	1526

140	159	1528

159	159	1521

140	160	1532

159	160	1521

141	161	1525

160	161	1524

141	162	1524

160	162	1519

141	163	1529

161	163	1520

162	163	1524

141	164	1532

163	164	1523

164	164	1524

141	165	1533

165	165	1521

166	165	1522

141	166	1534

167	166	1523

168	166	1524

169	166	1525

170	166	1527

171	166	1525

172	166	1526

141	167	1546

173	167	1527

174	167	1538

141	168	1567

160	168	1517

161	168	1519

162	168	1524

163	168	1528

164	168	1530

165	168	1528

166	168	1530

167	168	1531

171	168	1531

175	168	1544

141	169	1567

157	169	1527

158	169	1529

159	169	1528

168	169	1541

169	169	1538

170	169	1539

172	169	1534

173	169	1531

174	169	1535

175	169	1542

141	170	1558

155	170	1533

156	170	1539

140	171	1551

154	171	1556

140	172	1554

153	172	1578

139	173	1564

152	173	1574

139	174	1566

152	174	1584

139	175	1561

152	175	1599

138	176	1572

152	176	1612

138	177	1577

152	177	1620

139	178	1573

151	178	1603

138	179	1586

151	179	1606

137	180	1594

151	180	1614

137	181	1593

151	181	1620

137	182	1595

150	182	1609

137	183	1593

150	183	1613

136	184	1605

150	184	1624

136	185	1603

149	185	1618

136	186	1607

149	186	1624

135	187	1620

148	187	1612

135	188	1622

148	188	1615

135	189	1618

148	189	1623

135	190	1617

147	190	1619

135	191	1617

147	191	1627

135	192	1622

146	192	1622

135	193	1624

146	193	1627

136	194	1620

145	194	1622

136	195	1621

145	195	1623

136	196	1623

137	196	1619

138	196	1619

139	196	1620

140	196	1620

141	196	1618

142	196	1616

143	196	1617

144	196	1619

145	196	1627

