173	159	2010

174	159	2018

167	160	2000

168	160	1996

173	160	1994

174	160	2005

167	161	1990

168	161	1989

173	161	1991

174	161	2003

166	162	2022

169	162	2005

173	162	1991

174	162	2001

166	163	2018

169	163	2027

172	163	1995

174	163	1997

166	164	2016

169	164	2017

172	164	1989

173	164	1985

181	164	2014

182	164	2013

166	165	2007

169	165	2013

171	165	2035

173	165	1983

181	165	2005

182	165	2011

156	166	2017

157	166	2016

166	166	2001

169	166	2004

172	166	1982

173	166	1982

180	166	2008

182	166	2015

156	167	1998

158	167	2003

166	167	2000

169	167	2002

171	167	1987

173	167	1982

179	167	2007

182	167	2029

156	168	2027

158	168	1993

166	168	1997

169	168	1999

171	168	1988

173	168	1988

179	168	1997

181	168	2009

157	169	2002

159	169	2000

166	169	1994

170	169	2006

174	169	2035

178	169	1999

181	169	2015

158	170	1993

160	170	2007

166	170	1990

173	170	1996

177	170	1996

180	170	1997

158	171	2005

161	171	2011

166	171	1989

173	171	1998

177	171	1986

179	171	1989

159	172	1996

162	172	2004

165	172	2026

174	172	2009

175	172	2002

176	172	1989

179	172	2001

159	173	2012

163	173	1996

164	173	2009

178	173	2003

160	174	1992

177	174	1995

160	175	2022

177	175	2004

161	176	2004

176	176	1989

161	177	2013

176	177	1996

161	178	2016

176	178	2002

161	179	2024

176	179	2002

161	180	2029

176	180	1995

184	180	2009

185	180	2013

186	180	2019

187	180	2038

162	181	1987

177	181	2019

181	181	2002

182	181	1997

183	181	1999

186	181	2018

187	181	2043

162	182	1986

178	182	1991

179	182	1992

180	182	1989

183	182	2002

184	182	2013

185	182	2030

162	183	1994

182	183	2007

162	184	2000

180	184	2002

181	184	2028

162	185	2005

179	185	2007

162	186	2010

178	186	2006

162	187	2022

176	187	1997

177	187	2012

162	188	2043

174	188	1997

175	188	2013

162	189	2048

173	189	2012

161	190	2069

172	190	2028

161	191	2048

171	191	2048

161	192	2037

170	192	2037

160	193	2052

170	193	2058

160	194	2038

169	194	2039

159	195	2069

169	195	2059

159	196	2046

169	196	2081

159	197	2041

168	197	2055

158	198	2077

168	198	2071

158	199	2071

167	199	2051

158	200	2066

167	200	2067

157	201	2081

166	201	2052

157	202	2069

166	202	2065

157	203	2059

166	203	2078

156	204	2074

165	204	2058

156	205	2067

165	205	2061

156	206	2062

165	206	2070

156	207	2060

157	207	2053

158	207	2048

159	207	2044

160	207	2042

161	207	2043

162	207	2046

163	207	2048

164	207	2057

165	207	2081

