149	126	1417

150	126	1418

137	127	1404

138	127	1408

149	127	1415

151	127	1418

137	128	1405

139	128	1411

149	128	1413

151	128	1416

137	129	1406

139	129	1409

149	129	1415

151	129	1414

137	130	1407

139	130	1410

149	130	1415

151	130	1413

137	131	1406

139	131	1408

149	131	1415

151	131	1415

138	132	1407

140	132	1411

149	132	1413

151	132	1416

138	133	1405

140	133	1408

148	133	1412

151	133	1418

165	133	1413

166	133	1412

167	133	1413

138	134	1405

140	134	1406

148	134	1413

151	134	1418

165	134	1415

167	134	1417

138	135	1404

141	135	1408

148	135	1411

151	135	1416

164	135	1412

167	135	1422

138	136	1407

141	136	1406

148	136	1412

151	136	1418

163	136	1411

166	136	1420

125	137	1383

126	137	1384

139	137	1407

141	137	1407

148	137	1411

151	137	1418

161	137	1402

162	137	1408

166	137	1423

125	138	1385

127	138	1387

139	138	1407

142	138	1410

144	138	1373

148	138	1412

151	138	1418

160	138	1398

165	138	1420

125	139	1388

128	139	1391

139	139	1407

143	139	1417

147	139	1411

151	139	1416

160	139	1411

164	139	1415

126	140	1388

129	140	1393

139	140	1408

144	140	1415

146	140	1407

151	140	1417

158	140	1415

159	140	1413

164	140	1418

126	141	1391

130	141	1396

139	141	1411

145	141	1413

152	141	1408

157	141	1420

163	141	1415

127	142	1387

131	142	1395

140	142	1413

152	142	1422

155	142	1418

156	142	1412

163	142	1417

128	143	1390

132	143	1396

139	143	1418

153	143	1430

154	143	1420

162	143	1415

128	144	1392

133	144	1399

138	144	1440

161	144	1419

129	145	1391

134	145	1400

135	145	1403

136	145	1409

137	145	1420

160	145	1420

129	146	1398

130	146	1399

159	146	1423

131	147	1407

159	147	1431

131	148	1432

158	148	1429

132	149	1422

157	149	1423

132	150	1407

157	150	1425

133	151	1426

156	151	1421

133	152	1448

156	152	1423

133	153	1449

155	153	1418

133	154	1432

155	154	1416

134	155	1417

155	155	1415

135	156	1417

155	156	1414

134	157	1436

155	157	1413

135	158	1419

156	158	1415

135	159	1420

156	159	1414

135	160	1422

157	160	1415

135	161	1422

158	161	1414

159	161	1414

136	162	1415

160	162	1411

161	162	1415

135	163	1433

162	163	1418

163	163	1418

164	163	1418

165	163	1416

166	163	1416

167	163	1418

168	163	1420

169	163	1422

170	163	1422

135	164	1446

171	164	1425

172	164	1428

135	165	1472

173	165	1432

135	166	1480

159	166	1417

160	166	1418

161	166	1421

162	166	1420

163	166	1422

164	166	1421

165	166	1425

166	166	1424

167	166	1425

168	166	1423

169	166	1425

170	166	1425

171	166	1427

172	166	1430

173	166	1434

136	167	1464

156	167	1420

157	167	1420

158	167	1419

137	168	1442

153	168	1418

154	168	1420

155	168	1422

136	169	1462

151	169	1424

152	169	1428

136	170	1449

150	170	1441

136	171	1452

150	171	1476

136	172	1455

149	172	1480

135	173	1468

149	173	1485

135	174	1435

149	174	1489

135	175	1476

149	175	1494

135	176	1469

149	176	1499

135	177	1475

149	177	1505

135	178	1470

149	178	1508

135	179	1472

149	179	1513

135	180	1478

149	180	1520

135	181	1485

148	181	1510

134	182	1502

148	182	1516

134	183	1508

147	183	1504

134	184	1505

147	184	1510

134	185	1494

147	185	1516

134	186	1508

146	186	1513

134	187	1517

146	187	1517

135	188	1516

146	188	1520

135	189	1517

145	189	1516

135	190	1518

145	190	1520

136	191	1514

137	191	1513

144	191	1516

138	192	1519

139	192	1517

144	192	1520

140	193	1520

141	193	1518

142	193	1519

143	193	1520

