175	156	1871

176	156	1876

170	157	1874

171	157	1878

175	157	1867

176	157	1874

170	158	1868

171	158	1871

175	158	1870

176	158	1876

169	159	1873

171	159	1871

174	159	1872

176	159	1876

169	160	1868

171	160	1871

174	160	1868

175	160	1866

183	160	1886

184	160	1890

169	161	1863

171	161	1872

173	161	1886

175	161	1864

183	161	1879

184	161	1884

168	162	1872

172	162	1916

175	162	1867

182	162	1880

184	162	1882

160	163	1881

168	163	1870

171	163	1876

173	163	1879

175	163	1867

181	163	1892

184	163	1893

160	164	1875

161	164	1881

168	164	1870

172	164	1891

175	164	1868

181	164	1878

183	164	1882

160	165	1874

161	165	1878

168	165	1869

175	165	1871

180	165	1879

183	165	1887

160	166	1879

162	166	1889

168	166	1869

175	166	1873

180	166	1873

182	166	1879

160	167	1888

162	167	1878

168	167	1868

175	167	1879

179	167	1881

182	167	1887

160	168	1914

163	168	1886

168	168	1870

176	168	1909

179	168	1871

182	168	1897

161	169	1883

163	169	1874

168	169	1874

177	169	1911

178	169	1875

181	169	1881

161	170	1893

164	170	1873

165	170	1914

167	170	1897

180	170	1874

162	171	1876

166	171	1889

180	171	1890

162	172	1882

179	172	1885

163	173	1875

179	173	1893

163	174	1876

179	174	1899

163	175	1877

178	175	1884

163	176	1879

178	176	1888

163	177	1880

178	177	1889

186	177	1896

187	177	1896

188	177	1898

189	177	1908

190	177	1922

163	178	1879

179	178	1910

183	178	1903

184	178	1896

185	178	1890

188	178	1897

189	178	1913

163	179	1885

180	179	1911

181	179	1898

182	179	1888

187	179	1898

163	180	1889

185	180	1896

186	180	1902

163	181	1893

184	181	1901

163	182	1900

182	182	1885

183	182	1903

163	183	1908

181	183	1883

164	184	1885

180	184	1878

164	185	1890

179	185	1885

164	186	1901

178	186	1898

164	187	1918

177	187	1906

164	188	1931

175	188	1899

176	188	1918

163	189	1953

174	189	1917

163	190	1939

173	190	1937

162	191	1957

172	191	1926

162	192	1943

172	192	1939

162	193	1934

171	193	1936

161	194	1959

171	194	1950

161	195	1949

171	195	1966

161	196	1945

170	196	1952

161	197	1945

169	197	1942

160	198	1966

169	198	1954

160	199	1959

168	199	1947

160	200	1952

168	200	1957

160	201	1949

168	201	1966

159	202	1962

167	202	1958

159	203	1961

166	203	1957

159	204	1958

166	204	1967

159	205	1961

165	205	1962

159	206	1962

165	206	1965

159	207	1966

160	207	1963

161	207	1959

162	207	1955

163	207	1956

164	207	1961

