201	128	1233

202	128	1218

203	128	1219

204	128	1232

201	129	1218

205	129	1232

200	130	1236

205	130	1223

215	130	1245

216	130	1235

217	130	1247

197	131	1238

198	131	1225

199	131	1230

206	131	1239

214	131	1259

218	131	1250

193	132	1261

194	132	1301

195	132	1257

196	132	1225

206	132	1231

214	132	1240

218	132	1242

192	133	1260

207	133	1264

214	133	1238

219	133	1275

192	134	1294

207	134	1250

214	134	1239

219	134	1260

193	135	1317

208	135	1290

214	135	1242

219	135	1259

193	136	1283

208	136	1258

214	136	1244

219	136	1265

193	137	1292

209	137	1301

210	137	1333

213	137	1284

219	137	1270

193	138	1285

194	138	1293

210	138	1330

212	138	1350

219	138	1271

195	139	1289

209	139	1275

213	139	1265

219	139	1272

191	140	1237

192	140	1243

193	140	1278

196	140	1236

209	140	1269

213	140	1277

219	140	1277

190	141	1223

193	141	1235

196	141	1242

210	141	1322

213	141	1269

219	141	1279

190	142	1216

194	142	1257

196	142	1250

211	142	1331

212	142	1308

219	142	1280

189	143	1230

195	143	1304

211	143	1330

219	143	1282

189	144	1227

210	144	1304

212	144	1289

219	144	1288

189	145	1227

209	145	1259

213	145	1257

219	145	1307

189	146	1234

209	146	1263

213	146	1257

218	146	1281

190	147	1223

209	147	1263

212	147	1286

218	147	1297

190	148	1227

210	148	1301

211	148	1326

217	148	1275

190	149	1233

217	149	1283

190	150	1243

217	150	1290

191	151	1231

217	151	1292

227	151	1281

228	151	1269

229	151	1269

230	151	1292

191	152	1233

217	152	1296

226	152	1264

230	152	1270

191	153	1240

217	153	1295

225	153	1267

230	153	1280

191	154	1249

217	154	1296

224	154	1274

229	154	1261

191	155	1254

217	155	1292

223	155	1282

229	155	1280

191	156	1275

217	156	1293

223	156	1269

228	156	1258

192	157	1252

217	157	1289

223	157	1266

228	157	1273

191	158	1327

217	158	1284

222	158	1296

228	158	1290

192	159	1270

218	159	1301

222	159	1275

227	159	1272

191	160	1332

218	160	1287

221	160	1297

227	160	1287

192	161	1293

219	161	1300

220	161	1325

227	161	1308

190	162	1348

191	162	1328

226	162	1279

191	163	1323

226	163	1288

190	164	1348

192	164	1299

226	164	1298

192	165	1322

226	165	1311

190	166	1331

192	166	1338

225	166	1276

190	167	1311

191	167	1320

192	167	1334

225	167	1286

191	168	1339

193	168	1283

225	168	1298

191	169	1332

192	169	1345

224	169	1280

191	170	1318

192	170	1352

224	170	1302

193	171	1332

223	171	1289

193	172	1311

223	172	1315

193	173	1318

222	173	1301

193	174	1299

221	174	1291

193	175	1344

220	175	1288

193	176	1336

194	176	1352

195	176	1306

220	176	1319

196	177	1292

218	177	1293

219	177	1319

195	178	1328

217	178	1304

195	179	1340

196	179	1341

216	179	1320

197	180	1351

215	180	1334

198	181	1316

214	181	1332

198	182	1321

214	182	1353

197	183	1336

213	183	1335

197	184	1323

213	184	1349

197	185	1340

212	185	1338

196	186	1341

212	186	1349

196	187	1335

211	187	1337

196	188	1330

211	188	1348

195	189	1336

210	189	1340

193	190	1339

195	190	1339

210	190	1347

195	191	1342

210	191	1352

193	192	1351

195	192	1340

209	192	1344

194	193	1347

209	193	1350

194	194	1345

208	194	1344

194	195	1350

195	195	1349

207	195	1344

193	196	1348

196	196	1349

206	196	1350

192	197	1350

197	197	1346

205	197	1350

197	198	1348

204	198	1351

191	199	1342

198	199	1349

202	199	1350

203	199	1351

199	200	1349

200	200	1349

201	200	1351

190	204	1320

190	205	1332

