169	159	2022

170	159	2030

169	160	2009

171	160	2038

161	161	1999

162	161	2006

169	161	2003

170	161	2005

161	162	2002

163	162	2021

169	162	2002

170	162	2001

161	163	2004

163	163	2007

169	163	1998

171	163	2003

161	164	2013

163	164	2001

169	164	1997

171	164	2000

181	164	2034

161	165	2021

164	165	2035

169	165	1995

171	165	1998

180	165	2023

181	165	2015

162	166	1992

164	166	2007

168	166	2031

171	166	1998

180	166	2010

181	166	2012

153	167	2006

154	167	2004

162	167	1998

164	167	2000

168	167	2030

171	167	1999

179	167	2012

181	167	2016

153	168	1994

155	168	1994

162	168	2006

164	168	1994

168	168	2008

171	168	1999

178	168	2007

180	168	2006

153	169	2015

156	169	1999

162	169	2013

165	169	1999

168	169	2002

171	169	2000

177	169	2009

180	169	2012

154	170	2003

157	170	2016

162	170	2035

166	170	2009

168	170	2001

170	170	1985

177	170	1995

179	170	2000

155	171	1993

158	171	2022

163	171	1988

167	171	1996

171	171	2000

175	171	2014

176	171	1993

179	171	2015

156	172	1986

159	172	2007

163	172	1997

172	172	2020

173	172	2030

174	172	2004

178	172	2001

157	173	1984

160	173	1990

163	173	1996

177	173	1999

157	174	2019

161	174	1976

162	174	1984

177	174	2020

158	175	2012

176	175	2009

159	176	1992

175	176	1995

159	177	2020

175	177	2001

160	178	1998

175	178	2015

160	179	2003

175	179	2027

160	180	2006

174	180	1989

160	181	2007

175	181	2000

160	182	2009

175	182	1994

160	183	2022

176	183	2005

161	184	1998

177	184	2008

161	185	2003

178	185	2000

179	185	2009

161	186	2007

180	186	1998

181	186	2000

182	186	2003

183	186	2004

184	186	2011

185	186	2017

186	186	2027

187	186	2038

161	187	2008

179	187	2003

180	187	2011

181	187	2013

161	188	2023

176	188	1994

177	188	2000

178	188	2013

161	189	2044

173	189	1998

174	189	2012

175	189	2028

160	190	2073

171	190	2009

172	190	2027

160	191	2048

170	191	2046

159	192	2052

169	192	2054

159	193	2038

168	193	2030

158	194	2069

168	194	2048

158	195	2060

167	195	2036

158	196	2055

167	196	2054

157	197	2076

167	197	2064

157	198	2064

167	198	2076

157	199	2057

166	199	2057

156	200	2084

166	200	2072

156	201	2078

165	201	2056

156	202	2068

165	202	2071

155	203	2085

165	203	2083

155	204	2075

164	204	2068

155	205	2067

164	205	2079

155	206	2061

163	206	2061

154	207	2085

155	207	2062

156	207	2055

157	207	2050

158	207	2045

159	207	2042

160	207	2042

161	207	2044

162	207	2050

163	207	2064

