167	136	1551

168	136	1555

167	137	1552

168	137	1556

160	138	1557

161	138	1555

162	138	1558

166	138	1558

168	138	1558

160	139	1556

162	139	1559

166	139	1558

168	139	1561

160	140	1555

162	140	1560

166	140	1556

168	140	1559

160	141	1555

162	141	1559

166	141	1555

168	141	1559

177	141	1564

178	141	1568

160	142	1554

162	142	1561

166	142	1556

168	142	1560

176	142	1566

178	142	1571

160	143	1553

162	143	1562

165	143	1561

168	143	1561

176	143	1567

178	143	1574

159	144	1553

163	144	1588

165	144	1561

169	144	1572

175	144	1565

177	144	1569

148	145	1556

149	145	1556

159	145	1553

164	145	1550

169	145	1578

175	145	1565

177	145	1569

148	146	1556

150	146	1561

158	146	1549

169	146	1582

174	146	1564

177	146	1569

148	147	1557

150	147	1557

158	147	1558

169	147	1588

173	147	1565

176	147	1567

149	148	1555

151	148	1560

158	148	1561

169	148	1596

171	148	1566

172	148	1564

176	148	1569

149	149	1555

151	149	1557

158	149	1562

170	149	1579

176	149	1574

149	150	1560

152	150	1560

158	150	1561

175	150	1571

150	151	1557

152	151	1558

158	151	1562

175	151	1575

150	152	1556

153	152	1560

158	152	1562

174	152	1568

150	153	1556

154	153	1560

157	153	1548

174	153	1576

150	154	1563

155	154	1566

156	154	1578

173	154	1573

150	155	1593

173	155	1580

151	156	1567

172	156	1575

151	157	1567

172	157	1583

151	158	1565

171	158	1570

151	159	1571

171	159	1572

151	160	1568

170	160	1567

151	161	1560

170	161	1569

152	162	1561

171	162	1582

178	162	1573

179	162	1575

180	162	1575

181	162	1575

182	162	1577

183	162	1581

184	162	1578

185	162	1575

152	163	1559

171	163	1579

176	163	1581

177	163	1571

184	163	1585

152	164	1562

172	164	1585

173	164	1595

174	164	1584

175	164	1575

182	164	1583

183	164	1590

152	165	1570

180	165	1579

181	165	1584

152	166	1575

178	166	1580

179	166	1585

152	167	1568

177	167	1585

152	168	1563

176	168	1580

152	169	1575

175	169	1575

152	170	1595

174	170	1576

153	171	1572

173	171	1581

152	172	1612

171	172	1574

172	172	1584

153	173	1582

170	173	1574

153	174	1604

169	174	1581

153	175	1581

168	175	1588

153	176	1586

166	176	1590

167	176	1598

153	177	1588

165	177	1601

153	178	1592

165	178	1622

152	179	1608

164	179	1614

152	180	1609

164	180	1621

152	181	1610

164	181	1636

152	182	1614

164	182	1650

151	183	1626

163	183	1640

151	184	1623

163	184	1651

150	185	1656

162	185	1637

151	186	1631

162	186	1646

150	187	1658

162	187	1655

150	188	1656

161	188	1646

150	189	1651

161	189	1651

150	190	1649

161	190	1658

150	191	1651

160	191	1653

150	192	1653

160	192	1657

150	193	1656

159	193	1656

151	194	1653

152	194	1648

153	194	1647

154	194	1648

155	194	1650

156	194	1648

157	194	1648

158	194	1651

159	194	1658

