162	149	1736

163	149	1729

162	150	1733

164	150	1736

154	151	1740

155	151	1737

162	151	1734

164	151	1736

154	152	1734

155	152	1730

162	152	1736

165	152	1753

154	153	1732

156	153	1732

162	153	1731

164	153	1733

154	154	1729

156	154	1726

162	154	1730

164	154	1730

177	154	1750

154	155	1735

156	155	1723

162	155	1729

164	155	1727

175	155	1746

176	155	1742

177	155	1749

155	156	1724

157	156	1727

162	156	1724

164	156	1724

174	156	1748

177	156	1744

155	157	1726

157	157	1720

162	157	1727

165	157	1734

174	157	1734

177	157	1745

155	158	1731

158	158	1728

162	158	1728

165	158	1733

173	158	1735

176	158	1734

145	159	1718

146	159	1719

155	159	1734

158	159	1729

162	159	1729

165	159	1735

173	159	1735

176	159	1740

145	160	1713

146	160	1711

155	160	1737

159	160	1735

160	160	1754

161	160	1746

165	160	1737

172	160	1741

175	160	1736

145	161	1718

147	161	1711

156	161	1723

165	161	1737

171	161	1747

175	161	1747

146	162	1718

148	162	1712

156	162	1725

165	162	1735

170	162	1748

174	162	1741

147	163	1713

149	163	1713

156	163	1728

166	163	1741

169	163	1749

174	163	1749

147	164	1725

150	164	1715

156	164	1736

167	164	1735

168	164	1734

173	164	1741

148	165	1722

151	165	1719

152	165	1722

156	165	1747

173	165	1747

149	166	1719

153	166	1721

154	166	1726

155	166	1734

172	166	1742

150	167	1718

171	167	1736

151	168	1722

171	168	1742

151	169	1746

170	169	1731

152	170	1739

170	170	1732

152	171	1750

170	171	1738

152	172	1753

169	172	1727

153	173	1728

170	173	1741

153	174	1726

170	174	1734

153	175	1729

171	175	1739

153	176	1737

172	176	1746

153	177	1751

172	177	1734

153	178	1772

173	178	1739

154	179	1740

174	179	1731

175	179	1739

178	179	1752

154	180	1742

176	180	1733

177	180	1736

179	180	1739

180	180	1740

181	180	1743

182	180	1746

183	180	1752

154	181	1743

184	181	1747

185	181	1759

154	182	1751

174	182	1737

176	182	1740

177	182	1745

178	182	1747

179	182	1746

180	182	1744

181	182	1747

182	182	1747

183	182	1747

184	182	1748

185	182	1754

154	183	1772

170	183	1732

171	183	1737

172	183	1741

173	183	1748

175	183	1756

155	184	1762

167	184	1725

168	184	1732

169	184	1740

154	185	1791

166	185	1739

154	186	1795

165	186	1767

154	187	1796

164	187	1788

154	188	1794

164	188	1798

154	189	1797

164	189	1817

154	190	1801

164	190	1826

154	191	1804

164	191	1835

154	192	1805

163	192	1809

154	193	1807

163	193	1819

154	194	1816

163	194	1828

154	195	1820

163	195	1837

154	196	1824

162	196	1823

154	197	1827

162	197	1829

154	198	1832

162	198	1839

154	199	1836

161	199	1833

155	200	1831

161	200	1838

155	201	1837

160	201	1836

156	202	1839

158	202	1838

159	202	1839

157	203	1839

