193	153	1657

194	153	1660

192	154	1666

195	154	1661

205	154	1659

190	155	1667

191	155	1682

192	155	1667

195	155	1662

204	155	1663

206	155	1666

189	156	1660

191	156	1672

193	156	1664

196	156	1664

204	156	1663

206	156	1666

189	157	1658

192	157	1679

196	157	1667

204	157	1666

206	157	1669

189	158	1661

197	158	1666

204	158	1666

206	158	1671

189	159	1661

193	159	1675

197	159	1664

205	159	1668

206	159	1673

189	160	1661

192	160	1665

194	160	1672

198	160	1664

205	160	1666

206	160	1669

189	161	1657

193	161	1678

198	161	1664

204	161	1669

206	161	1669

190	162	1660

199	162	1672

204	162	1669

206	162	1670

189	163	1664

200	163	1657

203	163	1677

206	163	1675

189	164	1664

199	164	1674

201	164	1654

202	164	1690

206	164	1676

182	165	1659

189	165	1662

200	165	1682

206	165	1679

181	166	1659

183	166	1662

189	166	1665

206	166	1681

181	167	1662

183	167	1660

190	167	1672

206	167	1686

182	168	1661

184	168	1660

190	168	1682

206	168	1686

182	169	1661

185	169	1659

190	169	1695

206	169	1686

218	169	1715

182	170	1653

186	170	1662

190	170	1685

206	170	1683

216	170	1696

217	170	1681

219	170	1708

183	171	1666

187	171	1662

188	171	1651

190	171	1651

206	171	1684

214	171	1724

215	171	1700

219	171	1709

183	172	1682

189	172	1662

206	172	1683

213	172	1739

218	172	1688

184	173	1685

206	173	1680

213	173	1711

218	173	1704

185	174	1681

207	174	1684

212	174	1735

217	174	1684

186	175	1676

207	175	1679

211	175	1727

213	175	1684

217	175	1705

187	176	1665

208	176	1675

209	176	1686

210	176	1704

212	176	1689

216	176	1689

188	177	1664

216	177	1704

188	178	1681

215	178	1686

188	179	1692

215	179	1701

188	180	1685

215	180	1721

188	181	1672

214	181	1690

189	182	1668

214	182	1702

189	183	1688

213	183	1692

189	184	1675

213	184	1718

189	185	1670

212	185	1711

190	186	1660

211	186	1700

191	187	1668

210	187	1690

191	188	1679

210	188	1717

192	189	1676

209	189	1708

192	190	1692

208	190	1707

193	191	1686

207	191	1719

193	192	1701

207	192	1746

194	193	1705

207	193	1761

195	194	1694

206	194	1736

194	195	1709

206	195	1742

195	196	1706

206	196	1747

195	197	1711

206	197	1747

196	198	1702

206	198	1750

196	199	1703

206	199	1750

196	200	1703

206	200	1754

196	201	1706

206	201	1755

196	202	1717

206	202	1759

196	203	1726

206	203	1761

196	204	1734

206	204	1764

196	205	1740

206	205	1763

197	206	1731

206	206	1765

197	207	1735

206	207	1764

197	208	1741

206	208	1767

197	209	1752

207	209	1774

197	210	1759

207	210	1774

198	211	1755

206	211	1767

198	212	1765

206	212	1771

198	213	1772

199	213	1762

200	213	1755

201	213	1755

202	213	1757

203	213	1761

204	213	1765

205	213	1768

206	213	1773

