209	133	1341

210	133	1344

208	134	1334

211	134	1338

204	135	1385

205	135	1367

207	135	1342

212	135	1347

222	135	1364

223	135	1357

203	136	1347

206	136	1354

213	136	1366

221	136	1358

224	136	1354

203	137	1329

213	137	1350

221	137	1345

225	137	1359

202	138	1333

214	138	1372

215	138	1445

221	138	1344

225	138	1355

199	139	1426

200	139	1423

201	139	1400

216	139	1437

221	139	1348

225	139	1356

199	140	1424

202	140	1338

216	140	1432

221	140	1350

225	140	1358

202	141	1350

215	141	1381

221	141	1350

225	141	1359

203	142	1334

216	142	1413

221	142	1353

225	142	1360

203	143	1342

216	143	1398

221	143	1354

225	143	1359

203	144	1353

209	144	1352

216	144	1385

221	144	1356

225	144	1361

203	145	1355

208	145	1346

210	145	1356

217	145	1428

221	145	1357

225	145	1364

197	146	1357

204	146	1337

209	146	1351

217	146	1404

221	146	1359

225	146	1368

195	147	1346

196	147	1333

198	147	1345

204	147	1342

217	147	1413

220	147	1391

225	147	1368

195	148	1336

199	148	1349

200	148	1380

204	148	1347

217	148	1401

220	148	1382

225	148	1370

195	149	1337

200	149	1373

203	149	1390

217	149	1400

220	149	1379

225	149	1374

195	150	1342

201	150	1386

204	150	1352

217	150	1390

220	150	1376

225	150	1378

196	151	1335

201	151	1385

204	151	1360

217	151	1393

220	151	1374

225	151	1380

196	152	1343

201	152	1366

204	152	1364

217	152	1384

220	152	1371

225	152	1383

196	153	1350

202	153	1373

205	153	1359

218	153	1390

219	153	1380

225	153	1388

197	154	1343

203	154	1377

204	154	1380

225	154	1399

236	154	1412

237	154	1402

197	155	1352

224	155	1378

234	155	1400

235	155	1375

238	155	1391

198	156	1345

224	156	1380

233	156	1397

238	156	1386

198	157	1355

224	157	1383

233	157	1367

237	157	1364

199	158	1344

224	158	1386

232	158	1377

237	158	1380

198	159	1386

224	159	1387

232	159	1371

236	159	1364

199	160	1376

224	160	1382

231	160	1393

236	160	1376

199	161	1420

225	161	1408

231	161	1384

236	161	1391

200	162	1381

225	162	1393

231	162	1372

235	162	1373

200	163	1427

225	163	1381

230	163	1379

235	163	1390

200	164	1433

226	164	1388

229	164	1409

234	164	1372

199	165	1375

201	165	1387

227	165	1385

228	165	1405

234	165	1382

201	166	1402

234	166	1396

200	167	1399

234	167	1407

200	168	1434

233	168	1378

200	169	1444

233	169	1388

201	170	1410

233	170	1403

200	171	1409

202	171	1404

232	171	1383

200	172	1406

202	172	1429

232	172	1406

200	173	1391

201	173	1414

203	173	1369

231	173	1397

201	174	1425

203	174	1375

230	174	1387

202	175	1430

230	175	1417

202	176	1451

203	176	1408

229	176	1402

204	177	1390

228	177	1395

203	178	1437

204	178	1412

227	178	1398

205	179	1388

226	179	1401

205	180	1445

206	180	1387

225	180	1412

205	181	1454

207	181	1383

224	181	1431

207	182	1402

223	182	1438

206	183	1455

222	183	1430

205	184	1459

222	184	1445

205	185	1437

222	185	1460

205	186	1448

221	186	1443

205	187	1435

206	187	1421

221	187	1455

204	188	1452

205	188	1413

207	188	1421

220	188	1445

206	189	1452

220	189	1454

206	190	1457

220	190	1461

205	191	1453

219	191	1449

204	192	1444

219	192	1454

205	193	1428

218	193	1445

205	194	1446

218	194	1454

205	195	1458

218	195	1464

205	196	1463

217	196	1453

205	197	1461

217	197	1462

205	198	1459

216	198	1461

204	199	1459

205	199	1462

215	199	1461

204	200	1453

206	200	1464

215	200	1463

203	201	1459

204	201	1457

206	201	1463

207	201	1449

208	201	1441

209	201	1443

210	201	1446

211	201	1448

212	201	1450

213	201	1455

214	201	1461

