192	154	1661

193	154	1663

194	154	1664

195	154	1667

192	155	1662

196	155	1665

205	155	1667

206	155	1670

189	156	1663

190	156	1669

191	156	1684

196	156	1666

205	156	1667

206	156	1673

189	157	1662

196	157	1667

205	157	1670

206	157	1675

189	158	1662

193	158	1674

197	158	1671

205	158	1669

206	158	1674

189	159	1664

192	159	1681

194	159	1670

197	159	1669

205	159	1670

206	159	1674

189	160	1666

193	160	1670

198	160	1676

205	160	1671

206	160	1674

189	161	1668

198	161	1674

204	161	1679

206	161	1675

189	162	1668

194	162	1697

199	162	1682

204	162	1683

206	162	1678

189	163	1668

193	163	1690

195	163	1677

200	163	1694

204	163	1682

206	163	1681

189	164	1669

194	164	1685

200	164	1690

202	164	1720

203	164	1688

207	164	1685

189	165	1680

200	165	1690

203	165	1684

207	165	1688

181	166	1661

182	166	1660

189	166	1685

201	166	1709

202	166	1679

207	166	1692

181	167	1660

183	167	1664

189	167	1688

206	167	1687

182	168	1664

184	168	1667

190	168	1679

206	168	1688

182	169	1669

185	169	1670

190	169	1674

206	169	1689

182	170	1676

186	170	1670

190	170	1694

206	170	1691

217	170	1700

218	170	1706

219	170	1725

183	171	1678

187	171	1668

191	171	1675

206	171	1690

215	171	1693

216	171	1685

219	171	1702

184	172	1672

188	172	1668

189	172	1662

190	172	1677

206	172	1687

215	172	1687

219	172	1713

184	173	1673

206	173	1686

213	173	1763

214	173	1702

219	173	1775

185	174	1663

207	174	1693

213	174	1725

218	174	1725

186	175	1662

207	175	1688

212	175	1757

217	175	1702

187	176	1676

208	176	1691

209	176	1680

211	176	1766

217	176	1729

188	177	1676

210	177	1716

216	177	1702

188	178	1685

216	178	1722

188	179	1680

215	179	1696

188	180	1677

215	180	1709

189	181	1668

215	181	1729

189	182	1681

214	182	1701

189	183	1683

214	183	1728

190	184	1672

213	184	1713

190	185	1680

212	185	1707

190	186	1700

211	186	1699

190	187	1714

210	187	1694

191	188	1688

210	188	1718

192	189	1674

209	189	1711

192	190	1688

208	190	1711

193	191	1679

207	191	1719

193	192	1670

207	192	1749

194	193	1704

207	193	1769

195	194	1707

206	194	1738

195	195	1714

206	195	1747

195	196	1712

206	196	1751

195	197	1713

206	197	1753

195	198	1723

206	198	1755

196	199	1709

206	199	1761

196	200	1712

206	200	1762

196	201	1717

206	201	1765

196	202	1723

206	202	1765

196	203	1732

206	203	1764

196	204	1738

207	204	1780

196	205	1746

207	205	1781

196	206	1749

206	206	1770

197	207	1745

206	207	1771

197	208	1753

207	208	1780

197	209	1766

207	209	1779

197	210	1774

207	210	1779

197	211	1779

207	211	1781

198	212	1769

206	212	1774

198	213	1778

206	213	1779

199	214	1773

200	214	1770

201	214	1769

202	214	1768

203	214	1766

204	214	1766

205	214	1772

206	214	1780

