159	125	1407

160	125	1409

159	126	1408

160	126	1410

152	127	1407

153	127	1408

154	127	1409

158	127	1413

160	127	1414

152	128	1410

154	128	1414

158	128	1413

160	128	1415

151	129	1409

154	129	1419

158	129	1413

160	129	1418

151	130	1407

154	130	1422

158	130	1411

160	130	1418

170	130	1418

171	130	1418

151	131	1407

154	131	1425

158	131	1413

160	131	1419

170	131	1419

172	131	1425

151	132	1408

153	132	1418

158	132	1414

160	132	1419

169	132	1418

172	132	1430

151	133	1409

153	133	1417

157	133	1410

160	133	1419

169	133	1419

172	133	1430

139	134	1402

140	134	1406

151	134	1407

153	134	1414

157	134	1409

160	134	1419

168	134	1419

171	134	1427

139	135	1406

140	135	1409

150	135	1405

153	135	1413

157	135	1412

160	135	1419

167	135	1420

171	135	1430

139	136	1407

141	136	1412

150	136	1405

153	136	1413

157	136	1416

160	136	1419

167	136	1421

170	136	1427

139	137	1410

141	137	1411

150	137	1407

154	137	1418

156	137	1416

161	137	1426

166	137	1420

170	137	1426

139	138	1411

142	138	1412

150	138	1409

155	138	1417

162	138	1434

165	138	1420

170	138	1430

140	139	1408

142	139	1407

150	139	1409

163	139	1435

164	139	1423

169	139	1426

140	140	1408

143	140	1405

150	140	1409

169	140	1429

140	141	1410

143	141	1410

150	141	1412

169	141	1431

141	142	1411

144	142	1417

150	142	1414

168	142	1431

141	143	1413

145	143	1416

149	143	1419

168	143	1431

141	144	1413

146	144	1420

147	144	1429

148	144	1431

167	144	1426

142	145	1412

166	145	1427

142	146	1413

166	146	1430

142	147	1413

165	147	1429

142	148	1415

165	148	1431

143	149	1414

164	149	1432

143	150	1415

164	150	1437

143	151	1417

164	151	1438

143	152	1416

163	152	1432

143	153	1415

164	153	1438

173	153	1431

174	153	1433

175	153	1435

176	153	1435

177	153	1433

178	153	1436

179	153	1437

143	154	1414

164	154	1432

170	154	1438

171	154	1434

172	154	1430

179	154	1441

143	155	1416

165	155	1436

166	155	1446

168	155	1454

169	155	1441

178	155	1442

143	156	1417

167	156	1440

176	156	1440

177	156	1439

143	157	1419

174	157	1444

175	157	1445

143	158	1421

172	158	1437

173	158	1442

142	159	1414

171	159	1436

142	160	1427

170	160	1439

143	161	1431

169	161	1443

143	162	1427

168	162	1440

143	163	1434

167	163	1438

168	163	1445

144	164	1431

165	164	1437

166	164	1442

144	165	1433

164	165	1441

144	166	1435

163	166	1443

144	167	1443

161	167	1441

162	167	1448

144	168	1470

160	168	1440

144	169	1463

159	169	1448

144	170	1450

158	170	1465

144	171	1455

158	171	1490

143	172	1413

157	172	1480

144	173	1461

157	173	1487

143	174	1471

157	174	1492

143	175	1470

157	175	1507

142	176	1470

156	176	1505

142	177	1486

156	177	1516

142	178	1482

155	178	1501

142	179	1488

155	179	1508

142	180	1497

155	180	1515

142	181	1493

154	181	1506

142	182	1493

154	182	1511

141	183	1515

154	183	1519

141	184	1508

153	184	1515

141	185	1510

152	185	1513

141	186	1517

152	186	1518

142	187	1517

151	187	1518

142	188	1519

150	188	1517

151	188	1520

143	189	1520

149	189	1520

144	190	1519

145	190	1520

146	190	1518

147	190	1517

148	190	1518

