154	129	1515

155	129	1516

143	130	1507

154	130	1515

155	130	1516

143	131	1506

144	131	1509

154	131	1518

155	131	1517

143	132	1506

144	132	1508

154	132	1518

155	132	1517

143	133	1505

144	133	1508

153	133	1518

155	133	1519

143	134	1504

144	134	1507

153	134	1514

155	134	1517

143	135	1504

144	135	1505

153	135	1512

155	135	1513

143	136	1503

145	136	1507

153	136	1511

155	136	1512

143	137	1504

145	137	1505

153	137	1512

155	137	1514

169	137	1508

170	137	1510

143	138	1504

145	138	1503

152	138	1514

155	138	1516

168	138	1508

170	138	1511

130	139	1482

131	139	1482

143	139	1506

146	139	1505

152	139	1512

155	139	1518

166	139	1511

167	139	1509

170	139	1513

130	140	1484

132	140	1482

143	140	1507

146	140	1502

151	140	1507

155	140	1516

164	140	1504

165	140	1504

169	140	1513

131	141	1485

133	141	1485

143	141	1508

147	141	1506

150	141	1523

155	141	1518

163	141	1514

169	141	1514

131	142	1486

134	142	1488

143	142	1511

148	142	1513

151	142	1512

155	142	1515

162	142	1512

168	142	1512

132	143	1488

135	143	1488

144	143	1505

149	143	1518

150	143	1524

154	143	1511

161	143	1521

167	143	1511

132	144	1494

136	144	1487

143	144	1523

155	144	1515

159	144	1521

160	144	1509

166	144	1510

133	145	1491

137	145	1493

143	145	1507

156	145	1505

158	145	1525

165	145	1507

133	146	1504

134	146	1492

138	146	1496

143	146	1515

157	146	1515

165	146	1511

135	147	1494

139	147	1494

140	147	1498

141	147	1505

142	147	1507

164	147	1511

135	148	1506

163	148	1515

136	149	1504

162	149	1516

137	150	1508

161	150	1515

137	151	1514

160	151	1516

138	152	1503

160	152	1521

138	153	1507

159	153	1518

138	154	1521

159	154	1522

138	155	1524

158	155	1511

138	156	1529

158	156	1509

139	157	1511

158	157	1508

138	158	1466

158	158	1508

139	159	1521

158	159	1503

139	160	1531

159	160	1505

139	161	1557

159	161	1500

139	162	1522

160	162	1502

139	163	1497

161	163	1507

162	163	1511

139	164	1532

163	164	1505

164	164	1505

139	165	1548

165	165	1505

166	165	1508

167	165	1508

168	165	1508

169	165	1507

170	165	1508

171	165	1510

140	166	1527

172	166	1513

173	166	1515

140	167	1532

162	167	1508

163	167	1510

164	167	1511

165	167	1511

166	167	1511

167	167	1511

174	167	1519

140	168	1546

157	168	1507

158	168	1509

159	168	1509

160	168	1509

161	168	1514

168	168	1518

169	168	1518

170	168	1517

171	168	1515

172	168	1516

173	168	1518

174	168	1522

140	169	1551

155	169	1509

156	169	1511

139	170	1518

153	170	1523

154	170	1521

139	171	1546

152	171	1551

138	172	1556

152	172	1577

138	173	1555

151	173	1561

138	174	1558

151	174	1570

138	175	1558

151	175	1581

137	176	1573

151	176	1595

137	177	1568

151	177	1601

137	178	1570

151	178	1605

136	179	1601

150	179	1590

136	180	1574

150	180	1597

136	181	1581

150	181	1603

136	182	1591

149	182	1589

136	183	1591

149	183	1597

135	184	1600

149	184	1604

135	185	1596

148	185	1597

135	186	1592

148	186	1603

135	187	1594

147	187	1598

135	188	1595

147	188	1604

135	189	1599

147	189	1608

135	190	1604

146	190	1604

135	191	1610

146	191	1607

136	192	1602

145	192	1606

136	193	1606

144	193	1604

136	194	1607

137	194	1603

138	194	1598

139	194	1597

140	194	1595

141	194	1597

142	194	1597

143	194	1602

144	194	1607

