188	108	1360

189	108	1360

187	109	1350

190	109	1351

186	110	1351

191	110	1359

179	111	1344

180	111	1347

181	111	1353

182	111	1361

186	111	1346

191	111	1354

178	112	1337

182	112	1348

186	112	1346

191	112	1353

197	112	1373

198	112	1364

199	112	1375

178	113	1332

182	113	1339

186	113	1348

191	113	1353

196	113	1375

200	113	1382

177	114	1334

182	114	1336

186	114	1350

192	114	1361

196	114	1368

200	114	1374

177	115	1341

182	115	1338

186	115	1348

191	115	1355

196	115	1362

200	115	1375

177	116	1341

182	116	1340

186	116	1347

192	116	1385

195	116	1374

200	116	1378

177	117	1336

182	117	1345

186	117	1345

192	117	1359

195	117	1371

200	117	1377

177	118	1331

182	118	1344

186	118	1345

192	118	1356

195	118	1364

200	118	1377

177	119	1334

183	119	1367

186	119	1345

191	119	1356

195	119	1359

200	119	1378

177	120	1341

183	120	1362

186	120	1343

191	120	1358

195	120	1359

199	120	1365

177	121	1342

183	121	1344

186	121	1346

191	121	1358

194	121	1370

199	121	1368

167	122	1326

177	122	1332

183	122	1348

185	122	1349

191	122	1359

194	122	1366

199	122	1370

167	123	1316

168	123	1320

169	123	1330

177	123	1326

183	123	1355

185	123	1348

191	123	1358

194	123	1363

199	123	1376

166	124	1319

170	124	1333

177	124	1311

183	124	1352

185	124	1354

191	124	1359

193	124	1364

199	124	1380

166	125	1321

171	125	1334

172	125	1341

173	125	1371

174	125	1371

177	125	1323

183	125	1350

185	125	1357

191	125	1360

193	125	1363

199	125	1382

167	126	1322

174	126	1374

176	126	1326

184	126	1343

192	126	1361

199	126	1376

167	127	1325

175	127	1382

198	127	1370

168	128	1326

198	128	1375

168	129	1325

198	129	1378

168	130	1328

198	130	1382

169	131	1331

198	131	1387

169	132	1336

198	132	1386

170	133	1334

199	133	1413

170	134	1343

199	134	1416

170	135	1368

198	135	1388

171	136	1343

198	136	1382

205	136	1361

206	136	1382

208	136	1416

209	136	1408

210	136	1393

211	136	1390

212	136	1388

213	136	1390

170	137	1379

172	137	1342

198	137	1373

204	137	1418

207	137	1374

214	137	1373

215	137	1394

171	138	1383

199	138	1368

204	138	1387

216	138	1431

171	139	1385

200	139	1394

201	139	1417

202	139	1415

203	139	1384

215	139	1391

171	140	1344

213	140	1379

214	140	1403

172	141	1385

212	141	1386

173	142	1350

212	142	1418

173	143	1359

209	143	1387

210	143	1406

211	143	1414

173	144	1369

208	144	1389

171	145	1375

173	145	1384

207	145	1389

172	146	1444

206	146	1390

173	147	1418

205	147	1391

173	148	1417

204	148	1389

173	149	1419

174	149	1361

203	149	1394

173	150	1401

175	150	1352

202	150	1400

175	151	1375

201	151	1403

175	152	1382

200	152	1403

175	153	1364

199	153	1408

174	154	1381

198	154	1402

175	155	1377

196	155	1398

197	155	1409

174	156	1353

195	156	1413

173	157	1358

194	157	1412

174	158	1392

194	158	1418

174	159	1397

193	159	1408

174	160	1372

193	160	1418

173	161	1369

193	161	1427

172	162	1365

193	162	1432

171	163	1401

192	163	1428

170	164	1386

192	164	1438

170	165	1387

192	165	1441

170	166	1392

191	166	1435

170	167	1362

191	167	1447

170	168	1360

191	168	1453

170	169	1364

191	169	1425

169	170	1371

190	170	1446

169	171	1370

189	171	1439

169	172	1372

189	172	1450

167	173	1349

168	173	1363

188	173	1437

166	174	1356

167	174	1361

168	174	1377

169	174	1378

170	174	1378

171	174	1379

172	174	1378

173	174	1379

174	174	1378

175	174	1378

176	174	1378

177	174	1376

178	174	1375

179	174	1376

180	174	1378

181	174	1383

182	174	1388

183	174	1394

184	174	1399

185	174	1406

186	174	1416

187	174	1428

188	174	1446

