201	125	1284

202	125	1283

203	125	1292

200	126	1285

204	126	1296

200	127	1283

204	127	1290

196	128	1298

197	128	1283

198	128	1280

199	128	1282

205	128	1309

213	128	1307

214	128	1317

195	129	1308

206	129	1346

212	129	1303

215	129	1315

192	130	1323

194	130	1309

206	130	1320

211	130	1311

215	130	1302

189	131	1323

193	131	1336

206	131	1309

211	131	1310

216	131	1336

189	132	1294

192	132	1366

207	132	1360

211	132	1309

216	132	1332

191	133	1353

192	133	1348

207	133	1351

211	133	1311

216	133	1325

191	134	1361

193	134	1327

207	134	1334

211	134	1319

216	134	1320

189	135	1291

190	135	1286

192	135	1294

207	135	1314

211	135	1319

216	135	1323

189	136	1270

208	136	1356

210	136	1345

216	136	1325

188	137	1286

209	137	1352

216	137	1327

189	138	1267

216	138	1324

189	139	1271

216	139	1321

189	140	1276

216	140	1321

189	141	1281

216	141	1324

189	142	1282

216	142	1331

189	143	1284

209	143	1362

216	143	1335

189	144	1286

208	144	1332

210	144	1324

216	144	1338

222	144	1352

223	144	1338

189	145	1290

208	145	1333

210	145	1321

216	145	1341

220	145	1391

221	145	1331

224	145	1324

189	146	1294

208	146	1329

210	146	1322

216	146	1348

220	146	1348

224	146	1309

190	147	1287

209	147	1325

216	147	1370

220	147	1323

224	147	1306

190	148	1289

215	148	1336

220	148	1315

224	148	1305

190	149	1291

215	149	1346

220	149	1311

224	149	1308

191	150	1280

215	150	1350

219	150	1345

224	150	1312

191	151	1284

215	151	1349

219	151	1336

224	151	1314

190	152	1327

215	152	1344

219	152	1337

224	152	1317

189	153	1381

215	153	1339

219	153	1338

224	153	1320

189	154	1379

215	154	1333

219	154	1327

224	154	1324

190	155	1375

215	155	1328

219	155	1314

224	155	1331

189	156	1393

216	156	1349

218	156	1337

224	156	1340

189	157	1372

217	157	1354

224	157	1364

189	158	1332

223	158	1315

189	159	1358

223	159	1322

189	160	1353

223	160	1324

189	161	1347

223	161	1330

190	162	1369

223	162	1334

191	163	1329

223	163	1347

191	164	1353

222	164	1321

189	165	1359

191	165	1361

222	165	1347

191	166	1379

221	166	1330

190	167	1351

220	167	1319

191	168	1335

220	168	1347

191	169	1356

219	169	1328

191	170	1362

218	170	1319

192	171	1373

218	171	1348

191	172	1370

192	172	1384

193	172	1360

217	172	1332

194	173	1321

216	173	1331

192	174	1356

193	174	1351

215	174	1336

193	175	1386

194	175	1380

214	175	1349

193	176	1392

195	176	1357

213	176	1353

196	177	1323

212	177	1340

194	178	1381

195	178	1363

212	178	1355

195	179	1366

212	179	1370

195	180	1366

212	180	1391

195	181	1351

211	181	1366

195	182	1392

211	182	1378

195	183	1373

211	183	1388

195	184	1378

210	184	1373

195	185	1382

210	185	1380

195	186	1371

210	186	1388

194	187	1390

210	187	1392

194	188	1379

209	188	1377

194	189	1385

209	189	1386

193	190	1375

209	190	1392

194	191	1366

208	191	1379

194	192	1372

208	192	1383

194	193	1372

208	193	1390

194	194	1364

207	194	1380

193	195	1388

207	195	1385

193	196	1381

194	196	1369

195	196	1366

196	196	1365

197	196	1359

198	196	1354

199	196	1353

200	196	1353

201	196	1356

202	196	1360

203	196	1365

204	196	1369

205	196	1372

206	196	1377

207	196	1387

