200	138	1404

201	138	1407

202	138	1413

198	139	1403

199	139	1398

203	139	1411

214	139	1452

215	139	1469

199	140	1399

204	140	1416

205	140	1430

213	140	1425

216	140	1464

196	141	1408

197	141	1406

200	141	1397

205	141	1421

207	141	1445

208	141	1453

213	141	1421

216	141	1443

195	142	1407

198	142	1407

200	142	1403

206	142	1446

207	142	1519

211	142	1451

212	142	1419

216	142	1432

195	143	1398

199	143	1407

200	143	1388

205	143	1416

210	143	1509

211	143	1457

216	143	1431

195	144	1401

199	144	1410

201	144	1406

205	144	1415

212	144	1425

216	144	1431

195	145	1403

199	145	1406

201	145	1411

206	145	1424

212	145	1435

216	145	1431

195	146	1405

199	146	1405

201	146	1399

206	146	1422

212	146	1439

216	146	1431

195	147	1406

200	147	1400

202	147	1410

206	147	1420

212	147	1431

216	147	1432

195	148	1405

200	148	1422

202	148	1413

207	148	1434

212	148	1436

216	148	1434

195	149	1383

200	149	1420

202	149	1418

208	149	1445

212	149	1434

216	149	1436

196	150	1400

200	150	1419

202	150	1420

208	150	1454

212	150	1432

216	150	1437

189	151	1398

190	151	1405

196	151	1404

200	151	1414

202	151	1422

208	151	1442

212	151	1431

217	151	1459

188	152	1393

191	152	1404

195	152	1407

201	152	1417

208	152	1434

212	152	1431

217	152	1471

188	153	1394

192	153	1412

196	153	1402

209	153	1470

211	153	1426

216	153	1448

188	154	1393

192	154	1408

196	154	1408

209	154	1477

211	154	1438

216	154	1460

188	155	1396

193	155	1428

196	155	1414

208	155	1441

210	155	1456

216	155	1479

188	156	1386

194	156	1466

196	156	1424

209	156	1465

215	156	1451

189	157	1396

193	157	1417

196	157	1424

215	157	1461

189	158	1399

194	158	1423

196	158	1453

215	158	1464

190	159	1398

195	159	1437

215	159	1467

226	159	1472

227	159	1461

228	159	1470

190	160	1406

215	160	1470

225	160	1449

229	160	1499

190	161	1414

215	161	1472

224	161	1441

228	161	1454

191	162	1409

215	162	1473

223	162	1449

228	162	1482

191	163	1418

215	163	1475

222	163	1474

227	163	1455

190	164	1447

215	164	1470

222	164	1455

226	164	1444

190	165	1435

191	165	1462

215	165	1459

221	165	1487

226	165	1455

192	166	1463

193	166	1415

216	166	1486

221	166	1457

226	166	1473

194	167	1404

216	167	1465

221	167	1445

225	167	1451

194	168	1408

217	168	1471

220	168	1456

225	168	1467

192	169	1471

193	169	1444

218	169	1456

219	169	1457

224	169	1449

192	170	1485

224	170	1459

192	171	1499

224	171	1473

192	172	1481

224	172	1489

193	173	1470

223	173	1460

193	174	1462

223	174	1475

193	175	1488

222	175	1462

194	176	1469

222	176	1491

195	177	1415

221	177	1475

195	178	1423

220	178	1464

195	179	1458

219	179	1460

195	180	1506

219	180	1491

196	181	1479

218	181	1483

197	182	1475

216	182	1463

217	182	1490

197	183	1514

215	183	1478

198	184	1459

214	184	1494

198	185	1473

213	185	1498

198	186	1488

213	186	1524

197	187	1521

212	187	1503

197	188	1506

212	188	1521

196	189	1515

211	189	1508

197	190	1505

211	190	1521

197	191	1495

211	191	1535

197	192	1485

210	192	1520

196	193	1497

210	193	1530

197	194	1490

209	194	1516

196	195	1517

198	195	1479

209	195	1524

195	196	1517

197	196	1492

209	196	1532

194	197	1514

197	197	1498

208	197	1524

196	198	1508

208	198	1528

196	199	1515

208	199	1534

195	200	1521

207	200	1528

195	201	1526

206	201	1526

195	202	1530

206	202	1534

195	203	1534

196	203	1531

205	203	1533

197	204	1527

205	204	1535

197	205	1533

204	205	1531

198	206	1529

202	206	1531

203	206	1533

204	206	1535

198	207	1530

201	207	1532

198	208	1535

199	208	1533

200	208	1533

