196	150	1602

197	150	1605

198	150	1606

195	151	1602

198	151	1608

208	151	1618

209	151	1620

193	152	1607

194	152	1617

195	152	1606

199	152	1613

208	152	1619

210	152	1623

192	153	1599

194	153	1608

196	153	1605

199	153	1615

208	153	1620

210	153	1623

192	154	1598

195	154	1604

196	154	1599

200	154	1615

208	154	1619

211	154	1611

192	155	1600

195	155	1619

197	155	1615

200	155	1612

208	155	1619

211	155	1624

192	156	1601

195	156	1618

197	156	1615

201	156	1616

208	156	1618

210	156	1621

192	157	1602

196	157	1623

197	157	1613

201	157	1617

208	157	1618

210	157	1623

192	158	1602

196	158	1626

198	158	1610

202	158	1621

208	158	1618

210	158	1625

193	159	1601

197	159	1630

202	159	1621

208	159	1623

210	159	1628

192	160	1594

203	160	1630

204	160	1639

208	160	1624

210	160	1629

192	161	1594

203	161	1630

207	161	1627

210	161	1631

193	162	1605

204	162	1650

207	162	1623

210	162	1630

185	163	1598

186	163	1601

193	163	1608

199	163	1622

205	163	1671

207	163	1624

210	163	1631

185	164	1597

187	164	1605

193	164	1611

198	164	1626

200	164	1621

206	164	1630

210	164	1631

185	165	1599

188	165	1608

193	165	1614

199	165	1622

210	165	1638

185	166	1602

188	166	1607

194	166	1618

210	166	1639

221	166	1671

222	166	1656

223	166	1661

186	167	1605

189	167	1607

194	167	1631

210	167	1642

220	167	1637

224	167	1683

186	168	1607

190	168	1613

193	168	1633

195	168	1625

210	168	1639

219	168	1635

223	168	1646

187	169	1605

191	169	1614

192	169	1619

194	169	1628

210	169	1637

219	169	1631

222	169	1635

187	170	1593

210	170	1633

218	170	1636

222	170	1656

188	171	1619

211	171	1635

218	171	1633

221	171	1640

189	172	1618

212	172	1641

215	172	1670

217	172	1639

221	172	1654

189	173	1639

213	173	1650

214	173	1704

216	173	1646

221	173	1671

190	174	1646

215	174	1662

220	174	1643

191	175	1642

220	175	1656

191	176	1632

219	176	1636

192	177	1622

219	177	1650

192	178	1620

219	178	1664

192	179	1626

218	179	1641

192	180	1639

218	180	1657

193	181	1631

217	181	1650

193	182	1624

216	182	1644

194	183	1625

216	183	1666

194	184	1609

215	184	1654

195	185	1622

214	185	1644

195	186	1632

214	186	1669

196	187	1624

213	187	1674

196	188	1634

212	188	1688

197	189	1643

211	189	1690

198	190	1645

211	190	1710

199	191	1643

211	191	1717

199	192	1649

210	192	1693

199	193	1650

210	193	1705

199	194	1654

210	194	1714

199	195	1659

210	195	1723

200	196	1653

210	196	1728

199	197	1659

209	197	1705

199	198	1669

209	198	1707

199	199	1681

209	199	1708

199	200	1680

209	200	1713

199	201	1685

209	201	1719

200	202	1683

209	202	1729

200	203	1693

209	203	1730

200	204	1697

208	204	1718

200	205	1701

209	205	1728

200	206	1698

209	206	1729

200	207	1701

208	207	1721

200	208	1710

208	208	1724

200	209	1720

208	209	1727

200	210	1727

208	210	1728

201	211	1724

207	211	1726

202	212	1724

203	212	1721

204	212	1721

205	212	1725

206	212	1728

