193	153	1653

194	153	1656

192	154	1655

195	154	1659

205	154	1660

206	154	1663

189	155	1659

190	155	1664

191	155	1652

196	155	1663

204	155	1661

206	155	1665

189	156	1655

192	156	1658

196	156	1665

204	156	1665

206	156	1669

189	157	1654

191	157	1668

193	157	1662

196	157	1664

204	157	1665

206	157	1669

189	158	1655

192	158	1654

193	158	1669

197	158	1669

205	158	1666

206	158	1671

189	159	1656

192	159	1684

194	159	1667

197	159	1666

205	159	1667

206	159	1672

189	160	1661

193	160	1684

198	160	1673

205	160	1671

206	160	1675

189	161	1664

198	161	1671

204	161	1674

206	161	1676

189	162	1665

199	162	1674

203	162	1671

206	162	1674

190	163	1659

200	163	1658

202	163	1639

206	163	1675

189	164	1662

201	164	1656

203	164	1675

206	164	1676

181	165	1654

182	165	1657

189	165	1669

202	165	1694

206	165	1680

181	166	1657

183	166	1662

190	166	1668

206	166	1680

181	167	1657

183	167	1656

190	167	1669

206	167	1681

181	168	1657

184	168	1659

190	168	1675

206	168	1681

182	169	1654

185	169	1659

190	169	1677

206	169	1683

216	169	1711

217	169	1705

218	169	1700

183	170	1658

186	170	1660

191	170	1673

206	170	1684

216	170	1681

219	170	1700

183	171	1661

187	171	1660

188	171	1663

190	171	1668

206	171	1683

214	171	1699

215	171	1680

219	171	1708

184	172	1660

189	172	1666

206	172	1681

213	172	1680

219	172	1760

184	173	1663

206	173	1678

214	173	1676

218	173	1713

185	174	1666

207	174	1678

213	174	1688

217	174	1692

186	175	1657

207	175	1674

212	175	1694

217	175	1709

187	176	1675

208	176	1675

209	176	1682

210	176	1686

212	176	1687

216	176	1688

188	177	1674

211	177	1689

216	177	1706

188	178	1672

215	178	1689

188	179	1676

215	179	1702

188	180	1698

215	180	1718

189	181	1669

214	181	1687

189	182	1679

214	182	1704

190	183	1667

213	183	1697

190	184	1672

212	184	1696

190	185	1666

212	185	1722

190	186	1666

211	186	1706

190	187	1691

210	187	1698

191	188	1687

209	188	1691

192	189	1674

209	189	1714

192	190	1697

208	190	1716

193	191	1693

207	191	1722

193	192	1688

207	192	1741

194	193	1703

207	193	1752

194	194	1723

207	194	1769

195	195	1697

206	195	1737

195	196	1691

206	196	1744

195	197	1704

206	197	1748

196	198	1700

206	198	1750

196	199	1710

206	199	1755

196	200	1714

206	200	1756

196	201	1713

206	201	1757

196	202	1715

206	202	1758

196	203	1724

206	203	1760

196	204	1734

206	204	1763

196	205	1744

206	205	1765

197	206	1734

206	206	1769

197	207	1738

206	207	1768

197	208	1744

207	208	1772

197	209	1751

207	209	1770

197	210	1765

207	210	1771

198	211	1760

207	211	1773

198	212	1763

206	212	1769

198	213	1768

199	213	1756

200	213	1751

201	213	1751

202	213	1755

203	213	1759

204	213	1763

205	213	1765

206	213	1772

