199	127	1233

200	127	1228

201	127	1230

202	127	1237

199	128	1226

203	128	1238

199	129	1229

203	129	1235

214	129	1263

215	129	1255

193	130	1259

194	130	1243

195	130	1235

196	130	1243

199	130	1235

204	130	1247

213	130	1252

216	130	1246

192	131	1259

197	131	1237

199	131	1240

204	131	1241

213	131	1242

217	131	1252

191	132	1274

198	132	1245

205	132	1257

213	132	1244

217	132	1249

192	133	1244

205	133	1251

213	133	1244

217	133	1251

192	134	1258

206	134	1273

213	134	1244

218	134	1282

192	135	1254

207	135	1302

213	135	1246

218	135	1280

189	136	1340

192	136	1233

208	136	1344

212	136	1299

218	136	1283

192	137	1262

209	137	1314

210	137	1332

211	137	1335

218	137	1281

193	138	1245

210	138	1343

211	138	1346

218	138	1276

193	139	1241

209	139	1329

212	139	1285

218	139	1281

194	140	1240

209	140	1330

212	140	1279

218	140	1290

186	141	1236

187	141	1237

194	141	1247

209	141	1327

212	141	1266

218	141	1293

185	142	1232

187	142	1228

194	142	1253

210	142	1339

211	142	1295

218	142	1294

184	143	1245

188	143	1232

194	143	1259

209	143	1339

210	143	1331

218	143	1302

184	144	1242

189	144	1244

194	144	1259

208	144	1277

211	144	1306

218	144	1305

185	145	1231

190	145	1267

194	145	1259

208	145	1275

212	145	1258

218	145	1311

185	146	1240

190	146	1256

194	146	1251

208	146	1281

212	146	1259

217	146	1279

185	147	1250

191	147	1295

195	147	1252

208	147	1279

212	147	1261

217	147	1293

186	148	1237

191	148	1273

195	148	1260

208	148	1274

211	148	1279

217	148	1316

186	149	1242

191	149	1254

195	149	1271

209	149	1279

210	149	1278

216	149	1283

186	150	1254

192	150	1260

193	150	1294

195	150	1285

216	150	1287

187	151	1241

194	151	1302

216	151	1288

231	151	1317

232	151	1316

187	152	1256

216	152	1289

229	152	1292

230	152	1277

233	152	1304

188	153	1244

216	153	1292

228	153	1277

233	153	1294

188	154	1257

216	154	1295

227	154	1279

232	154	1273

188	155	1282

216	155	1296

226	155	1286

232	155	1292

187	156	1327

216	156	1292

225	156	1298

231	156	1280

187	157	1338

188	157	1329

216	157	1284

225	157	1281

230	157	1269

189	158	1311

217	158	1311

224	158	1301

230	158	1287

189	159	1359

217	159	1297

224	159	1280

229	159	1275

188	160	1360

190	160	1336

217	160	1283

223	160	1290

229	160	1297

190	161	1350

218	161	1293

222	161	1309

228	161	1285

189	162	1360

190	162	1355

219	162	1282

220	162	1310

221	162	1302

228	162	1304

189	163	1345

191	163	1304

227	163	1284

189	164	1345

191	164	1303

227	164	1300

189	165	1314

190	165	1332

191	165	1321

227	165	1321

190	166	1323

192	166	1264

226	166	1288

190	167	1307

191	167	1316

226	167	1306

191	168	1338

225	168	1287

192	169	1309

225	169	1308

191	170	1344

224	170	1296

190	171	1318

191	171	1303

223	171	1293

192	172	1326

222	172	1288

192	173	1349

222	173	1317

193	174	1334

221	174	1306

194	175	1313

220	175	1301

193	176	1352

194	176	1351

195	176	1301

219	176	1303

196	177	1291

218	177	1307

196	178	1322

216	178	1302

217	178	1322

197	179	1297

215	179	1317

194	180	1350

197	180	1306

214	180	1325

195	181	1359

196	181	1349

214	181	1353

196	182	1350

213	182	1336

196	183	1351

213	183	1350

197	184	1333

212	184	1338

197	185	1339

212	185	1349

196	186	1360

211	186	1338

196	187	1328

211	187	1346

195	188	1344

211	188	1356

195	189	1351

210	189	1345

195	190	1348

210	190	1353

195	191	1357

209	191	1346

195	192	1350

209	192	1355

194	193	1358

208	193	1349

194	194	1352

208	194	1358

194	195	1359

207	195	1351

194	196	1358

206	196	1354

207	196	1359

195	197	1360

205	197	1356

196	198	1350

204	198	1355

196	199	1359

204	199	1358

191	200	1357

192	200	1340

197	200	1352

203	200	1356

197	201	1360

198	201	1356

201	201	1356

202	201	1357

199	202	1360

200	202	1359

191	204	1357

