206	123	1227

204	124	1221

205	124	1206

207	124	1208

208	124	1221

204	125	1205

209	125	1241

204	126	1205

209	126	1221

199	127	1210

200	127	1201

201	127	1204

204	127	1212

210	127	1251

220	127	1222

221	127	1216

222	127	1221

223	127	1238

198	128	1219

202	128	1208

205	128	1205

210	128	1223

219	128	1230

223	128	1224

198	129	1205

203	129	1225

205	129	1209

210	129	1218

219	129	1224

224	129	1255

198	130	1203

203	130	1216

205	130	1217

211	130	1252

219	130	1222

224	130	1236

197	131	1246

203	131	1212

205	131	1232

211	131	1238

219	131	1223

224	131	1235

193	132	1279

195	132	1316

196	132	1302

203	132	1209

206	132	1213

211	132	1231

219	132	1221

224	132	1238

194	133	1295

196	133	1301

203	133	1210

206	133	1217

212	133	1300

219	133	1223

224	133	1243

196	134	1275

204	134	1235

206	134	1221

212	134	1254

219	134	1223

224	134	1245

197	135	1276

205	135	1256

213	135	1296

219	135	1225

224	135	1249

198	136	1229

213	136	1259

219	136	1228

224	136	1252

190	137	1217

191	137	1213

192	137	1228

193	137	1271

195	137	1305

196	137	1305

197	137	1293

213	137	1248

218	137	1262

224	137	1260

190	138	1200

194	138	1275

195	138	1278

214	138	1295

215	138	1329

218	138	1243

224	138	1266

189	139	1209

194	139	1260

196	139	1318

197	139	1251

215	139	1326

217	139	1287

224	139	1276

189	140	1207

194	140	1239

198	140	1257

214	140	1280

217	140	1282

224	140	1290

189	141	1212

194	141	1232

199	141	1228

214	141	1305

217	141	1265

223	141	1244

189	142	1223

195	142	1267

199	142	1241

215	142	1331

216	142	1332

223	142	1247

190	143	1212

195	143	1235

199	143	1257

223	143	1255

190	144	1217

195	144	1224

200	144	1226

223	144	1271

190	145	1226

196	145	1264

200	145	1234

222	145	1257

191	146	1214

196	146	1231

200	146	1237

222	146	1265

191	147	1227

197	147	1248

198	147	1276

200	147	1253

222	147	1276

192	148	1216

199	148	1289

222	148	1300

192	149	1226

221	149	1260

235	149	1267

236	149	1254

237	149	1267

193	150	1219

221	150	1265

233	150	1260

234	150	1248

238	150	1281

193	151	1227

221	151	1267

232	151	1254

238	151	1285

193	152	1238

221	152	1267

231	152	1261

237	152	1253

193	153	1259

221	153	1264

230	153	1287

236	153	1242

192	154	1301

221	154	1259

230	154	1254

236	154	1267

192	155	1297

222	155	1285

229	155	1294

235	155	1249

193	156	1287

222	156	1272

229	156	1261

235	156	1272

193	157	1285

222	157	1265

228	157	1284

234	157	1256

194	158	1315

222	158	1255

228	158	1254

234	158	1280

194	159	1318

223	159	1262

227	159	1266

233	159	1260

194	160	1291

224	160	1256

225	160	1281

226	160	1272

233	160	1280

194	161	1268

232	161	1257

193	162	1279

194	162	1309

195	162	1312

232	162	1269

193	163	1321

196	163	1272

232	163	1292

196	164	1297

231	164	1262

196	165	1314

231	165	1274

196	166	1321

231	166	1297

195	167	1329

230	167	1276

196	168	1319

229	168	1268

197	169	1289

228	169	1265

196	170	1325

228	170	1294

197	171	1314

227	171	1290

195	172	1337

196	172	1325

197	172	1337

198	172	1305

226	172	1290

199	173	1283

225	173	1286

199	174	1318

224	174	1284

198	175	1318

200	175	1302

223	175	1287

201	176	1278

221	176	1278

222	176	1303

201	177	1296

219	177	1283

220	177	1302

201	178	1315

218	178	1298

201	179	1300

218	179	1327

201	180	1304

217	180	1312

201	181	1308

217	181	1328

200	182	1319

216	182	1315

199	183	1341

216	183	1331

198	184	1319

200	184	1303

215	184	1323

198	185	1337

199	185	1318

215	185	1333

198	186	1326

214	186	1328

198	187	1298

214	187	1335

198	188	1302

213	188	1328

198	189	1311

213	189	1335

198	190	1325

212	190	1329

198	191	1333

212	191	1338

198	192	1340

211	192	1334

199	193	1336

210	193	1332

199	194	1339

210	194	1340

200	195	1330

208	195	1336

209	195	1341

199	196	1341

206	196	1336

207	196	1340

200	197	1333

205	197	1337

200	198	1335

204	198	1338

205	198	1341

200	199	1341

201	199	1338

202	199	1337

203	199	1340

