157	123	1368

158	123	1373

159	123	1381

151	124	1378

152	124	1382

157	124	1371

159	124	1382

150	125	1374

152	125	1385

157	125	1371

159	125	1381

150	126	1373

152	126	1385

157	126	1373

159	126	1380

150	127	1374

152	127	1386

157	127	1376

159	127	1380

149	128	1373

152	128	1384

157	128	1376

159	128	1380

169	128	1385

170	128	1388

171	128	1391

149	129	1373

152	129	1384

157	129	1377

159	129	1381

169	129	1385

172	129	1398

149	130	1370

152	130	1386

156	130	1372

159	130	1381

168	130	1384

172	130	1401

149	131	1370

152	131	1389

156	131	1373

159	131	1382

168	131	1386

172	131	1404

137	132	1362

138	132	1367

149	132	1371

152	132	1388

156	132	1373

159	132	1383

167	132	1383

171	132	1394

137	133	1367

138	133	1370

149	133	1373

152	133	1385

156	133	1376

160	133	1392

167	133	1381

171	133	1397

137	134	1370

139	134	1372

149	134	1373

152	134	1384

155	134	1379

160	134	1397

166	134	1381

170	134	1393

137	135	1370

139	135	1371

149	135	1375

152	135	1387

154	135	1368

160	135	1401

165	135	1382

170	135	1396

137	136	1368

140	136	1373

149	136	1376

153	136	1382

161	136	1404

162	136	1335

164	136	1382

169	136	1391

138	137	1368

140	137	1373

148	137	1378

152	137	1384

154	137	1377

163	137	1361

169	137	1393

138	138	1366

141	138	1377

148	138	1381

153	138	1381

169	138	1394

139	139	1369

141	139	1376

148	139	1381

168	139	1394

139	140	1371

142	140	1379

148	140	1381

168	140	1401

139	141	1375

143	141	1380

146	141	1357

147	141	1378

167	141	1394

140	142	1378

144	142	1381

145	142	1397

166	142	1391

140	143	1375

166	143	1395

140	144	1374

165	144	1395

140	145	1377

165	145	1398

139	146	1410

164	146	1394

140	147	1384

164	147	1397

140	148	1378

163	148	1393

140	149	1373

163	149	1395

140	150	1380

163	150	1396

141	151	1388

163	151	1397

175	151	1398

176	151	1395

177	151	1401

141	152	1384

163	152	1398

171	152	1404

172	152	1401

173	152	1399

174	152	1400

178	152	1401

179	152	1405

142	153	1377

164	153	1404

168	153	1400

169	153	1400

170	153	1399

179	153	1408

142	154	1378

165	154	1412

167	154	1407

177	154	1406

178	154	1408

142	155	1379

166	155	1398

175	155	1401

176	155	1405

142	156	1379

173	156	1403

174	156	1405

142	157	1380

172	157	1404

142	158	1382

170	158	1402

171	158	1408

142	159	1380

169	159	1403

142	160	1376

168	160	1403

142	161	1379

167	161	1403

142	162	1388

166	162	1405

142	163	1395

164	163	1397

165	163	1403

142	164	1400

163	164	1398

142	165	1388

162	165	1402

143	166	1400

161	166	1408

143	167	1413

159	167	1406

160	167	1413

143	168	1410

158	168	1414

143	169	1411

157	169	1433

143	170	1414

157	170	1453

142	171	1431

156	171	1446

142	172	1417

156	172	1457

142	173	1418

156	173	1469

142	174	1429

156	174	1477

142	175	1431

156	175	1482

142	176	1437

155	176	1469

141	177	1474

155	177	1474

142	178	1448

155	178	1478

141	179	1449

154	179	1471

141	180	1452

154	180	1477

141	181	1458

153	181	1473

141	182	1469

153	182	1478

140	183	1479

152	183	1474

141	184	1472

152	184	1479

141	185	1473

151	185	1475

141	186	1480

151	186	1478

142	187	1481

143	187	1478

150	187	1478

144	188	1479

149	188	1479

144	189	1481

145	189	1479

146	189	1479

147	189	1481

148	189	1482

