161	151	1548

162	151	1550

161	152	1550

162	152	1550

161	153	1550

162	153	1551

151	154	1553

152	154	1547

153	154	1549

161	154	1549

163	154	1550

152	155	1548

154	155	1554

161	155	1548

163	155	1550

175	155	1567

176	155	1568

152	156	1548

154	156	1550

161	156	1549

163	156	1550

175	156	1564

176	156	1566

153	157	1547

154	157	1550

161	157	1552

163	157	1551

174	157	1565

176	157	1565

153	158	1549

155	158	1558

161	158	1550

164	158	1556

174	158	1567

176	158	1567

153	159	1552

155	159	1554

162	159	1550

164	159	1554

173	159	1567

176	159	1569

153	160	1554

156	160	1554

161	160	1549

164	160	1556

173	160	1565

176	160	1572

154	161	1554

157	161	1563

161	161	1551

164	161	1557

172	161	1566

175	161	1566

153	162	1556

157	162	1560

161	162	1550

164	162	1560

171	162	1550

175	162	1567

153	163	1559

158	163	1558

161	163	1553

164	163	1559

170	163	1564

175	163	1569

142	164	1542

143	164	1540

144	164	1544

154	164	1556

159	164	1559

160	164	1541

165	164	1562

170	164	1570

174	164	1567

142	165	1546

145	165	1546

154	165	1560

166	165	1569

169	165	1574

174	165	1568

143	166	1544

146	166	1547

154	166	1561

166	166	1564

169	166	1562

174	166	1567

143	167	1553

147	167	1549

154	167	1582

167	167	1563

168	167	1560

173	167	1564

144	168	1558

148	168	1548

155	168	1563

173	168	1568

145	169	1556

149	169	1546

150	169	1549

154	169	1593

172	169	1566

146	170	1550

151	170	1550

152	170	1551

153	170	1559

172	170	1569

147	171	1549

171	171	1564

148	172	1554

171	172	1563

148	173	1580

171	173	1563

149	174	1566

150	174	1557

170	174	1561

151	175	1559

170	175	1562

151	176	1566

171	176	1566

152	177	1556

171	177	1563

152	178	1558

172	178	1572

152	179	1561

172	179	1569

152	180	1560

173	180	1568

153	181	1566

174	181	1565

153	182	1573

175	182	1566

176	182	1571

179	182	1579

180	182	1577

181	182	1575

182	182	1573

183	182	1571

184	182	1573

185	182	1577

186	182	1579

187	182	1579

154	183	1568

177	183	1573

178	183	1574

188	183	1576

189	183	1578

154	184	1570

182	184	1572

183	184	1573

184	184	1573

185	184	1576

186	184	1578

187	184	1577

188	184	1576

154	185	1573

179	185	1571

180	185	1569

181	185	1573

154	186	1582

177	186	1572

178	186	1576

154	187	1593

174	187	1569

175	187	1574

176	187	1575

155	188	1583

172	188	1571

173	188	1573

155	189	1593

171	189	1581

155	190	1615

170	190	1588

156	191	1618

169	191	1619

157	192	1605

168	192	1648

158	193	1599

167	193	1650

158	194	1615

167	194	1654

159	195	1629

167	195	1664

160	196	1634

166	196	1658

161	197	1641

165	197	1655

161	198	1658

162	198	1659

163	198	1660

164	198	1661

165	198	1664

