162	151	1839

163	151	1835

162	152	1832

164	152	1831

154	153	1822

155	153	1823

163	153	1825

164	153	1829

154	154	1825

155	154	1820

163	154	1822

164	154	1828

154	155	1831

156	155	1819

163	155	1822

164	155	1824

155	156	1817

156	156	1815

163	156	1822

164	156	1821

176	156	1845

177	156	1851

155	157	1818

156	157	1815

162	157	1839

164	157	1819

175	157	1841

177	157	1849

155	158	1823

157	158	1822

162	158	1840

164	158	1819

174	158	1843

177	158	1849

155	159	1829

157	159	1820

162	159	1836

165	159	1828

174	159	1832

176	159	1837

146	160	1824

155	160	1833

158	160	1825

162	160	1836

165	160	1828

173	160	1831

176	160	1844

146	161	1811

147	161	1811

156	161	1822

158	161	1818

162	161	1831

165	161	1828

172	161	1834

175	161	1838

146	162	1811

148	162	1810

156	162	1822

159	162	1823

161	162	1868

165	162	1828

172	162	1826

175	162	1845

147	163	1809

149	163	1814

156	163	1828

160	163	1832

165	163	1830

170	163	1835

171	163	1827

174	163	1833

148	164	1805

150	164	1814

156	164	1839

165	164	1831

170	164	1823

174	164	1839

149	165	1807

151	165	1814

157	165	1826

166	165	1837

167	165	1848

168	165	1833

169	165	1823

173	165	1835

149	166	1821

152	166	1809

153	166	1819

157	166	1825

172	166	1829

150	167	1821

151	167	1811

154	167	1813

155	167	1820

156	167	1821

171	167	1828

152	168	1813

171	168	1837

152	169	1824

170	169	1831

153	170	1821

170	170	1831

153	171	1826

170	171	1832

153	172	1833

169	172	1817

153	173	1847

169	173	1820

154	174	1825

170	174	1829

154	175	1829

170	175	1826

154	176	1835

171	176	1836

154	177	1850

171	177	1824

155	178	1832

172	178	1831

155	179	1836

173	179	1828

174	179	1841

155	180	1833

175	180	1829

176	180	1839

155	181	1834

177	181	1835

178	181	1838

179	181	1839

180	181	1840

181	181	1844

182	181	1851

155	182	1842

173	182	1826

174	182	1828

175	182	1830

176	182	1836

177	182	1842

178	182	1845

179	182	1843

180	182	1842

181	182	1841

182	182	1846

183	182	1853

184	182	1870

155	183	1866

170	183	1828

171	183	1835

172	183	1838

155	184	1887

167	184	1829

168	184	1835

169	184	1844

155	185	1888

165	185	1846

166	185	1849

154	186	1891

164	186	1871

154	187	1878

164	187	1892

154	188	1877

164	188	1902

153	189	1911

163	189	1884

153	190	1900

163	190	1895

153	191	1898

163	191	1906

153	192	1897

163	192	1928

153	193	1898

162	193	1903

152	194	1923

162	194	1910

152	195	1929

162	195	1915

153	196	1905

162	196	1929

152	197	1928

161	197	1911

152	198	1924

161	198	1921

152	199	1921

161	199	1928

152	200	1920

160	200	1918

152	201	1920

160	201	1928

152	202	1920

159	202	1923

152	203	1922

159	203	1928

152	204	1924

153	204	1921

154	204	1921

155	204	1919

156	204	1916

157	204	1917

158	204	1923

