314	144	1450

315	144	1451

313	145	1437

316	145	1437

312	146	1446

316	146	1430

301	147	1453

302	147	1446

303	147	1456

312	147	1440

316	147	1432

300	148	1458

303	148	1443

311	148	1471

316	148	1439

319	148	1459

320	148	1430

321	148	1424

322	148	1433

300	149	1453

304	149	1461

311	149	1455

316	149	1445

319	149	1434

322	149	1423

299	150	1481

304	150	1455

311	150	1451

316	150	1453

319	150	1433

323	150	1451

299	151	1485

304	151	1456

311	151	1449

316	151	1475

318	151	1458

323	151	1466

299	152	1492

304	152	1455

310	152	1486

315	152	1441

318	152	1444

322	152	1429

299	153	1502

304	153	1452

310	153	1468

315	153	1449

318	153	1439

322	153	1432

300	154	1468

305	154	1481

310	154	1461

315	154	1454

318	154	1436

322	154	1438

300	155	1469

305	155	1479

309	155	1485

315	155	1469

318	155	1436

322	155	1449

300	156	1471

305	156	1473

309	156	1480

315	156	1463

318	156	1438

322	156	1456

326	156	1417

300	157	1471

305	157	1470

309	157	1474

315	157	1463

317	157	1455

322	157	1465

325	157	1431

327	157	1410

300	158	1476

306	158	1510

309	158	1471

316	158	1490

322	158	1481

325	158	1428

328	158	1409

300	159	1487

306	159	1496

309	159	1469

321	159	1444

324	159	1450

327	159	1416

300	160	1504

306	160	1477

309	160	1464

321	160	1448

324	160	1442

327	160	1416

300	161	1527

307	161	1497

309	161	1464

321	161	1457

324	161	1437

327	161	1416

301	162	1494

308	162	1506

321	162	1472

323	162	1467

327	162	1417

301	163	1508

320	163	1449

323	163	1443

327	163	1419

301	164	1523

320	164	1459

322	164	1470

326	164	1422

302	165	1492

320	165	1487

322	165	1445

326	165	1420

286	166	1518

287	166	1507

288	166	1513

302	166	1494

321	166	1462

326	166	1416

285	167	1532

289	167	1489

290	167	1515

302	167	1494

325	167	1427

286	168	1498

291	168	1508

302	168	1493

325	168	1436

287	169	1491

292	169	1517

302	169	1491

324	169	1443

287	170	1523

292	170	1494

301	170	1536

324	170	1456

288	171	1511

293	171	1502

301	171	1514

323	171	1452

289	172	1507

294	172	1503

301	172	1493

323	172	1460

290	173	1504

295	173	1503

300	173	1496

323	173	1474

291	174	1499

296	174	1491

297	174	1500

298	174	1496

299	174	1489

322	174	1446

291	175	1529

322	175	1451

292	176	1514

322	176	1456

293	177	1503

322	177	1466

293	178	1526

322	178	1480

294	179	1518

322	179	1492

295	180	1516

321	180	1457

296	181	1511

321	181	1459

297	182	1505

321	182	1465

297	183	1531

321	183	1474

298	184	1519

321	184	1491

299	185	1518

320	185	1477

300	186	1520

319	186	1476

301	187	1527

319	187	1497

302	188	1539

318	188	1491

303	189	1550

318	189	1513

304	190	1547

318	190	1527

305	191	1534

317	191	1508

305	192	1547

317	192	1514

305	193	1554

317	193	1517

305	194	1562

317	194	1522

306	195	1543

317	195	1525

306	196	1550

317	196	1534

306	197	1552

317	197	1539

306	198	1554

317	198	1539

306	199	1562

317	199	1542

307	200	1542

317	200	1541

307	201	1549

317	201	1541

307	202	1556

317	202	1545

307	203	1563

317	203	1552

308	204	1555

317	204	1555

308	205	1556

317	205	1556

308	206	1558

317	206	1562

308	207	1562

316	207	1558

309	208	1557

316	208	1563

309	209	1565

310	209	1560

315	209	1558

311	210	1563

315	210	1560

312	211	1565

313	211	1562

314	211	1561

315	211	1565

