160	126	1424

161	126	1425

162	126	1425

160	127	1429

162	127	1429

154	128	1418

155	128	1422

156	128	1426

160	128	1430

162	128	1431

153	129	1421

157	129	1429

159	129	1429

162	129	1433

153	130	1422

157	130	1431

158	130	1423

162	130	1433

168	130	1420

169	130	1423

170	130	1428

153	131	1424

156	131	1431

158	131	1425

163	131	1440

167	131	1421

171	131	1436

153	132	1424

156	132	1432

158	132	1429

163	132	1445

167	132	1427

170	132	1429

152	133	1426

155	133	1429

159	133	1432

163	133	1451

167	133	1427

170	133	1432

152	134	1425

156	134	1437

158	134	1433

162	134	1442

166	134	1428

169	134	1431

152	135	1426

156	135	1438

158	135	1437

162	135	1444

166	135	1427

169	135	1432

140	136	1424

141	136	1424

152	136	1429

157	136	1439

162	136	1442

165	136	1427

169	136	1437

140	137	1424

142	137	1426

152	137	1430

162	137	1444

166	137	1430

169	137	1441

140	138	1425

142	138	1426

152	138	1432

163	138	1454

165	138	1435

169	138	1445

140	139	1425

143	139	1434

152	139	1432

164	139	1437

169	139	1446

140	140	1427

143	140	1433

151	140	1438

169	140	1447

141	141	1430

144	141	1432

150	141	1432

169	141	1450

141	142	1430

144	142	1433

151	142	1438

169	142	1455

141	143	1430

145	143	1433

151	143	1439

168	143	1450

142	144	1432

145	144	1432

150	144	1440

168	144	1457

142	145	1433

146	145	1434

147	145	1444

148	145	1474

149	145	1491

167	145	1453

143	146	1433

167	146	1458

143	147	1435

167	147	1457

143	148	1439

167	148	1459

143	149	1442

167	149	1459

143	150	1449

166	150	1455

143	151	1449

166	151	1454

144	152	1438

166	152	1454

180	152	1445

181	152	1448

143	153	1440

167	153	1457

176	153	1444

177	153	1441

178	153	1438

179	153	1440

182	153	1451

144	154	1427

167	154	1458

173	154	1457

174	154	1451

175	154	1449

182	154	1453

143	155	1443

168	155	1462

169	155	1467

170	155	1478

171	155	1463

172	155	1453

180	155	1451

181	155	1456

143	156	1442

179	156	1454

143	157	1444

178	157	1460

143	158	1427

176	158	1455

177	158	1464

143	159	1427

175	159	1453

143	160	1443

174	160	1454

144	161	1445

173	161	1457

143	162	1525

144	162	1460

172	162	1460

145	163	1445

171	163	1463

145	164	1450

170	164	1466

145	165	1449

169	165	1475

145	166	1480

167	166	1462

168	166	1480

146	167	1450

166	167	1470

146	168	1447

165	168	1478

145	169	1462

163	169	1479

164	169	1486

145	170	1456

162	170	1486

145	171	1450

162	171	1500

144	172	1432

161	172	1489

144	173	1446

161	173	1494

144	174	1452

161	174	1504

143	175	1461

160	175	1499

143	176	1453

160	176	1507

142	177	1476

160	177	1514

142	178	1458

160	178	1518

142	179	1458

160	179	1524

141	180	1452

160	180	1529

141	181	1464

159	181	1526

141	182	1464

159	182	1533

140	183	1474

158	183	1524

140	184	1475

158	184	1530

139	185	1472

157	185	1524

139	186	1474

157	186	1532

139	187	1479

156	187	1521

138	188	1481

156	188	1528

138	189	1485

155	189	1520

137	190	1516

155	190	1524

137	191	1504

138	191	1490

139	191	1484

140	191	1479

141	191	1477

142	191	1473

143	191	1473

144	191	1472

145	191	1473

146	191	1473

147	191	1475

148	191	1476

149	191	1478

150	191	1484

151	191	1491

152	191	1498

153	191	1505

154	191	1514

155	191	1529

