175	158	1922

176	158	1927

170	159	1925

171	159	1923

175	159	1917

176	159	1922

170	160	1916

171	160	1917

175	160	1912

176	160	1921

170	161	1916

171	161	1921

175	161	1910

176	161	1918

169	162	1916

171	162	1924

174	162	1915

176	162	1919

183	162	1937

184	162	1941

169	163	1917

172	163	1963

174	163	1915

176	163	1922

183	163	1933

184	163	1938

160	164	1945

169	164	1914

173	164	1936

175	164	1910

182	164	1934

184	164	1939

160	165	1929

161	165	1930

169	165	1915

175	165	1912

182	165	1925

183	165	1929

160	166	1927

161	166	1924

168	166	1933

175	166	1912

181	166	1928

183	166	1927

160	167	1929

162	167	1926

168	167	1926

175	167	1917

180	167	1934

183	167	1938

161	168	1919

162	168	1920

168	168	1921

175	168	1922

179	168	1942

182	168	1926

161	169	1927

163	169	1930

168	169	1924

176	169	1950

179	169	1926

182	169	1937

162	170	1925

163	170	1923

168	170	1920

177	170	1985

178	170	1926

181	170	1928

162	171	1930

164	171	1922

167	171	1948

181	171	1939

162	172	1933

165	172	1917

166	172	1928

180	172	1932

163	173	1921

180	173	1950

163	174	1928

179	174	1931

163	175	1934

179	175	1938

163	176	1939

178	176	1927

163	177	1943

178	177	1934

163	178	1945

178	178	1936

163	179	1950

178	179	1933

184	179	1944

185	179	1940

186	179	1937

187	179	1937

188	179	1941

189	179	1951

163	180	1956

179	180	1936

182	180	1941

183	180	1936

187	180	1945

188	180	1959

163	181	1959

180	181	1930

181	181	1933

185	181	1937

186	181	1950

163	182	1958

184	182	1943

164	183	1928

183	183	1946

164	184	1933

182	184	1948

164	185	1940

181	185	1946

164	186	1943

179	186	1932

180	186	1954

164	187	1958

178	187	1938

165	188	1951

176	188	1936

177	188	1952

164	189	1994

175	189	1949

163	190	2006

174	190	1974

163	191	1983

173	191	1983

163	192	1972

172	192	1965

162	193	1995

172	193	1985

162	194	1983

171	194	1978

161	195	2002

171	195	1994

161	196	1985

170	196	1979

161	197	1983

170	197	1994

161	198	1983

170	198	2005

160	199	2007

169	199	1993

160	200	1996

169	200	2010

160	201	1989

168	201	1997

159	202	2009

168	202	2011

159	203	1999

167	203	2000

159	204	1996

167	204	2010

158	205	2010

166	205	2000

158	206	2007

166	206	2004

158	207	2005

159	207	1995

160	207	1994

161	207	1992

162	207	1990

163	207	1990

164	207	1993

165	207	2000

166	207	2014

