197	126	1335

198	126	1339

199	126	1350

196	127	1335

200	127	1360

192	128	1365

193	128	1337

196	128	1333

200	128	1345

191	129	1344

194	129	1330

195	129	1333

201	129	1359

208	129	1359

209	129	1354

210	129	1363

191	130	1327

201	130	1345

207	130	1361

211	130	1372

188	131	1302

189	131	1308

190	131	1343

202	131	1355

207	131	1353

211	131	1364

190	132	1358

202	132	1354

207	132	1354

211	132	1362

187	133	1300

190	133	1381

202	133	1350

207	133	1355

211	133	1359

187	134	1340

188	134	1349

190	134	1355

203	134	1380

207	134	1356

212	134	1391

186	135	1356

189	135	1354

204	135	1404

205	135	1407

206	135	1376

212	135	1387

186	136	1331

205	136	1392

212	136	1385

186	137	1323

204	137	1378

206	137	1379

212	137	1378

185	138	1329

204	138	1377

207	138	1363

213	138	1418

185	139	1325

204	139	1369

207	139	1360

213	139	1423

185	140	1325

205	140	1394

206	140	1380

212	140	1383

185	141	1328

212	141	1384

185	142	1326

205	142	1384

212	142	1384

186	143	1323

204	143	1359

206	143	1367

213	143	1432

186	144	1324

204	144	1364

207	144	1358

214	144	1440

215	144	1440

216	144	1436

218	144	1363

219	144	1348

220	144	1357

186	145	1327

204	145	1370

207	145	1358

213	145	1399

215	145	1428

217	145	1359

221	145	1393

186	146	1332

204	146	1367

206	146	1364

212	146	1394

215	146	1422

220	146	1354

186	147	1336

205	147	1368

213	147	1442

215	147	1414

220	147	1359

187	148	1328

213	148	1438

215	148	1394

220	148	1359

187	149	1333

214	149	1442

220	149	1360

187	150	1332

213	150	1443

220	150	1360

187	151	1322

212	151	1397

214	151	1436

220	151	1359

187	152	1354

212	152	1395

215	152	1381

220	152	1361

186	153	1382

188	153	1332

212	153	1394

215	153	1375

220	153	1367

189	154	1328

212	154	1392

214	154	1441

220	154	1370

188	155	1338

213	155	1427

220	155	1373

186	156	1371

187	156	1355

220	156	1380

186	157	1349

220	157	1390

186	158	1362

219	158	1354

187	159	1363

219	159	1356

187	160	1362

219	160	1360

186	161	1358

187	161	1396

219	161	1366

188	162	1383

219	162	1375

188	163	1379

219	163	1399

187	164	1420

188	164	1393

218	164	1379

189	165	1359

217	165	1364

189	166	1368

217	166	1388

188	167	1423

216	167	1374

189	168	1379

215	168	1361

188	169	1366

189	169	1386

215	169	1380

190	170	1377

214	170	1368

191	171	1355

214	171	1398

191	172	1383

212	172	1367

213	172	1397

190	173	1424

192	173	1379

211	173	1372

191	174	1428

211	174	1405

191	175	1374

210	175	1391

192	176	1385

210	176	1414

191	177	1402

210	177	1427

192	178	1426

210	178	1437

193	179	1413

209	179	1405

193	180	1421

209	180	1418

192	181	1427

193	181	1422

209	181	1426

192	182	1423

194	182	1383

209	182	1431

194	183	1392

209	183	1437

193	184	1432

209	184	1441

193	185	1388

208	185	1412

194	186	1372

208	186	1417

193	187	1428

195	187	1367

208	187	1422

193	188	1424

194	188	1389

208	188	1425

193	189	1407

208	189	1427

193	190	1395

208	190	1431

193	191	1418

208	191	1434

193	192	1424

208	192	1437

194	193	1410

208	193	1437

193	194	1436

208	194	1438

193	195	1426

194	195	1407

195	195	1395

196	195	1388

197	195	1389

198	195	1389

199	195	1388

200	195	1390

201	195	1393

202	195	1397

203	195	1402

204	195	1405

205	195	1412

206	195	1417

207	195	1426

208	195	1436

