168	127	1434

169	127	1449

170	127	1454

171	127	1461

167	128	1414

171	128	1461

164	129	1455

165	129	1461

166	129	1460

171	129	1464

162	130	1473

163	130	1456

171	130	1467

177	130	1465

178	130	1466

179	130	1472

162	131	1461

172	131	1479

176	131	1459

179	131	1474

162	132	1456

172	132	1481

175	132	1457

179	132	1477

162	133	1457

172	133	1483

173	133	1546

175	133	1458

179	133	1481

161	134	1440

171	134	1470

175	134	1455

179	134	1480

161	135	1444

171	135	1468

176	135	1463

179	135	1480

161	136	1454

171	136	1469

175	136	1460

179	136	1479

161	137	1457

171	137	1470

175	137	1462

178	137	1476

161	138	1458

171	138	1472

174	138	1450

178	138	1475

151	139	1462

152	139	1471

160	139	1459

172	139	1488

174	139	1463

178	139	1479

151	140	1459

152	140	1466

160	140	1464

173	140	1460

178	140	1481

151	141	1458

153	141	1474

159	141	1476

177	141	1480

151	142	1456

153	142	1469

159	142	1450

177	142	1479

151	143	1454

154	143	1471

159	143	1459

177	143	1481

151	144	1452

154	144	1466

159	144	1486

177	144	1481

152	145	1457

155	145	1464

156	145	1470

158	145	1483

177	145	1485

152	146	1449

157	146	1478

176	146	1480

152	147	1423

176	147	1480

152	148	1428

176	148	1481

153	149	1455

176	149	1481

153	150	1451

176	150	1480

154	151	1453

176	151	1480

153	152	1451

176	152	1478

188	152	1464

189	152	1469

190	152	1471

154	153	1452

176	153	1476

184	153	1481

185	153	1471

186	153	1468

187	153	1463

191	153	1475

154	154	1451

177	154	1480

182	154	1488

183	154	1480

191	154	1479

153	155	1446

178	155	1483

181	155	1470

189	155	1472

190	155	1478

153	156	1448

179	156	1488

180	156	1481

188	156	1477

153	157	1455

187	157	1477

154	158	1451

186	158	1479

153	159	1426

185	159	1481

153	160	1430

184	160	1480

154	161	1442

183	161	1481

154	162	1443

182	162	1482

154	163	1447

181	163	1485

154	164	1450

179	164	1481

180	164	1489

154	165	1442

178	165	1483

155	166	1465

177	166	1487

155	167	1449

176	167	1490

155	168	1455

174	168	1483

175	168	1492

155	169	1454

173	169	1494

154	170	1423

172	170	1503

154	171	1470

172	171	1515

154	172	1478

171	172	1508

154	173	1466

171	173	1518

154	174	1460

170	174	1509

153	175	1473

170	175	1518

152	176	1456

170	176	1524

153	177	1469

170	177	1539

152	178	1471

169	178	1531

151	179	1471

169	179	1538

151	180	1452

169	180	1541

151	181	1465

169	181	1546

150	182	1432

168	182	1538

150	183	1464

168	183	1546

150	184	1478

168	184	1555

149	185	1491

167	185	1547

149	186	1491

167	186	1557

148	187	1479

166	187	1545

148	188	1487

149	188	1491

150	188	1491

151	188	1489

152	188	1487

153	188	1486

154	188	1486

155	188	1487

156	188	1486

157	188	1486

158	188	1487

159	188	1489

160	188	1492

161	188	1499

162	188	1507

163	188	1518

164	188	1527

165	188	1538

166	188	1556

