209	97	1216

210	97	1215

211	97	1231

208	98	1216

212	98	1232

199	99	1234

200	99	1203

201	99	1228

207	99	1225

212	99	1220

198	100	1207

202	100	1204

207	100	1222

212	100	1219

198	101	1195

203	101	1255

207	101	1219

212	101	1217

197	102	1219

203	102	1219

207	102	1218

213	102	1297

219	102	1247

220	102	1230

221	102	1233

197	103	1202

203	103	1213

207	103	1220

213	103	1310

218	103	1263

222	103	1237

197	104	1202

203	104	1243

207	104	1219

213	104	1256

218	104	1231

223	104	1266

197	105	1201

203	105	1255

207	105	1219

213	105	1277

217	105	1276

223	105	1263

197	106	1198

203	106	1268

206	106	1249

213	106	1278

217	106	1241

223	106	1273

197	107	1198

203	107	1251

206	107	1235

213	107	1290

217	107	1230

223	107	1304

197	108	1198

203	108	1248

206	108	1221

213	108	1306

217	108	1227

222	108	1235

197	109	1197

203	109	1243

206	109	1218

212	109	1225

216	109	1266

222	109	1238

197	110	1197

203	110	1228

206	110	1220

212	110	1225

216	110	1236

222	110	1243

184	111	1211

185	111	1200

186	111	1201

187	111	1213

197	111	1199

203	111	1242

206	111	1222

212	111	1232

216	111	1229

222	111	1254

184	112	1202

188	112	1218

197	112	1204

203	112	1244

206	112	1221

212	112	1235

215	112	1257

221	112	1232

184	113	1201

189	113	1238

197	113	1205

203	113	1231

205	113	1240

212	113	1240

215	113	1240

221	113	1235

184	114	1202

189	114	1210

197	114	1207

203	114	1228

205	114	1234

212	114	1243

215	114	1232

221	114	1241

184	115	1205

190	115	1223

191	115	1268

196	115	1243

204	115	1262

212	115	1249

214	115	1255

221	115	1250

185	116	1202

191	116	1239

197	116	1209

212	116	1254

214	116	1233

221	116	1286

185	117	1210

192	117	1255

196	117	1261

212	117	1264

214	117	1228

220	117	1239

186	118	1202

192	118	1227

196	118	1253

213	118	1258

220	118	1248

186	119	1209

193	119	1251

196	119	1260

220	119	1256

187	120	1204

194	120	1266

196	120	1264

220	120	1288

187	121	1214

195	121	1276

219	121	1240

188	122	1208

219	122	1251

188	123	1214

219	123	1268

188	124	1224

219	124	1291

188	125	1238

218	125	1240

186	126	1278

187	126	1275

218	126	1240

187	127	1302

218	127	1242

187	128	1209

218	128	1241

186	129	1236

218	129	1239

230	129	1275

231	129	1245

232	129	1234

233	129	1231

234	129	1227

235	129	1230

186	130	1201

218	130	1235

228	130	1271

229	130	1238

236	130	1231

187	131	1266

188	131	1303

219	131	1287

224	131	1304

225	131	1289

226	131	1267

227	131	1248

236	131	1233

187	132	1244

189	132	1228

220	132	1303

221	132	1308

223	132	1296

236	132	1247

187	133	1265

188	133	1238

222	133	1297

234	133	1234

235	133	1255

186	134	1246

233	134	1239

186	135	1254

233	135	1282

187	136	1281

231	136	1250

232	136	1307

187	137	1297

230	137	1255

188	138	1290

229	138	1257

188	139	1271

228	139	1263

189	140	1246

227	140	1271

189	141	1306

190	141	1305

226	141	1271

189	142	1284

191	142	1245

225	142	1270

189	143	1283

190	143	1285

223	143	1251

224	143	1276

189	144	1276

222	144	1262

190	145	1289

221	145	1274

190	146	1308

219	146	1257

220	146	1294

190	147	1289

218	147	1263

190	148	1277

217	148	1265

190	149	1304

215	149	1257

216	149	1273

191	150	1299

214	150	1279

190	151	1299

213	151	1294

189	152	1315

212	152	1283

189	153	1315

212	153	1299

189	154	1281

211	154	1276

188	155	1298

211	155	1291

188	156	1299

210	156	1277

186	157	1306

187	157	1286

210	157	1293

186	158	1309

210	158	1310

187	159	1254

209	159	1292

186	160	1307

209	160	1301

184	161	1313

186	161	1292

209	161	1313

186	162	1285

208	162	1294

186	163	1269

208	163	1300

185	164	1296

208	164	1308

183	165	1293

185	165	1280

207	165	1293

184	166	1312

207	166	1306

184	167	1257

206	167	1296

184	168	1245

206	168	1305

184	169	1255

206	169	1314

181	170	1287

183	170	1263

184	170	1258

185	170	1254

186	170	1249

187	170	1248

188	170	1246

189	170	1246

190	170	1245

191	170	1247

192	170	1246

193	170	1245

194	170	1243

195	170	1243

196	170	1245

197	170	1248

198	170	1253

199	170	1257

200	170	1258

201	170	1261

202	170	1266

203	170	1275

204	170	1286

205	170	1302

