211	95	1221

212	95	1232

210	96	1201

213	96	1205

209	97	1202

214	97	1204

201	98	1176

202	98	1175

203	98	1181

204	98	1227

209	98	1201

214	98	1201

200	99	1170

204	99	1178

209	99	1200

214	99	1199

199	100	1183

205	100	1215

209	100	1199

214	100	1199

199	101	1179

205	101	1221

209	101	1199

214	101	1197

220	101	1252

221	101	1212

222	101	1206

223	101	1206

199	102	1177

205	102	1225

208	102	1236

215	102	1244

220	102	1215

224	102	1206

225	102	1245

199	103	1174

205	103	1235

209	103	1196

215	103	1271

220	103	1209

225	103	1228

199	104	1175

205	104	1249

208	104	1214

214	104	1206

219	104	1225

225	104	1242

199	105	1174

204	105	1183

208	105	1208

215	105	1296

219	105	1214

224	105	1212

199	106	1178

204	106	1184

208	106	1205

215	106	1296

219	106	1211

224	106	1215

198	107	1228

204	107	1186

208	107	1203

214	107	1207

218	107	1249

224	107	1219

198	108	1206

205	108	1226

208	108	1202

214	108	1209

218	108	1222

224	108	1224

186	109	1190

187	109	1191

198	109	1204

205	109	1242

207	109	1234

214	109	1213

218	109	1214

224	109	1234

185	110	1188

188	110	1185

198	110	1212

205	110	1225

207	110	1222

214	110	1217

217	110	1268

224	110	1267

185	111	1183

189	111	1190

198	111	1213

205	111	1224

207	111	1215

214	111	1223

217	111	1225

223	111	1217

185	112	1186

190	112	1200

198	112	1208

205	112	1238

207	112	1212

214	112	1222

217	112	1216

223	112	1220

185	113	1191

191	113	1218

198	113	1205

205	113	1225

207	113	1211

214	113	1224

217	113	1213

223	113	1227

186	114	1182

192	114	1232

198	114	1211

206	114	1255

214	114	1223

216	114	1221

223	114	1238

186	115	1191

193	115	1229

198	115	1211

215	115	1259

222	115	1222

186	116	1210

193	116	1219

198	116	1218

222	116	1225

187	117	1191

194	117	1242

198	117	1230

214	117	1270

222	117	1232

187	118	1204

195	118	1248

198	118	1229

213	118	1218

215	118	1222

222	118	1243

188	119	1192

196	119	1259

197	119	1284

214	119	1260

221	119	1220

188	120	1201

221	120	1223

189	121	1196

221	121	1229

189	122	1210

221	122	1243

189	123	1220

220	123	1222

187	124	1297

189	124	1240

220	124	1222

189	125	1239

220	125	1223

188	126	1293

220	126	1225

188	127	1287

220	127	1224

188	128	1261

220	128	1220

234	128	1205

235	128	1206

236	128	1205

237	128	1207

238	128	1213

188	129	1260

220	129	1217

226	129	1289

230	129	1265

231	129	1216

232	129	1209

233	129	1201

238	129	1206

185	130	1279

187	130	1288

189	130	1294

221	130	1269

225	130	1279

227	130	1264

228	130	1270

229	130	1226

238	130	1212

186	131	1263

187	131	1264

190	131	1278

222	131	1298

225	131	1274

238	131	1231

187	132	1243

189	132	1273

222	132	1246

224	132	1282

237	132	1233

188	133	1229

189	133	1283

223	133	1235

236	133	1241

188	134	1275

190	134	1283

235	134	1246

188	135	1279

190	135	1280

234	135	1248

188	136	1263

189	136	1230

233	136	1254

189	137	1268

231	137	1230

232	137	1268

189	138	1256

191	138	1264

230	138	1233

190	139	1250

192	139	1220

229	139	1237

190	140	1276

191	140	1253

228	140	1240

190	141	1266

191	141	1268

227	141	1237

192	142	1283

226	142	1244

190	143	1262

192	143	1260

224	143	1242

225	143	1265

191	144	1272

193	144	1218

223	144	1249

191	145	1275

192	145	1266

221	145	1234

222	145	1258

191	146	1268

220	146	1243

191	147	1276

219	147	1246

192	148	1289

218	148	1255

193	149	1252

216	149	1251

217	149	1280

190	150	1280

191	150	1270

192	150	1275

215	150	1269

191	151	1260

214	151	1264

190	152	1247

214	152	1277

189	153	1275

213	153	1259

189	154	1239

213	154	1275

189	155	1237

212	155	1262

189	156	1255

212	156	1275

187	157	1290

189	157	1261

212	157	1291

189	158	1266

211	158	1272

186	159	1242

189	159	1246

211	159	1286

185	160	1286

188	160	1260

210	160	1271

187	161	1289

210	161	1280

185	162	1299

186	162	1290

210	162	1291

185	163	1265

209	163	1275

185	164	1267

209	164	1283

185	165	1248

209	165	1291

183	166	1259

184	166	1258

185	166	1255

186	166	1239

187	166	1228

188	166	1225

189	166	1225

190	166	1225

191	166	1224

192	166	1222

193	166	1221

194	166	1219

195	166	1219

196	166	1220

197	166	1220

198	166	1221

199	166	1221

200	166	1223

201	166	1227

202	166	1232

203	166	1237

204	166	1242

205	166	1249

206	166	1254

207	166	1263

208	166	1279

