177	115	1435

176	116	1431

178	116	1437

176	117	1433

178	117	1437

169	118	1426

175	118	1435

179	118	1446

168	119	1422

170	119	1427

176	119	1435

179	119	1443

186	119	1439

187	119	1437

188	119	1436

167	120	1421

171	120	1438

176	120	1435

179	120	1443

186	120	1439

189	120	1440

167	121	1420

171	121	1435

176	121	1434

179	121	1442

186	121	1437

189	121	1442

167	122	1421

171	122	1431

175	122	1438

179	122	1443

185	122	1442

189	122	1446

167	123	1423

172	123	1394

175	123	1438

179	123	1446

185	123	1443

189	123	1448

167	124	1425

172	124	1443

175	124	1438

180	124	1453

185	124	1442

189	124	1445

167	125	1428

173	125	1458

174	125	1449

180	125	1453

184	125	1425

189	125	1446

168	126	1428

181	126	1465

184	126	1446

189	126	1450

168	127	1428

182	127	1499

184	127	1443

189	127	1457

168	128	1428

183	128	1454

189	128	1449

168	129	1430

189	129	1453

168	130	1431

189	130	1458

168	131	1430

190	131	1427

156	132	1403

157	132	1404

168	132	1430

189	132	1448

156	133	1405

158	133	1408

168	133	1430

174	133	1452

189	133	1425

156	134	1407

159	134	1409

168	134	1434

173	134	1440

175	134	1450

188	134	1460

156	135	1408

160	135	1410

168	135	1437

174	135	1441

188	135	1462

156	136	1418

161	136	1413

168	136	1443

188	136	1466

157	137	1423

162	137	1420

163	137	1423

167	137	1392

187	137	1454

157	138	1414

164	138	1427

165	138	1435

166	138	1447

187	138	1456

158	139	1424

187	139	1458

159	140	1436

186	140	1451

160	141	1449

187	141	1456

161	142	1448

187	142	1453

161	143	1458

187	143	1447

162	144	1443

188	144	1452

196	144	1496

197	144	1480

198	144	1471

199	144	1468

200	144	1470

201	144	1469

202	144	1473

203	144	1478

163	145	1447

189	145	1452

194	145	1479

195	145	1468

204	145	1474

163	146	1487

190	146	1452

192	146	1486

193	146	1469

205	146	1485

163	147	1481

191	147	1459

203	147	1481

204	147	1489

164	148	1445

201	148	1474

202	148	1488

164	149	1456

199	149	1475

200	149	1485

165	150	1439

198	150	1483

165	151	1436

196	151	1472

197	151	1481

165	152	1440

195	152	1477

164	153	1485

194	153	1477

165	154	1453

193	154	1479

165	155	1442

192	155	1478

166	156	1460

190	156	1475

191	156	1469

166	157	1470

189	157	1476

167	158	1475

188	158	1479

166	159	1485

187	159	1485

166	160	1477

185	160	1481

186	160	1485

166	161	1471

184	161	1493

166	162	1454

184	162	1499

166	163	1456

183	163	1492

164	164	1449

165	164	1461

183	164	1503

165	165	1460

182	165	1500

164	166	1469

182	166	1503

163	167	1474

182	167	1509

163	168	1462

181	168	1509

162	169	1451

181	169	1517

162	170	1460

181	170	1523

161	171	1467

180	171	1514

162	172	1468

180	172	1518

161	173	1476

180	173	1526

160	174	1454

180	174	1537

161	175	1476

179	175	1535

160	176	1478

178	176	1529

159	177	1488

178	177	1537

159	178	1485

178	178	1540

158	179	1469

177	179	1533

158	180	1479

177	180	1540

158	181	1488

176	181	1531

157	182	1496

158	182	1486

159	182	1482

160	182	1479

161	182	1476

162	182	1474

163	182	1475

164	182	1476

165	182	1474

166	182	1473

167	182	1474

168	182	1477

169	182	1477

170	182	1476

171	182	1479

172	182	1485

173	182	1495

174	182	1504

175	182	1517

176	182	1536

