192	109	1337

193	109	1339

191	110	1329

194	110	1328

186	111	1338

187	111	1348

191	111	1324

195	111	1337

185	112	1328

188	112	1348

191	112	1324

195	112	1332

203	112	1367

204	112	1358

184	113	1327

188	113	1335

191	113	1324

195	113	1329

202	113	1362

205	113	1354

184	114	1325

188	114	1334

190	114	1323

196	114	1339

202	114	1347

205	114	1350

184	115	1327

188	115	1333

191	115	1325

196	115	1343

201	115	1359

206	115	1385

184	116	1329

188	116	1334

191	116	1328

196	116	1352

201	116	1354

205	116	1353

184	117	1328

188	117	1334

190	117	1327

196	117	1346

201	117	1349

205	117	1352

184	118	1327

188	118	1336

190	118	1334

196	118	1342

201	118	1346

205	118	1353

183	119	1333

188	119	1338

190	119	1338

196	119	1346

200	119	1351

205	119	1359

183	120	1331

189	120	1328

196	120	1347

200	120	1351

205	120	1366

183	121	1327

196	121	1345

200	121	1350

205	121	1370

183	122	1319

196	122	1345

200	122	1348

205	122	1376

171	123	1328

172	123	1321

173	123	1323

174	123	1331

183	123	1337

196	123	1349

199	123	1356

205	123	1383

171	124	1318

175	124	1334

183	124	1339

196	124	1345

199	124	1356

204	124	1358

171	125	1319

176	125	1329

183	125	1340

196	125	1348

199	125	1352

204	125	1364

171	126	1321

177	126	1343

180	126	1337

181	126	1383

182	126	1347

196	126	1352

198	126	1350

204	126	1370

171	127	1333

178	127	1341

179	127	1352

181	127	1387

183	127	1342

196	127	1359

198	127	1354

204	127	1374

171	128	1340

182	128	1376

197	128	1360

204	128	1380

172	129	1319

204	129	1390

172	130	1335

203	130	1363

172	131	1337

173	131	1334

203	131	1365

172	132	1295

174	132	1337

203	132	1368

175	133	1341

203	133	1370

176	134	1341

203	134	1370

176	135	1347

204	135	1400

175	136	1342

204	136	1394

175	137	1308

176	137	1358

203	137	1372

208	137	1425

209	137	1418

213	137	1396

214	137	1392

215	137	1374

216	137	1364

217	137	1362

218	137	1369

219	137	1383

177	138	1371

203	138	1370

207	138	1408

210	138	1381

211	138	1370

212	138	1359

220	138	1375

177	139	1385

204	139	1384

207	139	1393

220	139	1372

177	140	1422

205	140	1391

206	140	1386

219	140	1368

220	140	1393

177	141	1425

218	141	1377

178	142	1352

217	142	1395

177	143	1381

216	143	1406

177	144	1358

214	144	1382

215	144	1406

177	145	1374

213	145	1394

178	146	1361

212	146	1403

179	147	1348

211	147	1404

179	148	1352

210	148	1404

178	149	1397

209	149	1400

179	150	1385

208	150	1403

179	151	1388

206	151	1384

207	151	1413

180	152	1362

205	152	1387

180	153	1390

205	153	1412

181	154	1376

204	154	1415

179	155	1398

180	155	1395

203	155	1413

179	156	1411

201	156	1398

202	156	1413

180	157	1354

200	157	1411

179	158	1391

199	158	1408

178	159	1324

199	159	1418

179	160	1371

198	160	1400

178	161	1335

180	161	1368

198	161	1410

179	162	1380

198	162	1421

178	163	1381

198	163	1435

177	164	1428

197	164	1420

178	165	1365

197	165	1430

175	166	1421

176	166	1432

177	166	1378

197	166	1436

176	167	1418

197	167	1432

176	168	1395

196	168	1425

175	169	1405

196	169	1434

175	170	1394

195	170	1428

176	171	1373

196	171	1435

174	172	1368

175	172	1370

195	172	1445

172	173	1387

173	173	1359

194	173	1433

173	174	1391

174	174	1380

175	174	1374

176	174	1370

177	174	1369

178	174	1370

179	174	1370

180	174	1370

181	174	1369

182	174	1369

183	174	1369

184	174	1370

185	174	1373

186	174	1375

187	174	1379

188	174	1381

189	174	1388

190	174	1396

191	174	1404

192	174	1413

193	174	1427

194	174	1440

