201	128	1220

202	128	1217

203	128	1224

204	128	1249

200	129	1227

204	129	1225

200	130	1226

205	130	1231

215	130	1239

216	130	1236

217	130	1251

196	131	1256

197	131	1228

198	131	1225

199	131	1228

206	131	1253

214	131	1243

218	131	1254

193	132	1305

195	132	1240

206	132	1239

214	132	1237

218	132	1244

191	133	1331

195	133	1234

207	133	1285

214	133	1237

218	133	1246

192	134	1354

193	134	1318

194	134	1326

207	134	1251

214	134	1238

219	134	1273

192	135	1289

208	135	1292

214	135	1241

219	135	1263

192	136	1238

209	136	1320

214	136	1243

219	136	1266

192	137	1280

193	137	1315

210	137	1355

213	137	1288

219	137	1271

194	138	1319

210	138	1330

213	138	1278

219	138	1270

195	139	1251

209	139	1276

213	139	1279

219	139	1267

195	140	1263

209	140	1270

213	140	1295

219	140	1269

189	141	1233

190	141	1221

191	141	1226

192	141	1255

196	141	1237

210	141	1321

213	141	1277

219	141	1273

189	142	1220

193	142	1271

196	142	1242

211	142	1323

212	142	1328

219	142	1277

188	143	1234

193	143	1243

196	143	1244

211	143	1312

219	143	1283

188	144	1232

194	144	1284

195	144	1289

210	144	1292

212	144	1293

219	144	1292

188	145	1239

209	145	1257

213	145	1262

219	145	1310

189	146	1226

209	146	1258

213	146	1261

218	146	1278

189	147	1233

209	147	1259

213	147	1260

218	147	1287

189	148	1240

210	148	1305

212	148	1278

218	148	1305

189	149	1246

211	149	1294

217	149	1279

190	150	1234

217	150	1285

190	151	1235

217	151	1288

227	151	1282

228	151	1269

229	151	1268

230	151	1286

190	152	1239

217	152	1286

226	152	1267

230	152	1266

190	153	1249

217	153	1288

225	153	1272

230	153	1270

191	154	1241

217	154	1289

224	154	1282

229	154	1253

191	155	1257

217	155	1288

223	155	1315

229	155	1268

191	156	1270

217	156	1288

223	156	1280

228	156	1256

191	157	1270

217	157	1284

223	157	1272

228	157	1269

190	158	1327

218	158	1315

223	158	1269

228	158	1280

190	159	1315

218	159	1293

222	159	1287

228	159	1296

190	160	1326

218	160	1282

222	160	1269

227	160	1273

191	161	1321

219	161	1291

221	161	1291

227	161	1286

190	162	1350

220	162	1284

227	162	1302

190	163	1332

226	163	1276

190	164	1330

226	164	1284

190	165	1330

191	165	1354

226	165	1293

192	166	1338

226	166	1299

192	167	1344

226	167	1312

192	168	1309

225	168	1281

192	169	1323

225	169	1303

192	170	1346

224	170	1286

193	171	1314

224	171	1315

193	172	1330

223	172	1294

192	173	1355

194	173	1316

222	173	1286

194	174	1329

222	174	1314

194	175	1354

221	175	1302

195	176	1319

220	176	1297

196	177	1290

219	177	1300

196	178	1316

218	178	1309

197	179	1316

217	179	1326

197	180	1337

216	180	1348

197	181	1346

215	181	1342

197	182	1343

214	182	1328

196	183	1355

214	183	1342

197	184	1336

213	184	1329

198	185	1318

213	185	1344

197	186	1345

212	186	1336

197	187	1332

212	187	1348

196	188	1345

211	188	1339

196	189	1326

211	189	1347

196	190	1315

210	190	1341

195	191	1340

210	191	1347

195	192	1337

210	192	1353

195	193	1344

209	193	1343

194	194	1324

209	194	1352

193	195	1341

195	195	1354

208	195	1347

194	196	1350

196	196	1355

207	196	1347

208	196	1354

197	197	1350

206	197	1351

193	198	1339

197	198	1355

205	198	1352

192	199	1355

198	199	1352

204	199	1352

198	200	1354

203	200	1351

199	201	1351

203	201	1354

191	202	1351

199	202	1354

200	202	1353

201	202	1354

202	202	1355

