147	123	1344

148	123	1346

149	123	1349

147	124	1344

149	124	1349

135	125	1337

136	125	1340

147	125	1343

149	125	1348

135	126	1339

136	126	1342

147	126	1342

149	126	1347

135	127	1338

137	127	1341

147	127	1343

149	127	1348

135	128	1338

137	128	1338

147	128	1344

149	128	1347

135	129	1336

137	129	1337

147	129	1344

149	129	1348

135	130	1337

137	130	1339

147	130	1343

149	130	1347

135	131	1339

138	131	1344

147	131	1343

149	131	1347

163	131	1331

164	131	1348

165	131	1352

166	131	1356

136	132	1341

138	132	1344

147	132	1345

149	132	1347

163	132	1344

167	132	1359

136	133	1339

138	133	1341

146	133	1344

149	133	1349

162	133	1344

166	133	1354

136	134	1339

139	134	1342

146	134	1344

150	134	1351

161	134	1346

166	134	1358

136	135	1339

139	135	1341

146	135	1345

150	135	1351

160	135	1349

165	135	1355

122	136	1317

123	136	1317

124	136	1318

136	136	1341

140	136	1345

146	136	1345

150	136	1353

159	136	1330

165	136	1357

122	137	1319

125	137	1318

137	137	1339

141	137	1345

146	137	1345

149	137	1350

159	137	1347

164	137	1355

122	138	1318

126	138	1321

137	138	1339

142	138	1351

146	138	1345

149	138	1351

158	138	1345

163	138	1351

123	139	1321

126	139	1322

137	139	1339

142	139	1354

146	139	1345

150	139	1356

157	139	1346

163	139	1353

124	140	1322

127	140	1324

137	140	1340

143	140	1372

145	140	1345

150	140	1356

155	140	1357

156	140	1349

162	140	1351

125	141	1322

128	141	1327

129	141	1328

137	141	1344

144	141	1350

151	141	1375

152	141	1385

153	141	1371

154	141	1354

162	141	1355

126	142	1325

130	142	1330

137	142	1347

161	142	1355

126	143	1327

131	143	1330

135	143	1362

136	143	1372

160	143	1353

126	144	1330

132	144	1332

133	144	1336

134	144	1347

159	144	1355

127	145	1339

158	145	1355

128	146	1339

158	146	1363

129	147	1337

157	147	1359

129	148	1373

156	148	1355

130	149	1347

156	149	1358

130	150	1381

131	150	1355

155	150	1352

132	151	1345

155	151	1355

132	152	1342

154	152	1352

132	153	1332

154	153	1352

132	154	1337

154	154	1353

132	155	1372

154	155	1349

132	156	1378

155	156	1350

132	157	1371

155	157	1349

132	158	1364

156	158	1350

133	159	1351

156	159	1346

133	160	1357

157	160	1346

158	160	1349

134	161	1355

159	161	1348

160	161	1349

164	161	1350

165	161	1349

166	161	1349

167	161	1355

168	161	1358

134	162	1356

161	162	1349

162	162	1351

163	162	1352

169	162	1355

170	162	1360

134	163	1354

171	163	1360

172	163	1365

133	164	1361

173	164	1366

133	165	1360

161	165	1355

162	165	1356

163	165	1354

164	165	1354

165	165	1354

166	165	1353

167	165	1352

168	165	1354

169	165	1356

170	165	1358

171	165	1360

174	165	1371

134	166	1381

158	166	1349

159	166	1352

160	166	1354

172	166	1365

173	166	1370

135	167	1367

155	167	1355

156	167	1356

157	167	1355

135	168	1378

152	168	1355

153	168	1356

154	168	1357

135	169	1383

151	169	1360

135	170	1382

150	170	1372

134	171	1373

149	171	1404

134	172	1420

149	172	1426

135	173	1394

149	173	1432

135	174	1396

149	174	1436

135	175	1403

149	175	1441

135	176	1405

149	176	1445

135	177	1405

149	177	1451

135	178	1403

149	178	1453

135	179	1413

148	179	1439

135	180	1414

148	180	1443

135	181	1416

148	181	1448

135	182	1416

148	182	1451

135	183	1421

147	183	1445

135	184	1425

147	184	1449

135	185	1437

147	185	1452

135	186	1452

147	186	1455

135	187	1445

146	187	1455

135	188	1446

136	188	1454

145	188	1451

137	189	1455

138	189	1451

139	189	1449

145	189	1454

140	190	1452

141	190	1451

142	190	1452

143	190	1454

144	190	1455

