175	151	1780

174	152	1773

176	152	1782

169	153	1769

170	153	1768

171	153	1776

173	153	1792

175	153	1772

169	154	1768

171	154	1780

173	154	1791

175	154	1773

169	155	1764

171	155	1781

173	155	1785

175	155	1773

184	155	1785

168	156	1769

172	156	1806

176	156	1784

182	156	1794

183	156	1780

184	156	1779

167	157	1818

171	157	1787

173	157	1774

176	157	1781

182	157	1783

184	157	1781

167	158	1777

172	158	1785

176	158	1785

181	158	1791

184	158	1784

158	159	1775

159	159	1776

167	159	1775

176	159	1794

181	159	1782

184	159	1789

158	160	1773

160	160	1783

167	160	1774

176	160	1792

180	160	1784

183	160	1780

158	161	1774

160	161	1776

167	161	1773

175	161	1777

179	161	1786

183	161	1788

159	162	1774

160	162	1773

167	162	1769

175	162	1780

179	162	1781

183	162	1796

159	163	1777

161	163	1779

167	163	1769

175	163	1782

178	163	1782

182	163	1780

159	164	1781

161	164	1772

167	164	1771

175	164	1783

177	164	1762

182	164	1790

160	165	1777

162	165	1775

167	165	1774

176	165	1756

181	165	1786

160	166	1780

163	166	1778

166	166	1785

181	166	1796

160	167	1784

164	167	1778

165	167	1794

180	167	1790

161	168	1778

179	168	1787

161	169	1782

179	169	1796

161	170	1787

179	170	1802

161	171	1792

178	171	1788

161	172	1804

178	172	1786

162	173	1778

178	173	1787

188	173	1801

189	173	1798

190	173	1798

162	174	1780

178	174	1783

184	174	1795

185	174	1795

186	174	1796

187	174	1793

190	174	1795

162	175	1784

179	175	1794

182	175	1797

183	175	1790

188	175	1799

189	175	1802

162	176	1788

180	176	1793

181	176	1792

187	176	1803

162	177	1792

185	177	1791

186	177	1807

162	178	1792

184	178	1791

162	179	1799

183	179	1799

162	180	1810

182	180	1800

162	181	1817

180	181	1788

181	181	1800

162	182	1820

179	182	1793

163	183	1806

178	183	1795

163	184	1820

176	184	1789

177	184	1804

163	185	1840

175	185	1796

163	186	1838

174	186	1805

163	187	1827

173	187	1822

163	188	1819

172	188	1828

162	189	1828

172	189	1837

162	190	1832

171	190	1831

161	191	1854

171	191	1850

161	192	1854

171	192	1870

161	193	1854

170	193	1854

161	194	1856

170	194	1867

161	195	1855

169	195	1860

161	196	1852

169	196	1869

161	197	1856

168	197	1863

161	198	1856

168	198	1870

161	199	1862

167	199	1865

160	200	1870

167	200	1869

160	201	1870

166	201	1865

160	202	1872

166	202	1870

161	203	1870

162	203	1869

163	203	1868

164	203	1872

165	203	1873

