175	154	1818

169	155	1828

170	155	1826

174	155	1812

175	155	1811

169	156	1819

170	156	1817

174	156	1812

175	156	1811

169	157	1816

171	157	1828

173	157	1824

175	157	1813

168	158	1822

171	158	1831

173	158	1823

175	158	1815

183	158	1828

184	158	1834

168	159	1819

172	159	1857

175	159	1814

182	159	1824

184	159	1835

168	160	1815

175	160	1813

182	160	1824

184	160	1839

159	161	1829

168	161	1816

175	161	1815

181	161	1826

183	161	1826

158	162	1829

160	162	1831

167	162	1828

175	162	1819

180	162	1831

183	162	1830

159	163	1822

160	163	1826

167	163	1828

175	163	1823

179	163	1869

183	163	1836

159	164	1823

161	164	1833

167	164	1827

175	164	1824

179	164	1837

182	164	1831

159	165	1827

161	165	1821

167	165	1828

175	165	1828

179	165	1830

182	165	1835

160	166	1817

162	166	1830

167	166	1826

175	166	1829

178	166	1830

181	166	1827

160	167	1822

162	167	1820

167	167	1827

175	167	1836

177	167	1832

181	167	1836

161	168	1820

163	168	1820

166	168	1846

176	168	1828

180	168	1831

161	169	1822

164	169	1821

165	169	1845

180	169	1842

161	170	1828

179	170	1834

162	171	1826

179	171	1840

162	172	1831

178	172	1828

162	173	1837

178	173	1836

162	174	1833

178	174	1841

162	175	1838

177	175	1827

188	175	1850

189	175	1848

162	176	1839

178	176	1841

184	176	1839

185	176	1836

186	176	1837

187	176	1839

189	176	1843

190	176	1853

162	177	1845

178	177	1833

182	177	1853

183	177	1841

187	177	1842

188	177	1849

162	178	1846

179	178	1832

180	178	1837

181	178	1840

186	178	1843

163	179	1829

184	179	1840

185	179	1852

163	180	1830

183	180	1840

163	181	1829

182	181	1839

163	182	1829

181	182	1843

163	183	1834

180	183	1841

163	184	1843

178	184	1829

179	184	1843

163	185	1864

177	185	1837

163	186	1897

176	186	1849

163	187	1907

174	187	1847

175	187	1860

163	188	1887

173	188	1871

163	189	1877

172	189	1873

162	190	1884

172	190	1885

162	191	1880

171	191	1877

161	192	1904

171	192	1892

161	193	1899

171	193	1910

161	194	1900

170	194	1898

161	195	1901

170	195	1914

161	196	1902

169	196	1903

161	197	1899

169	197	1911

161	198	1904

168	198	1903

160	199	1917

168	199	1915

160	200	1914

167	200	1912

160	201	1912

167	201	1916

160	202	1912

167	202	1919

160	203	1913

166	203	1912

160	204	1917

165	204	1913

161	205	1919

162	205	1914

163	205	1914

164	205	1916

165	205	1919

