161	154	1918

162	154	1914

161	155	1911

163	155	1908

153	156	1925

154	156	1910

155	156	1915

161	156	1912

163	156	1905

153	157	1926

155	157	1904

162	157	1900

163	157	1904

153	158	1940

155	158	1899

162	158	1901

163	158	1901

154	159	1899

156	159	1904

162	159	1899

163	159	1898

175	159	1933

154	160	1902

156	160	1901

162	160	1899

163	160	1896

174	160	1917

175	160	1917

155	161	1893

156	161	1895

162	161	1898

164	161	1907

173	161	1921

175	161	1918

155	162	1896

157	162	1903

162	162	1898

164	162	1905

173	162	1904

175	162	1920

146	163	1907

155	163	1907

157	163	1893

161	163	1911

164	163	1905

172	163	1906

175	163	1932

146	164	1889

147	164	1893

148	164	1932

155	164	1912

158	164	1903

161	164	1905

164	164	1903

171	164	1919

174	164	1912

146	165	1891

148	165	1892

155	165	1928

159	165	1925

161	165	1906

164	165	1902

170	165	1915

174	165	1925

147	166	1888

149	166	1893

156	166	1902

160	166	1926

164	166	1900

170	166	1904

173	166	1912

147	167	1917

150	167	1892

151	167	1930

156	167	1910

165	167	1918

168	167	1910

169	167	1901

172	167	1902

148	168	1914

151	168	1889

156	168	1924

166	168	1901

167	168	1897

172	168	1917

149	169	1913

152	169	1886

153	169	1897

156	169	1909

171	169	1914

150	170	1908

154	170	1890

155	170	1892

170	170	1907

151	171	1902

170	171	1922

152	172	1900

169	172	1902

153	173	1901

169	173	1910

153	174	1907

168	174	1893

153	175	1916

168	175	1894

153	176	1935

168	176	1893

154	177	1899

169	177	1905

154	178	1901

169	178	1896

154	179	1909

170	179	1906

154	180	1923

171	180	1913

154	181	1930

172	181	1913

155	182	1908

173	182	1908

174	182	1915

155	183	1915

175	183	1908

176	183	1916

177	183	1923

178	183	1925

179	183	1925

180	183	1932

155	184	1929

173	184	1905

174	184	1912

175	184	1913

176	184	1916

177	184	1917

178	184	1915

179	184	1914

180	184	1920

181	184	1929

182	184	1945

155	185	1951

170	185	1907

171	185	1913

172	185	1917

181	185	1934

182	185	1947

155	186	1969

166	186	1904

167	186	1905

168	186	1907

169	186	1918

154	187	1997

165	187	1929

154	188	1966

164	188	1970

153	189	1978

163	189	1964

153	190	1969

163	190	1971

153	191	1970

163	191	1990

152	192	2000

162	192	1966

152	193	1995

162	193	1977

152	194	1990

162	194	1987

152	195	1990

162	195	2000

152	196	1988

161	196	1974

152	197	1988

161	197	1988

152	198	1985

160	198	1973

152	199	1984

160	199	1985

151	200	1999

160	200	1986

151	201	1997

160	201	1994

151	202	1993

160	202	2000

151	203	1992

159	203	1997

151	204	1995

158	204	1991

152	205	1993

158	205	1995

152	206	1997

153	206	1989

154	206	1983

155	206	1977

156	206	1980

157	206	1988

158	206	1999

