192	109	1358

193	109	1354

194	109	1357

191	110	1351

195	110	1361

191	111	1345

195	111	1355

182	112	1340

183	112	1333

184	112	1341

185	112	1350

191	112	1346

195	112	1352

181	113	1338

186	113	1358

191	113	1345

195	113	1349

201	113	1368

202	113	1354

203	113	1357

204	113	1375

181	114	1329

186	114	1348

191	114	1345

196	114	1359

201	114	1354

204	114	1366

181	115	1331

185	115	1331

191	115	1343

196	115	1371

200	115	1367

204	115	1363

181	116	1331

186	116	1346

191	116	1343

196	116	1377

200	116	1360

204	116	1363

181	117	1331

186	117	1341

190	117	1350

196	117	1370

200	117	1357

204	117	1363

181	118	1330

186	118	1341

190	118	1353

196	118	1368

200	118	1357

204	118	1364

181	119	1331

187	119	1370

190	119	1355

196	119	1366

199	119	1370

204	119	1366

181	120	1332

187	120	1343

190	120	1353

196	120	1354

199	120	1366

204	120	1370

181	121	1334

187	121	1379

190	121	1351

196	121	1372

199	121	1362

204	121	1374

181	122	1334

187	122	1365

190	122	1348

196	122	1373

199	122	1358

204	122	1379

171	123	1320

181	123	1338

187	123	1355

190	123	1347

196	123	1372

198	123	1364

204	123	1382

170	124	1321

172	124	1317

173	124	1326

181	124	1341

187	124	1351

190	124	1346

196	124	1373

198	124	1365

203	124	1364

170	125	1321

174	125	1327

175	125	1307

181	125	1336

187	125	1347

190	125	1349

197	125	1362

203	125	1368

170	126	1321

175	126	1332

177	126	1350

178	126	1359

181	126	1334

187	126	1345

189	126	1343

203	126	1371

170	127	1326

176	127	1336

178	127	1351

181	127	1347

188	127	1360

203	127	1375

170	128	1327

179	128	1324

180	128	1340

203	128	1380

171	129	1323

203	129	1390

171	130	1329

202	130	1368

170	131	1308

202	131	1372

171	132	1351

172	132	1327

202	132	1374

171	133	1297

173	133	1335

202	133	1373

174	134	1340

203	134	1401

174	135	1375

203	135	1380

174	136	1410

203	136	1390

174	137	1392

202	137	1370

213	137	1400

214	137	1386

215	137	1378

216	137	1371

217	137	1375

218	137	1382

175	138	1328

203	138	1365

207	138	1422

208	138	1412

209	138	1396

210	138	1385

211	138	1376

212	138	1361

219	138	1372

175	139	1331

203	139	1376

206	139	1434

220	139	1393

175	140	1350

176	140	1383

204	140	1382

205	140	1413

219	140	1377

177	141	1366

217	141	1374

218	141	1398

177	142	1358

216	142	1379

178	143	1345

216	143	1404

178	144	1348

213	144	1380

214	144	1399

215	144	1415

177	145	1435

212	145	1386

177	146	1399

211	146	1390

178	147	1353

210	147	1387

176	148	1372

178	148	1358

209	148	1386

177	149	1395

208	149	1388

178	150	1381

207	150	1392

178	151	1357

206	151	1402

178	152	1361

205	152	1401

178	153	1396

204	153	1396

179	154	1406

203	154	1399

179	155	1443

180	155	1392

202	155	1399

179	156	1421

181	156	1366

200	156	1396

201	156	1408

179	157	1394

180	157	1375

199	157	1409

178	158	1433

199	158	1425

178	159	1410

198	159	1412

179	160	1369

198	160	1419

178	161	1366

198	161	1426

176	162	1361

178	162	1371

198	162	1438

177	163	1374

197	163	1428

176	164	1394

197	164	1441

176	165	1387

197	165	1441

176	166	1388

196	166	1437

175	167	1415

196	167	1444

174	168	1378

195	168	1434

174	169	1402

195	169	1437

174	170	1397

195	170	1445

173	171	1427

194	171	1433

172	172	1362

174	172	1372

194	172	1444

173	173	1356

193	173	1434

172	174	1339

173	174	1365

174	174	1375

175	174	1378

176	174	1377

177	174	1378

178	174	1377

179	174	1377

180	174	1376

181	174	1377

182	174	1376

183	174	1376

184	174	1375

185	174	1377

186	174	1379

187	174	1384

188	174	1389

189	174	1396

190	174	1405

191	174	1414

192	174	1427

193	174	1443

