198	127	1235

199	127	1228

200	127	1230

201	127	1239

198	128	1229

202	128	1242

198	129	1231

203	129	1257

214	129	1253

215	129	1252

192	130	1244

193	130	1232

194	130	1243

198	130	1235

203	130	1244

213	130	1248

216	130	1246

190	131	1262

191	131	1235

195	131	1233

198	131	1239

203	131	1238

213	131	1242

217	131	1250

190	132	1260

196	132	1242

197	132	1272

204	132	1251

213	132	1242

217	132	1246

190	133	1259

204	133	1244

212	133	1276

217	133	1248

190	134	1238

205	134	1274

212	134	1270

217	134	1252

190	135	1260

206	135	1294

212	135	1274

217	135	1255

190	136	1257

207	136	1354

212	136	1277

217	136	1256

191	137	1240

207	137	1347

209	137	1343

211	137	1336

217	137	1257

191	138	1273

208	138	1348

209	138	1356

211	138	1324

217	138	1255

192	139	1243

209	139	1345

212	139	1257

217	139	1254

192	140	1250

199	140	1289

208	140	1320

212	140	1255

217	140	1255

193	141	1237

198	141	1254

200	141	1266

208	141	1311

212	141	1253

217	141	1257

183	142	1245

184	142	1241

193	142	1240

198	142	1249

201	142	1248

209	142	1325

210	142	1338

211	142	1283

217	142	1260

182	143	1238

185	143	1230

193	143	1241

198	143	1244

201	143	1253

208	143	1302

210	143	1332

217	143	1264

182	144	1232

186	144	1235

193	144	1245

199	144	1262

201	144	1259

207	144	1268

211	144	1276

217	144	1273

182	145	1238

187	145	1247

193	145	1250

199	145	1254

201	145	1267

207	145	1271

211	145	1286

217	145	1278

183	146	1226

188	146	1257

193	146	1259

199	146	1251

202	146	1251

207	146	1269

211	146	1276

217	146	1291

183	147	1231

189	147	1266

194	147	1246

200	147	1265

202	147	1253

207	147	1267

211	147	1267

216	147	1275

183	148	1245

189	148	1255

194	148	1251

201	148	1274

208	148	1293

211	148	1263

216	148	1287

184	149	1232

190	149	1281

194	149	1259

209	149	1282

210	149	1268

216	149	1298

184	150	1241

191	150	1277

194	150	1260

216	150	1306

185	151	1235

192	151	1300

193	151	1317

216	151	1317

185	152	1249

215	152	1278

231	152	1318

232	152	1304

186	153	1242

215	153	1281

229	153	1293

230	153	1277

233	153	1283

187	154	1238

215	154	1281

228	154	1279

234	154	1320

187	155	1247

215	155	1280

227	155	1284

233	155	1289

187	156	1271

215	156	1275

226	156	1292

232	156	1277

186	157	1320

216	157	1301

225	157	1308

231	157	1269

187	158	1336

216	158	1289

225	158	1280

231	158	1303

187	159	1274

216	159	1280

224	159	1291

230	159	1287

188	160	1315

217	160	1304

223	160	1312

229	160	1275

188	161	1337

217	161	1279

223	161	1278

229	161	1299

188	162	1336

218	162	1279

219	162	1304

222	162	1283

228	162	1287

189	163	1331

220	163	1272

221	163	1275

227	163	1275

189	164	1315

227	164	1290

188	165	1334

227	165	1313

189	166	1322

226	166	1285

190	167	1294

226	167	1305

191	168	1304

225	168	1286

190	169	1346

191	169	1324

225	169	1308

192	170	1285

224	170	1292

192	171	1311

223	171	1288

192	172	1334

222	172	1289

191	173	1344

192	173	1347

221	173	1284

191	174	1335

193	174	1290

221	174	1312

193	175	1314

220	175	1306

192	176	1346

219	176	1308

192	177	1352

217	177	1289

218	177	1313

193	178	1347

194	178	1353

195	178	1324

216	178	1305

193	179	1356

196	179	1320

215	179	1323

196	180	1318

214	180	1337

196	181	1333

213	181	1331

196	182	1331

213	182	1348

196	183	1343

212	183	1333

196	184	1338

212	184	1346

194	185	1356

195	185	1355

211	185	1333

193	186	1352

195	186	1350

211	186	1343

195	187	1336

211	187	1353

195	188	1335

210	188	1345

195	189	1328

210	189	1354

195	190	1333

209	190	1343

195	191	1328

209	191	1352

194	192	1334

208	192	1343

193	193	1340

208	193	1349

192	194	1348

193	194	1335

207	194	1344

191	195	1356

194	195	1348

207	195	1353

195	196	1352

206	196	1352

196	197	1345

205	197	1353

196	198	1349

204	198	1354

196	199	1353

203	199	1355

191	200	1344

197	200	1350

201	200	1352

202	200	1355

197	201	1351

198	201	1350

199	201	1352

200	201	1355

