206	144	1495

205	145	1499

207	145	1506

204	146	1501

208	146	1517

216	146	1514

217	146	1520

218	146	1522

219	146	1536

201	147	1515

202	147	1513

204	147	1505

208	147	1508

216	147	1526

219	147	1522

200	148	1505

203	148	1512

205	148	1503

209	148	1522

216	148	1523

220	148	1546

200	149	1501

204	149	1478

209	149	1518

216	149	1524

220	149	1538

200	150	1502

205	150	1511

209	150	1514

216	150	1526

220	150	1536

200	151	1501

204	151	1507

206	151	1510

210	151	1518

216	151	1529

220	151	1535

201	152	1499

204	152	1506

206	152	1514

210	152	1514

216	152	1528

220	152	1536

200	153	1498

204	153	1505

206	153	1512

211	153	1528

216	153	1527

220	153	1535

200	154	1502

204	154	1508

206	154	1500

211	154	1516

216	154	1528

220	154	1536

201	155	1505

205	155	1527

207	155	1514

212	155	1523

216	155	1529

220	155	1539

201	156	1505

205	156	1518

207	156	1517

213	156	1554

216	156	1530

220	156	1541

196	157	1488

202	157	1506

206	157	1518

213	157	1557

216	157	1528

220	157	1543

194	158	1496

195	158	1498

196	158	1501

202	158	1507

213	158	1558

216	158	1529

220	158	1543

194	159	1497

197	159	1507

202	159	1508

213	159	1550

216	159	1528

220	159	1545

194	160	1496

198	160	1522

202	160	1508

214	160	1517

215	160	1535

220	160	1548

194	161	1496

199	161	1547

202	161	1511

220	161	1553

195	162	1498

200	162	1553

202	162	1520

220	162	1555

229	162	1570

230	162	1551

231	162	1576

195	163	1499

201	163	1515

220	163	1557

228	163	1531

231	163	1549

196	164	1501

220	164	1557

228	164	1516

231	164	1556

196	165	1503

220	165	1557

223	165	1623

227	165	1521

230	165	1534

196	166	1510

221	166	1550

222	166	1575

226	166	1528

230	166	1551

197	167	1511

222	167	1583

226	167	1525

229	167	1532

197	168	1526

221	168	1583

225	168	1545

229	168	1542

197	169	1563

221	169	1577

224	169	1582

229	169	1557

198	170	1547

221	170	1574

224	170	1543

228	170	1535

199	171	1522

221	171	1553

224	171	1534

228	171	1548

199	172	1533

222	172	1546

223	172	1548

228	172	1560

199	173	1532

228	173	1578

199	174	1550

227	174	1539

199	175	1580

227	175	1548

199	176	1570

227	176	1558

200	177	1540

227	177	1572

200	178	1561

226	178	1552

201	179	1530

225	179	1544

200	180	1534

225	180	1565

201	181	1535

224	181	1550

201	182	1564

224	182	1583

202	183	1557

223	183	1568

202	184	1575

222	184	1562

203	185	1549

221	185	1565

203	186	1613

220	186	1575

204	187	1613

219	187	1579

205	188	1568

218	188	1580

206	189	1553

218	189	1593

206	190	1564

218	190	1606

206	191	1567

218	191	1622

207	192	1556

217	192	1600

207	193	1556

217	193	1609

206	194	1568

217	194	1617

207	195	1565

217	195	1630

206	196	1582

216	196	1617

206	197	1579

216	197	1623

206	198	1579

216	198	1626

206	199	1581

216	199	1632

206	200	1593

215	200	1617

206	201	1604

215	201	1625

206	202	1605

215	202	1630

206	203	1605

214	203	1625

207	204	1602

214	204	1628

207	205	1614

213	205	1627

206	206	1624

213	206	1630

206	207	1628

212	207	1627

207	208	1628

211	208	1630

208	209	1632

209	209	1630

210	209	1632

