161	150	1578

161	151	1574

162	151	1577

161	152	1577

162	152	1578

152	153	1574

153	153	1573

161	153	1579

162	153	1580

152	154	1575

153	154	1575

161	154	1579

163	154	1586

152	155	1579

154	155	1585

160	155	1572

163	155	1583

175	155	1595

176	155	1594

152	156	1582

154	156	1585

160	156	1562

163	156	1581

175	156	1593

176	156	1593

152	157	1585

154	157	1580

161	157	1581

163	157	1580

174	157	1590

176	157	1593

153	158	1579

155	158	1583

160	158	1556

163	158	1579

174	158	1588

176	158	1596

152	159	1581

155	159	1582

160	159	1588

164	159	1587

173	159	1592

175	159	1594

153	160	1577

156	160	1587

160	160	1597

164	160	1587

172	160	1589

175	160	1597

153	161	1578

157	161	1581

160	161	1597

164	161	1589

171	161	1594

175	161	1597

143	162	1566

153	162	1581

157	162	1588

160	162	1596

164	162	1586

170	162	1617

175	162	1596

142	163	1562

144	163	1566

153	163	1592

158	163	1598

159	163	1580

164	163	1584

169	163	1608

174	163	1591

142	164	1561

145	164	1568

153	164	1598

164	164	1586

169	164	1590

174	164	1595

143	165	1568

146	165	1574

154	165	1588

165	165	1595

168	165	1556

174	165	1600

144	166	1569

147	166	1574

154	166	1589

166	166	1614

167	166	1596

173	166	1594

144	167	1583

148	167	1570

154	167	1603

173	167	1599

145	168	1581

149	168	1572

150	168	1579

154	168	1614

172	168	1599

146	169	1581

151	169	1581

152	169	1581

153	169	1593

171	169	1592

147	170	1583

171	170	1594

148	171	1587

170	171	1590

148	172	1602

170	172	1591

149	173	1599

170	173	1592

150	174	1592

170	174	1594

150	175	1608

170	175	1595

151	176	1598

170	176	1594

151	177	1601

170	177	1590

151	178	1612

171	178	1594

152	179	1590

171	179	1592

152	180	1591

172	180	1594

152	181	1599

173	181	1591

174	181	1594

152	182	1600

175	182	1594

176	182	1596

177	182	1592

178	182	1592

179	182	1595

180	182	1598

181	182	1596

182	182	1598

183	182	1600

184	182	1601

185	182	1601

186	182	1606

153	183	1595

186	183	1602

187	183	1606

153	184	1599

179	184	1592

180	184	1595

181	184	1596

182	184	1597

183	184	1598

184	184	1599

185	184	1600

153	185	1608

176	185	1597

177	185	1600

178	185	1601

153	186	1618

174	186	1591

175	186	1599

153	187	1618

171	187	1590

172	187	1594

173	187	1597

154	188	1611

170	188	1595

155	189	1611

169	189	1608

155	190	1634

168	190	1635

155	191	1649

167	191	1670

155	192	1655

166	192	1675

156	193	1653

166	193	1683

156	194	1673

166	194	1688

157	195	1660

166	195	1696

158	196	1662

165	196	1691

159	197	1670

165	197	1696

159	198	1683

164	198	1693

160	199	1686

161	199	1687

162	199	1689

163	199	1695

