152	73	1268

199	94	1184

200	94	1182

201	94	1186

198	95	1186

202	95	1189

189	96	1183

190	96	1168

191	96	1176

192	96	1255

197	96	1213

203	96	1199

188	97	1171

192	97	1166

197	97	1204

203	97	1197

187	98	1205

193	98	1193

197	98	1202

203	98	1197

210	98	1238

211	98	1220

187	99	1185

193	99	1179

197	99	1196

203	99	1198

209	99	1211

212	99	1195

213	99	1215

187	100	1182

193	100	1179

197	100	1194

203	100	1201

209	100	1194

213	100	1195

187	101	1179

193	101	1179

197	101	1194

203	101	1199

208	101	1238

213	101	1194

187	102	1177

193	102	1183

197	102	1189

203	102	1198

208	102	1201

213	102	1195

187	103	1171

193	103	1186

197	103	1186

203	103	1197

208	103	1194

213	103	1198

187	104	1170

193	104	1182

197	104	1185

203	104	1199

208	104	1193

213	104	1199

187	105	1173

193	105	1181

197	105	1186

203	105	1199

207	105	1252

213	105	1202

187	106	1176

193	106	1181

197	106	1185

203	106	1200

207	106	1201

213	106	1206

187	107	1176

193	107	1178

196	107	1224

203	107	1198

207	107	1192

213	107	1215

175	108	1174

176	108	1177

187	108	1174

193	108	1178

196	108	1212

203	108	1200

207	108	1192

213	108	1230

174	109	1169

177	109	1167

187	109	1174

193	109	1179

196	109	1205

203	109	1202

206	109	1230

212	109	1198

173	110	1193

178	110	1169

187	110	1177

193	110	1178

196	110	1198

203	110	1207

206	110	1206

212	110	1200

173	111	1198

178	111	1168

187	111	1180

193	111	1178

196	111	1195

203	111	1206

206	111	1200

212	111	1205

174	112	1170

179	112	1173

187	112	1182

194	112	1207

196	112	1191

203	112	1208

205	112	1249

212	112	1210

174	113	1180

180	113	1177

187	113	1186

195	113	1225

203	113	1209

205	113	1215

212	113	1217

175	114	1170

181	114	1192

182	114	1230

187	114	1192

203	114	1221

205	114	1199

212	114	1235

175	115	1182

182	115	1200

187	115	1205

203	115	1235

205	115	1195

211	115	1207

176	116	1171

182	116	1178

187	116	1202

204	116	1240

211	116	1210

176	117	1185

183	117	1188

187	117	1207

211	117	1212

177	118	1172

184	118	1194

185	118	1229

186	118	1250

211	118	1224

177	119	1194

210	119	1204

178	120	1180

210	120	1208

178	121	1199

210	121	1212

178	122	1212

210	122	1216

178	123	1222

210	123	1222

177	124	1250

210	124	1225

224	124	1197

225	124	1192

226	124	1193

175	125	1261

176	125	1238

177	125	1236

210	125	1225

221	125	1252

222	125	1191

223	125	1184

227	125	1192

174	126	1225

176	126	1224

178	126	1244

210	126	1218

219	126	1265

220	126	1216

228	126	1204

175	127	1210

177	127	1206

210	127	1212

216	127	1276

218	127	1269

227	127	1195

176	128	1209

177	128	1205

178	128	1148

211	128	1254

214	128	1278

215	128	1269

217	128	1227

227	128	1221

179	129	1206

212	129	1275

214	129	1263

226	129	1225

178	130	1225

213	130	1255

225	130	1216

179	131	1227

224	131	1212

177	132	1246

178	132	1228

223	132	1214

177	133	1249

222	133	1213

177	134	1264

178	134	1228

221	134	1212

179	135	1258

220	135	1215

180	136	1188

219	136	1212

179	137	1262

218	137	1205

179	138	1285

180	138	1277

218	138	1229

178	139	1265

181	139	1241

217	139	1225

181	140	1265

216	140	1224

180	141	1263

215	141	1231

180	142	1247

214	142	1244

180	143	1285

181	143	1240

213	143	1244

214	143	1272

182	144	1247

211	144	1229

212	144	1258

181	145	1276

209	145	1211

210	145	1238

181	146	1276

208	146	1219

181	147	1256

207	147	1232

181	148	1235

206	148	1250

181	149	1251

205	149	1249

180	150	1252

204	150	1234

180	151	1276

204	151	1238

179	152	1248

203	152	1229

179	153	1278

203	153	1237

179	154	1281

203	154	1250

177	155	1279

178	155	1281

202	155	1241

177	156	1272

202	156	1254

178	157	1245

202	157	1271

177	158	1250

202	158	1284

177	159	1246

201	159	1261

177	160	1228

201	160	1267

177	161	1229

201	161	1273

176	162	1232

201	162	1281

176	163	1237

177	163	1218

178	163	1209

179	163	1204

180	163	1201

181	163	1198

182	163	1196

183	163	1195

184	163	1195

185	163	1195

186	163	1195

187	163	1195

188	163	1197

189	163	1196

190	163	1198

191	163	1200

192	163	1202

193	163	1205

194	163	1210

195	163	1218

196	163	1221

197	163	1227

198	163	1234

199	163	1250

200	163	1265

