170	141	1611

169	142	1610

170	142	1610

163	143	1610

164	143	1611

165	143	1616

169	143	1611

170	143	1612

163	144	1610

165	144	1617

169	144	1613

170	144	1614

163	145	1610

165	145	1618

169	145	1611

170	145	1612

163	146	1612

165	146	1618

168	146	1619

170	146	1615

179	146	1623

180	146	1623

162	147	1616

165	147	1617

168	147	1619

170	147	1617

178	147	1627

180	147	1627

162	148	1616

165	148	1621

167	148	1585

170	148	1620

178	148	1626

180	148	1631

162	149	1613

165	149	1625

167	149	1611

170	149	1619

177	149	1622

179	149	1628

151	150	1617

152	150	1616

161	150	1609

166	150	1637

170	150	1621

177	150	1620

179	150	1628

151	151	1615

153	151	1617

161	151	1610

170	151	1621

176	151	1620

179	151	1630

151	152	1614

153	152	1612

161	152	1614

171	152	1631

174	152	1630

175	152	1626

178	152	1623

151	153	1618

154	153	1620

160	153	1616

171	153	1629

174	153	1622

178	153	1625

152	154	1614

154	154	1615

161	154	1613

172	154	1625

173	154	1615

178	154	1631

152	155	1614

155	155	1623

161	155	1613

177	155	1626

152	156	1632

155	156	1619

161	156	1615

177	156	1629

153	157	1621

156	157	1616

157	157	1610

160	157	1615

176	157	1627

153	158	1624

158	158	1603

159	158	1641

176	158	1633

153	159	1627

175	159	1631

154	160	1617

175	160	1637

154	161	1624

174	161	1631

155	162	1613

174	162	1638

155	163	1617

173	163	1629

154	164	1650

173	164	1630

155	165	1627

173	165	1630

155	166	1622

173	166	1631

181	166	1629

182	166	1626

183	166	1628

184	166	1629

185	166	1633

186	166	1637

187	166	1643

155	167	1622

174	167	1639

179	167	1634

180	167	1630

185	167	1637

186	167	1642

155	168	1627

175	168	1642

177	168	1636

178	168	1634

184	168	1637

155	169	1629

176	169	1630

182	169	1638

183	169	1643

155	170	1629

180	170	1634

181	170	1640

155	171	1631

179	171	1638

155	172	1636

178	172	1639

156	173	1631

177	173	1632

156	174	1633

176	174	1631

155	175	1663

175	175	1637

156	176	1643

174	176	1638

156	177	1648

173	177	1645

156	178	1651

171	178	1637

172	178	1650

156	179	1654

170	179	1643

157	180	1657

169	180	1656

156	181	1661

168	181	1675

156	182	1656

168	182	1691

155	183	1681

167	183	1672

155	184	1678

167	184	1687

155	185	1672

167	185	1706

154	186	1677

166	186	1698

154	187	1672

166	187	1707

154	188	1704

165	188	1692

154	189	1705

165	189	1702

154	190	1703

165	190	1712

154	191	1703

164	191	1708

154	192	1704

163	192	1708

154	193	1709

163	193	1713

154	194	1711

163	194	1714

154	195	1713

162	195	1708

154	196	1713

162	196	1713

154	197	1714

161	197	1711

154	198	1715

160	198	1714

155	199	1713

156	199	1711

157	199	1711

158	199	1713

159	199	1714

