182	109	1351

183	109	1351

184	109	1351

176	110	1376

181	110	1340

185	110	1354

175	111	1348

177	111	1358

180	111	1343

185	111	1355

174	112	1342

178	112	1356

180	112	1343

185	112	1355

190	112	1385

191	112	1378

192	112	1384

173	113	1339

178	113	1359

180	113	1345

185	113	1357

189	113	1387

193	113	1387

173	114	1348

178	114	1364

180	114	1345

185	114	1355

189	114	1373

193	114	1383

173	115	1349

178	115	1338

180	115	1346

185	115	1360

189	115	1365

193	115	1382

173	116	1347

177	116	1356

180	116	1346

185	116	1364

189	116	1359

193	116	1381

173	117	1347

177	117	1357

180	117	1345

185	117	1368

188	117	1371

193	117	1382

173	118	1345

177	118	1357

180	118	1347

185	118	1369

188	118	1371

193	118	1387

172	119	1346

177	119	1359

179	119	1336

185	119	1371

188	119	1369

193	119	1385

172	120	1338

177	120	1359

179	120	1358

185	120	1369

188	120	1368

192	120	1376

163	121	1330

172	121	1342

178	121	1355

185	121	1367

187	121	1364

192	121	1379

161	122	1335

162	122	1338

163	122	1341

172	122	1347

185	122	1371

187	122	1372

192	122	1381

161	123	1335

164	123	1347

171	123	1350

186	123	1355

192	123	1385

160	124	1326

164	124	1343

171	124	1345

192	124	1388

161	125	1336

165	125	1346

170	125	1313

192	125	1393

161	126	1337

165	126	1346

170	126	1401

192	126	1393

161	127	1320

166	127	1347

170	127	1394

191	127	1382

162	128	1337

167	128	1352

169	128	1369

191	128	1384

163	129	1340

168	129	1359

191	129	1388

163	130	1339

191	130	1390

164	131	1343

192	131	1412

164	132	1345

192	132	1405

164	133	1348

192	133	1388

164	134	1341

191	134	1390

165	135	1343

191	135	1390

205	135	1417

165	136	1347

192	136	1390

202	136	1371

203	136	1385

204	136	1376

206	136	1381

207	136	1397

208	136	1435

164	137	1399

192	137	1397

197	137	1425

198	137	1421

199	137	1409

200	137	1380

201	137	1377

209	137	1413

164	138	1342

193	138	1397

194	138	1402

195	138	1405

196	138	1414

208	138	1392

164	139	1388

208	139	1405

165	140	1423

208	140	1411

165	141	1426

205	141	1397

206	141	1414

207	141	1394

165	142	1381

203	142	1398

204	142	1407

166	143	1344

202	143	1403

165	144	1333

167	144	1346

201	144	1406

165	145	1336

166	145	1338

200	145	1410

166	146	1307

199	146	1411

166	147	1318

198	147	1406

166	148	1373

197	148	1409

166	149	1388

196	149	1412

167	150	1372

194	150	1397

195	150	1414

168	151	1372

193	151	1401

167	152	1418

192	152	1397

168	153	1386

191	153	1399

192	153	1405

169	154	1367

190	154	1405

168	155	1380

189	155	1415

167	156	1416

188	156	1423

168	157	1377

187	157	1423

167	158	1363

186	158	1414

166	159	1397

186	159	1418

166	160	1379

185	160	1413

165	161	1354

185	161	1421

165	162	1349

185	162	1434

165	163	1373

185	163	1445

165	164	1370

184	164	1433

164	165	1370

184	165	1440

164	166	1375

184	166	1448

163	167	1376

183	167	1436

163	168	1379

183	168	1443

163	169	1379

183	169	1451

162	170	1382

183	170	1458

162	171	1382

182	171	1452

161	172	1384

182	172	1459

160	173	1394

181	173	1452

160	174	1378

181	174	1461

160	175	1382

161	175	1387

162	175	1391

163	175	1389

164	175	1387

165	175	1384

166	175	1387

167	175	1387

168	175	1386

169	175	1384

170	175	1384

171	175	1386

172	175	1389

173	175	1393

174	175	1397

175	175	1402

176	175	1407

177	175	1414

178	175	1424

179	175	1437

180	175	1452

