162	149	1678

161	150	1677

163	150	1681

154	151	1683

161	151	1677

163	151	1677

153	152	1674

155	152	1680

161	152	1679

163	152	1676

153	153	1672

155	153	1677

161	153	1678

163	153	1672

153	154	1670

155	154	1673

161	154	1677

163	154	1670

153	155	1671

156	155	1686

161	155	1677

164	155	1678

175	155	1689

176	155	1688

153	156	1677

156	156	1679

161	156	1677

164	156	1676

174	156	1687

176	156	1688

153	157	1693

156	157	1674

161	157	1679

164	157	1675

174	157	1686

176	157	1688

154	158	1671

157	158	1671

161	158	1678

164	158	1674

173	158	1686

176	158	1690

153	159	1688

157	159	1670

161	159	1677

165	159	1684

172	159	1688

175	159	1683

144	160	1657

145	160	1657

146	160	1666

154	160	1674

158	160	1686

161	160	1677

164	160	1673

171	160	1690

175	160	1685

144	161	1657

147	161	1660

154	161	1680

158	161	1677

160	161	1699

164	161	1676

170	161	1703

175	161	1688

144	162	1663

147	162	1661

154	162	1694

159	162	1682

165	162	1688

169	162	1684

174	162	1682

145	163	1663

148	163	1663

155	163	1681

165	163	1683

168	163	1712

174	163	1689

145	164	1696

149	164	1666

155	164	1681

165	164	1678

168	164	1674

173	164	1682

146	165	1682

150	165	1664

151	165	1665

155	165	1682

166	165	1682

167	165	1677

172	165	1681

147	166	1667

152	166	1669

155	166	1675

172	166	1691

148	167	1667

153	167	1666

154	167	1669

171	167	1690

149	168	1667

171	168	1699

149	169	1683

170	169	1685

150	170	1680

170	170	1688

151	171	1673

169	171	1679

151	172	1678

170	172	1691

151	173	1685

169	173	1677

152	174	1671

169	174	1674

152	175	1675

170	175	1689

152	176	1679

170	176	1680

152	177	1680

171	177	1681

152	178	1677

171	178	1677

152	179	1686

172	179	1676

173	179	1684

152	180	1697

174	180	1678

175	180	1683

153	181	1677

176	181	1676

177	181	1676

178	181	1677

179	181	1677

180	181	1679

181	181	1680

182	181	1681

183	181	1686

184	181	1692

153	182	1679

179	182	1680

180	182	1680

181	182	1679

182	182	1681

183	182	1687

184	182	1691

185	182	1699

153	183	1685

173	183	1674

174	183	1678

175	183	1680

176	183	1681

177	183	1682

178	183	1686

153	184	1690

170	184	1671

171	184	1678

172	184	1683

153	185	1707

168	185	1676

169	185	1679

153	186	1730

166	186	1681

167	186	1684

153	187	1744

165	187	1699

153	188	1751

164	188	1718

154	189	1734

164	189	1740

154	190	1732

164	190	1756

153	191	1752

164	191	1771

154	192	1739

163	192	1752

154	193	1756

163	193	1760

154	194	1772

163	194	1766

155	195	1764

163	195	1767

155	196	1774

163	196	1772

155	197	1780

163	197	1775

156	198	1774

162	198	1773

157	199	1773

162	199	1779

157	200	1780

158	200	1776

159	200	1773

160	200	1775

161	200	1778

