208	94	1203

209	94	1195

210	94	1200

207	95	1200

211	95	1196

212	95	1241

198	96	1169

199	96	1168

200	96	1176

201	96	1225

207	96	1189

212	96	1202

197	97	1170

201	97	1177

207	97	1187

212	97	1197

196	98	1211

202	98	1190

206	98	1217

212	98	1195

196	99	1184

202	99	1188

206	99	1217

212	99	1197

220	99	1205

196	100	1179

202	100	1190

206	100	1212

212	100	1197

218	100	1207

219	100	1197

221	100	1200

196	101	1177

202	101	1191

206	101	1206

212	101	1200

218	101	1199

222	101	1203

196	102	1174

202	102	1204

206	102	1195

212	102	1202

217	102	1215

222	102	1204

196	103	1173

202	103	1198

206	103	1193

212	103	1204

217	103	1199

222	103	1208

196	104	1173

202	104	1197

206	104	1189

213	104	1280

217	104	1193

222	104	1210

196	105	1171

202	105	1203

206	105	1190

212	105	1208

216	105	1218

222	105	1213

196	106	1170

202	106	1213

205	106	1230

212	106	1210

216	106	1205

222	106	1219

195	107	1215

202	107	1197

205	107	1204

212	107	1219

216	107	1201

222	107	1227

183	108	1178

184	108	1175

185	108	1180

196	108	1174

202	108	1199

205	108	1198

212	108	1230

215	108	1238

221	108	1205

182	109	1183

186	109	1178

196	109	1176

202	109	1197

205	109	1195

212	109	1229

215	109	1207

221	109	1209

182	110	1185

187	110	1187

196	110	1178

202	110	1196

204	110	1252

212	110	1229

215	110	1205

221	110	1214

182	111	1197

188	111	1210

195	111	1220

202	111	1197

204	111	1233

212	111	1261

214	111	1257

221	111	1220

183	112	1180

188	112	1183

195	112	1225

202	112	1196

204	112	1227

212	112	1267

214	112	1211

221	112	1234

183	113	1184

189	113	1194

196	113	1183

203	113	1231

213	113	1256

220	113	1213

184	114	1177

190	114	1202

195	114	1245

212	114	1255

220	114	1219

184	115	1184

191	115	1208

196	115	1188

211	115	1211

213	115	1206

220	115	1232

184	116	1199

191	116	1196

195	116	1243

211	116	1215

213	116	1204

220	116	1248

185	117	1183

192	117	1200

195	117	1243

212	117	1249

219	117	1214

185	118	1202

193	118	1217

194	118	1222

219	118	1219

186	119	1183

219	119	1229

186	120	1207

218	120	1212

186	121	1230

218	121	1215

185	122	1261

186	122	1241

218	122	1215

185	123	1201

187	123	1204

218	123	1223

186	124	1195

218	124	1232

185	125	1229

218	125	1241

233	125	1218

186	126	1206

218	126	1244

230	126	1205

231	126	1193

232	126	1193

234	126	1193

235	126	1195

185	127	1261

188	127	1227

218	127	1232

228	127	1213

229	127	1199

236	127	1205

184	128	1276

187	128	1227

189	128	1190

218	128	1222

225	128	1273

226	128	1241

227	128	1210

236	128	1217

183	129	1285

188	129	1237

219	129	1255

221	129	1280

222	129	1280

223	129	1272

224	129	1248

235	129	1217

184	130	1259

220	130	1257

234	130	1223

184	131	1258

233	131	1221

184	132	1276

232	132	1220

185	133	1269

231	133	1221

184	134	1216

230	134	1218

184	135	1228

185	135	1258

229	135	1220

186	136	1253

228	136	1222

187	137	1225

227	137	1228

188	138	1222

226	138	1231

189	139	1263

225	139	1230

187	140	1278

189	140	1258

224	140	1226

188	141	1249

223	141	1234

189	142	1251

221	142	1224

222	142	1257

189	143	1280

220	143	1238

188	144	1263

219	144	1252

188	145	1238

218	145	1267

188	146	1260

217	146	1270

189	147	1260

214	147	1227

215	147	1245

216	147	1272

190	148	1266

213	148	1241

189	149	1276

212	149	1252

189	150	1237

212	150	1273

188	151	1267

211	151	1246

188	152	1264

211	152	1261

188	153	1249

210	153	1244

185	154	1250

186	154	1240

187	154	1265

210	154	1261

185	155	1241

210	155	1281

185	156	1253

209	156	1262

185	157	1288

209	157	1278

185	158	1269

208	158	1259

185	159	1245

208	159	1269

185	160	1265

208	160	1279

185	161	1247

207	161	1261

182	162	1268

183	162	1285

184	162	1262

207	162	1265

182	163	1250

183	163	1245

184	163	1227

185	163	1216

186	163	1213

187	163	1210

188	163	1207

189	163	1204

190	163	1204

191	163	1204

192	163	1203

193	163	1201

194	163	1200

195	163	1201

196	163	1204

197	163	1206

198	163	1209

199	163	1211

200	163	1212

201	163	1216

202	163	1222

203	163	1230

204	163	1234

205	163	1242

206	163	1255

207	163	1276

