193	153	1652

194	153	1656

195	153	1660

192	154	1658

195	154	1662

204	154	1658

205	154	1660

206	154	1660

189	155	1655

190	155	1662

191	155	1663

192	155	1663

196	155	1666

204	155	1662

206	155	1666

189	156	1654

191	156	1666

193	156	1662

196	156	1663

204	156	1667

206	156	1669

189	157	1655

192	157	1629

193	157	1660

196	157	1663

204	157	1669

206	157	1668

189	158	1656

192	158	1670

194	158	1658

197	158	1666

205	158	1666

206	158	1668

188	159	1654

192	159	1669

194	159	1656

197	159	1664

205	159	1666

206	159	1669

189	160	1659

192	160	1663

194	160	1659

198	160	1668

205	160	1668

206	160	1670

189	161	1665

193	161	1668

198	161	1668

204	161	1667

206	161	1670

190	162	1662

199	162	1675

203	162	1678

206	162	1670

189	163	1666

200	163	1675

202	163	1694

206	163	1674

189	164	1671

201	164	1704

206	164	1676

181	165	1651

182	165	1652

190	165	1662

206	165	1677

181	166	1655

183	166	1658

190	166	1661

206	166	1680

181	167	1658

184	167	1662

190	167	1661

206	167	1680

182	168	1660

185	168	1662

190	168	1665

206	168	1685

183	169	1657

185	169	1657

190	169	1661

206	169	1683

216	169	1708

217	169	1696

218	169	1693

219	169	1715

183	170	1658

186	170	1659

190	170	1641

206	170	1685

215	170	1654

219	170	1695

183	171	1672

187	171	1661

188	171	1669

190	171	1650

206	171	1681

214	171	1727

219	171	1708

184	172	1670

189	172	1663

206	172	1681

213	172	1719

218	172	1687

185	173	1666

207	173	1684

213	173	1701

218	173	1713

185	174	1673

186	174	1664

207	174	1683

213	174	1684

217	174	1692

187	175	1667

208	175	1686

211	175	1704

212	175	1694

217	175	1713

188	176	1667

209	176	1688

210	176	1708

216	176	1690

188	177	1675

216	177	1707

188	178	1673

215	178	1688

188	179	1670

215	179	1703

188	180	1665

215	180	1725

188	181	1613

214	181	1695

189	182	1659

214	182	1712

189	183	1682

213	183	1692

190	184	1665

212	184	1688

190	185	1659

212	185	1717

190	186	1670

211	186	1708

190	187	1681

210	187	1702

191	188	1651

209	188	1696

192	189	1665

209	189	1721

193	190	1667

208	190	1723

193	191	1648

207	191	1726

194	192	1676

207	192	1749

195	193	1681

207	193	1760

195	194	1687

206	194	1733

195	195	1684

206	195	1742

195	196	1691

206	196	1747

196	197	1703

206	197	1748

196	198	1703

206	198	1749

196	199	1701

206	199	1751

196	200	1700

206	200	1755

196	201	1711

206	201	1758

196	202	1724

206	202	1759

196	203	1734

206	203	1760

196	204	1738

206	204	1764

196	205	1736

206	205	1767

197	206	1735

206	206	1765

197	207	1741

206	207	1762

197	208	1744

206	208	1762

197	209	1753

206	209	1764

197	210	1761

206	210	1765

197	211	1770

206	211	1768

198	212	1758

206	212	1770

199	213	1761

206	213	1771

199	214	1770

200	214	1763

201	214	1760

202	214	1760

203	214	1761

204	214	1764

205	214	1768

