174	116	1431

175	116	1431

176	116	1433

174	117	1429

177	117	1437

167	118	1415

173	118	1428

177	118	1435

186	118	1441

166	119	1419

168	119	1421

169	119	1426

170	119	1434

173	119	1430

178	119	1437

185	119	1432

187	119	1435

166	120	1421

169	120	1429

174	120	1433

178	120	1439

184	120	1405

188	120	1446

166	121	1420

169	121	1431

174	121	1433

178	121	1442

184	121	1432

188	121	1445

166	122	1421

169	122	1428

174	122	1434

178	122	1444

184	122	1435

188	122	1443

166	123	1424

170	123	1444

174	123	1435

178	123	1445

184	123	1438

188	123	1444

166	124	1426

171	124	1451

173	124	1435

178	124	1442

183	124	1425

188	124	1446

166	125	1427

172	125	1443

179	125	1433

180	125	1446

183	125	1439

188	125	1452

166	126	1425

180	126	1442

183	126	1435

187	126	1444

166	127	1428

181	127	1441

182	127	1437

187	127	1446

166	128	1429

187	128	1447

166	129	1433

188	129	1427

167	130	1429

188	130	1467

167	131	1431

187	131	1453

154	132	1397

155	132	1401

156	132	1401

167	132	1431

188	132	1446

154	133	1400

157	133	1405

167	133	1433

173	133	1448

187	133	1450

154	134	1402

158	134	1411

167	134	1433

172	134	1442

174	134	1447

186	134	1447

155	135	1404

159	135	1411

167	135	1435

172	135	1443

174	135	1446

186	135	1453

155	136	1409

160	136	1416

166	136	1445

173	136	1446

187	136	1469

155	137	1425

161	137	1422

165	137	1424

186	137	1456

156	138	1427

162	138	1424

163	138	1427

164	138	1419

186	138	1454

157	139	1428

186	139	1451

158	140	1427

186	140	1452

159	141	1430

186	141	1457

160	142	1434

186	142	1454

160	143	1438

186	143	1451

161	144	1447

187	144	1451

194	144	1484

196	144	1471

197	144	1466

198	144	1461

199	144	1462

200	144	1464

201	144	1470

202	144	1476

203	144	1486

161	145	1462

188	145	1454

192	145	1473

193	145	1467

195	145	1462

203	145	1478

161	146	1457

189	146	1459

190	146	1462

191	146	1461

204	146	1487

162	147	1423

201	147	1478

202	147	1486

203	147	1489

162	148	1428

199	148	1474

200	148	1486

163	149	1433

198	149	1474

162	150	1426

196	150	1472

197	150	1480

163	151	1443

195	151	1475

163	152	1452

194	152	1482

163	153	1478

193	153	1480

164	154	1433

191	154	1467

192	154	1479

164	155	1460

190	155	1466

165	156	1432

189	156	1474

165	157	1447

188	157	1475

165	158	1470

187	158	1475

165	159	1468

185	159	1473

186	159	1479

165	160	1473

184	160	1483

165	161	1475

183	161	1490

164	162	1482

183	162	1497

164	163	1489

182	163	1491

164	164	1476

182	164	1498

163	165	1485

181	165	1499

163	166	1472

181	166	1510

162	167	1463

181	167	1516

162	168	1458

180	168	1508

162	169	1463

180	169	1510

162	170	1466

180	170	1514

159	171	1503

160	171	1500

161	171	1470

179	171	1509

161	172	1472

179	172	1515

161	173	1467

179	173	1523

160	174	1463

179	174	1533

160	175	1472

179	175	1539

159	176	1482

178	176	1531

159	177	1477

178	177	1540

158	178	1474

177	178	1533

178	178	1543

158	179	1481

176	179	1528

157	180	1483

176	180	1536

157	181	1491

158	181	1486

159	181	1481

160	181	1476

161	181	1473

162	181	1472

163	181	1472

164	181	1472

165	181	1471

166	181	1472

167	181	1473

168	181	1475

169	181	1476

170	181	1480

171	181	1487

172	181	1493

173	181	1502

174	181	1511

175	181	1526

