320	131	1214

321	131	1204

322	131	1210

323	131	1237

319	132	1221

323	132	1211

318	133	1253

323	133	1207

306	134	1275

318	134	1238

323	134	1209

305	135	1235

307	135	1228

308	135	1238

318	135	1228

323	135	1216

328	135	1220

329	135	1204

330	135	1207

331	135	1240

304	136	1239

309	136	1246

318	136	1224

323	136	1220

327	136	1222

330	136	1191

332	136	1255

304	137	1234

309	137	1233

317	137	1255

324	137	1273

325	137	1308

326	137	1242

329	137	1189

331	137	1193

332	137	1217

304	138	1240

309	138	1231

317	138	1251

324	138	1289

325	138	1307

330	138	1188

332	138	1214

304	139	1248

309	139	1234

317	139	1241

323	139	1240

326	139	1239

333	139	1331

304	140	1253

309	140	1238

317	140	1233

323	140	1254

326	140	1234

333	140	1343

304	141	1259

310	141	1310

316	141	1303

323	141	1287

326	141	1230

333	141	1341

304	142	1269

310	142	1266

316	142	1262

323	142	1301

326	142	1225

333	142	1341

304	143	1274

311	143	1338

316	143	1256

323	143	1303

326	143	1224

333	143	1331

304	144	1280

311	144	1306

316	144	1251

322	144	1232

325	144	1286

332	144	1275

336	144	1287

337	144	1280

304	145	1305

311	145	1270

316	145	1246

323	145	1273

325	145	1237

332	145	1304

334	145	1322

335	145	1231

338	145	1215

304	146	1309

312	146	1327

315	146	1292

324	146	1303

332	146	1308

334	146	1255

336	146	1190

337	146	1189

339	146	1236

305	147	1267

312	147	1280

315	147	1282

332	147	1309

334	147	1208

335	147	1193

338	147	1188

339	147	1215

305	148	1280

312	148	1263

315	148	1271

332	148	1315

334	148	1204

335	148	1194

338	148	1189

339	148	1212

305	149	1304

313	149	1318

315	149	1282

333	149	1248

336	149	1191

337	149	1190

338	149	1192

306	150	1282

314	150	1347

332	150	1309

338	150	1198

306	151	1303

331	151	1272

333	151	1218

338	151	1202

307	152	1285

330	152	1230

332	152	1279

338	152	1206

307	153	1306

330	153	1238

332	153	1235

338	153	1211

292	154	1319

293	154	1307

308	154	1281

330	154	1236

332	154	1216

338	154	1221

291	155	1295

294	155	1277

295	155	1297

308	155	1286

329	155	1231

331	155	1213

337	155	1206

291	156	1278

296	156	1288

308	156	1290

330	156	1223

336	156	1204

291	157	1283

297	157	1291

308	157	1300

336	157	1204

292	158	1272

298	158	1306

308	158	1304

335	158	1211

292	159	1288

298	159	1283

308	159	1300

335	159	1213

293	160	1279

299	160	1307

308	160	1294

334	160	1216

293	161	1305

299	161	1285

308	161	1289

334	161	1213

294	162	1294

300	162	1295

307	162	1317

333	162	1219

294	163	1322

301	163	1300

307	163	1288

333	163	1218

295	164	1309

302	164	1303

306	164	1290

332	164	1221

296	165	1294

303	165	1287

304	165	1293

305	165	1282

332	165	1221

296	166	1320

332	166	1221

297	167	1301

332	167	1222

297	168	1326

332	168	1223

298	169	1301

332	169	1228

298	170	1325

332	170	1229

299	171	1314

332	171	1232

300	172	1310

331	172	1233

301	173	1305

331	173	1236

302	174	1298

331	174	1238

302	175	1327

331	175	1243

303	176	1318

331	176	1244

304	177	1312

330	177	1243

305	178	1314

330	178	1244

306	179	1316

329	179	1249

307	180	1321

308	180	1301

329	180	1259

309	181	1316

328	181	1271

310	182	1334

328	182	1286

311	183	1338

328	183	1302

312	184	1328

328	184	1309

313	185	1324

328	185	1315

313	186	1333

328	186	1324

313	187	1341

328	187	1328

314	188	1327

328	188	1329

314	189	1336

328	189	1327

315	190	1323

328	190	1332

315	191	1333

328	191	1343

315	192	1338

327	192	1324

315	193	1344

328	193	1345

316	194	1329

328	194	1338

316	195	1337

328	195	1337

316	196	1344

328	196	1341

317	197	1337

328	197	1345

317	198	1345

328	198	1347

318	199	1342

327	199	1333

318	200	1346

327	200	1338

319	201	1345

327	201	1343

320	202	1344

326	202	1340

321	203	1345

322	203	1344

323	203	1343

326	203	1344

324	204	1346

326	204	1346

325	205	1346

