174	116	1428

175	116	1430

176	116	1433

177	116	1435

174	117	1430

177	117	1437

174	118	1428

178	118	1442

186	118	1434

165	119	1412

166	119	1412

167	119	1416

173	119	1427

178	119	1445

185	119	1430

187	119	1441

165	120	1416

167	120	1420

173	120	1431

178	120	1443

184	120	1436

188	120	1449

165	121	1419

168	121	1426

174	121	1432

178	121	1442

184	121	1438

188	121	1448

165	122	1421

168	122	1426

174	122	1431

178	122	1441

184	122	1437

188	122	1446

165	123	1421

168	123	1427

173	123	1412

178	123	1441

184	123	1439

188	123	1448

165	124	1419

169	124	1419

170	124	1423

172	124	1396

179	124	1417

183	124	1440

188	124	1437

164	125	1412

171	125	1423

180	125	1388

183	125	1439

187	125	1444

165	126	1420

180	126	1457

182	126	1435

187	126	1445

165	127	1424

181	127	1448

187	127	1446

165	128	1426

187	128	1448

165	129	1427

187	129	1452

166	130	1427

188	130	1461

154	131	1400

155	131	1405

166	131	1428

187	131	1456

188	131	1413

154	132	1402

156	132	1410

166	132	1430

186	132	1450

154	133	1405

157	133	1414

166	133	1431

186	133	1454

154	134	1408

158	134	1415

167	134	1435

186	134	1456

155	135	1412

159	135	1414

166	135	1442

186	135	1460

155	136	1419

160	136	1417

165	136	1466

185	136	1455

155	137	1429

161	137	1420

162	137	1423

164	137	1449

185	137	1457

156	138	1440

163	138	1431

185	138	1456

157	139	1431

185	139	1457

158	140	1432

185	140	1453

158	141	1469

185	141	1452

159	142	1491

160	142	1434

185	142	1451

161	143	1434

186	143	1457

198	143	1456

199	143	1472

200	143	1472

162	144	1439

186	144	1453

195	144	1464

196	144	1459

197	144	1458

201	144	1466

202	144	1472

162	145	1442

187	145	1456

191	145	1453

192	145	1462

193	145	1460

194	145	1459

203	145	1485

217	145	1525

161	146	1440

188	146	1457

189	146	1462

190	146	1457

202	146	1475

162	147	1453

201	147	1480

161	148	1435

198	148	1477

199	148	1484

200	148	1484

162	149	1470

197	149	1482

162	150	1469

195	150	1472

196	150	1479

163	151	1439

194	151	1479

163	152	1440

193	152	1479

163	153	1457

191	153	1471

192	153	1480

163	154	1447

190	154	1471

164	155	1438

189	155	1473

190	155	1476

164	156	1480

188	156	1474

165	157	1460

187	157	1474

165	158	1443

186	158	1477

165	159	1459

184	159	1478

185	159	1484

165	160	1461

183	160	1489

164	161	1498

182	161	1491

164	162	1473

182	162	1493

163	163	1488

181	163	1490

163	164	1476

181	164	1498

162	165	1497

181	165	1505

162	166	1492

180	166	1503

162	167	1467

180	167	1508

161	168	1490

180	168	1516

161	169	1470

179	169	1509

160	170	1452

179	170	1516

160	171	1455

179	171	1521

160	172	1463

178	172	1518

160	173	1465

178	173	1526

159	174	1470

178	174	1534

158	175	1476

178	175	1539

158	176	1475

177	176	1531

158	177	1479

177	177	1540

157	178	1484

177	178	1543

157	179	1484

176	179	1533

156	180	1481

175	180	1531

156	181	1488

157	181	1483

158	181	1478

159	181	1476

160	181	1476

161	181	1474

162	181	1473

163	181	1471

164	181	1471

165	181	1471

166	181	1471

167	181	1472

168	181	1474

169	181	1476

170	181	1482

171	181	1489

172	181	1499

173	181	1509

174	181	1522

175	181	1542

