160	149	1599

159	150	1603

161	150	1602

159	151	1604

161	151	1601

151	152	1602

152	152	1600

153	152	1607

159	152	1605

161	152	1601

150	153	1595

153	153	1604

159	153	1604

161	153	1600

151	154	1605

153	154	1602

159	154	1608

162	154	1604

173	154	1618

174	154	1620

151	155	1607

153	155	1603

160	155	1598

162	155	1599

173	155	1616

174	155	1618

151	156	1611

154	156	1608

159	156	1610

162	156	1600

172	156	1617

174	156	1618

151	157	1615

154	157	1605

159	157	1616

162	157	1602

172	157	1616

174	157	1619

152	158	1603

155	158	1606

159	158	1623

162	158	1603

171	158	1609

174	158	1620

152	159	1603

155	159	1601

159	159	1603

163	159	1614

170	159	1620

174	159	1622

152	160	1604

156	160	1604

159	160	1606

163	160	1614

170	160	1615

173	160	1615

141	161	1588

142	161	1587

143	161	1595

152	161	1608

157	161	1599

159	161	1616

163	161	1611

169	161	1621

173	161	1621

141	162	1591

144	162	1601

152	162	1615

158	162	1637

163	162	1607

168	162	1628

173	162	1623

142	163	1592

144	163	1594

152	163	1623

164	163	1597

167	163	1639

172	163	1617

142	164	1599

145	164	1597

146	164	1603

153	164	1608

164	164	1613

167	164	1612

172	164	1619

143	165	1601

147	165	1603

153	165	1616

165	165	1613

166	165	1620

171	165	1613

143	166	1632

144	166	1601

148	166	1606

153	166	1624

171	166	1618

145	167	1600

149	167	1603

150	167	1606

153	167	1616

170	167	1612

146	168	1601

151	168	1606

152	168	1608

170	168	1617

147	169	1601

169	169	1615

147	170	1616

169	170	1620

148	171	1608

169	171	1622

149	172	1607

168	172	1612

149	173	1618

168	173	1610

149	174	1626

168	174	1612

150	175	1618

169	175	1625

150	176	1625

169	176	1618

151	177	1618

170	177	1615

151	178	1620

170	178	1612

151	179	1623

171	179	1614

151	180	1627

172	180	1615

173	180	1622

151	181	1637

174	181	1619

175	181	1621

176	181	1622

177	181	1625

178	181	1624

179	181	1623

180	181	1622

181	181	1622

182	181	1622

183	181	1625

184	181	1627

185	181	1633

152	182	1625

182	182	1624

183	182	1627

184	182	1628

185	182	1631

186	182	1635

152	183	1628

176	183	1621

177	183	1625

178	183	1626

179	183	1627

180	183	1624

181	183	1626

152	184	1627

173	184	1620

174	184	1625

175	184	1630

152	185	1627

171	185	1622

172	185	1627

152	186	1640

170	186	1624

153	187	1646

167	187	1618

168	187	1625

169	187	1639

153	188	1661

166	188	1632

153	189	1668

165	189	1664

153	190	1679

164	190	1681

153	191	1687

164	191	1699

153	192	1689

163	192	1682

153	193	1690

163	193	1695

154	194	1684

162	194	1691

154	195	1697

162	195	1698

155	196	1692

162	196	1702

156	197	1696

161	197	1700

157	198	1700

158	198	1695

159	198	1699

160	198	1700

