193	153	1658

194	153	1659

192	154	1657

195	154	1667

205	154	1668

190	155	1677

193	155	1662

196	155	1666

205	155	1666

206	155	1670

189	156	1663

191	156	1673

192	156	1675

196	156	1669

205	156	1664

206	156	1669

189	157	1662

196	157	1671

205	157	1666

206	157	1670

189	158	1662

197	158	1675

205	158	1671

206	158	1673

189	159	1664

197	159	1674

205	159	1676

206	159	1678

189	160	1664

198	160	1676

205	160	1678

206	160	1680

189	161	1665

198	161	1674

205	161	1679

206	161	1681

190	162	1666

199	162	1681

204	162	1678

206	162	1679

189	163	1669

200	163	1685

203	163	1665

206	163	1679

189	164	1673

200	164	1688

203	164	1680

207	164	1683

182	165	1662

189	165	1665

201	165	1685

202	165	1688

206	165	1684

181	166	1665

183	166	1664

189	166	1672

206	166	1687

181	167	1666

183	167	1664

189	167	1673

206	167	1689

182	168	1662

184	168	1669

190	168	1678

206	168	1689

182	169	1666

185	169	1672

191	169	1680

206	169	1687

182	170	1683

186	170	1672

191	170	1686

206	170	1687

216	170	1677

217	170	1688

218	170	1696

219	170	1716

183	171	1681

187	171	1669

191	171	1688

206	171	1687

215	171	1692

219	171	1703

184	172	1676

188	172	1668

189	172	1670

190	172	1681

206	172	1688

214	172	1718

219	172	1730

184	173	1681

206	173	1686

213	173	1708

218	173	1702

185	174	1686

207	174	1689

212	174	1726

217	174	1686

186	175	1684

207	175	1686

212	175	1690

217	175	1703

187	176	1677

208	176	1689

209	176	1692

211	176	1657

216	176	1689

187	177	1651

210	177	1687

216	177	1704

188	178	1675

216	178	1730

188	179	1676

215	179	1700

188	180	1688

215	180	1716

188	181	1697

214	181	1691

189	182	1676

214	182	1708

189	183	1699

213	183	1697

190	184	1674

213	184	1725

190	185	1674

212	185	1715

190	186	1698

211	186	1705

191	187	1676

210	187	1698

191	188	1686

210	188	1726

192	189	1673

209	189	1718

193	190	1672

208	190	1715

193	191	1682

207	191	1724

193	192	1696

207	192	1754

194	193	1707

207	193	1769

194	194	1706

206	194	1741

195	195	1700

206	195	1743

195	196	1696

206	196	1751

195	197	1706

206	197	1751

196	198	1707

206	198	1754

195	199	1727

206	199	1755

196	200	1710

206	200	1757

196	201	1717

206	201	1762

196	202	1726

206	202	1762

196	203	1736

206	203	1766

196	204	1746

206	204	1771

196	205	1751

206	205	1774

197	206	1739

206	206	1775

197	207	1742

206	207	1772

197	208	1746

206	208	1772

197	209	1760

207	209	1778

197	210	1774

207	210	1778

198	211	1757

206	211	1777

198	212	1766

206	212	1776

198	213	1773

206	213	1776

199	214	1771

200	214	1764

201	214	1762

202	214	1762

203	214	1766

204	214	1770

205	214	1776

206	214	1776

