173	110	1368

172	111	1360

174	111	1370

165	112	1345

166	112	1358

171	112	1360

175	112	1376

164	113	1350

167	113	1363

171	113	1362

175	113	1375

181	113	1375

182	113	1378

164	114	1347

168	114	1370

171	114	1356

175	114	1377

180	114	1368

183	114	1377

163	115	1348

167	115	1361

171	115	1356

176	115	1397

180	115	1364

184	115	1378

163	116	1349

167	116	1361

171	116	1356

175	116	1379

180	116	1366

184	116	1378

163	117	1349

168	117	1370

171	117	1360

176	117	1401

179	117	1370

184	117	1371

163	118	1346

167	118	1363

170	118	1349

176	118	1402

179	118	1368

184	118	1370

163	119	1349

168	119	1362

170	119	1352

176	119	1402

179	119	1368

183	119	1373

163	120	1352

168	120	1378

170	120	1358

175	120	1383

179	120	1366

183	120	1377

157	121	1344

158	121	1350

163	121	1352

168	121	1375

170	121	1360

175	121	1382

178	121	1366

183	121	1379

156	122	1337

159	122	1365

163	122	1353

168	122	1374

170	122	1359

175	122	1381

178	122	1369

183	122	1383

156	123	1338

159	123	1364

163	123	1354

168	123	1376

170	123	1361

175	123	1384

178	123	1370

183	123	1384

156	124	1339

159	124	1361

163	124	1353

168	124	1378

170	124	1365

175	124	1385

177	124	1357

183	124	1386

156	125	1340

159	125	1361

162	125	1348

169	125	1348

176	125	1396

183	125	1390

155	126	1325

160	126	1374

162	126	1349

183	126	1394

155	127	1326

160	127	1365

162	127	1336

183	127	1397

156	128	1340

161	128	1370

163	128	1360

183	128	1401

156	129	1341

162	129	1349

184	129	1418

157	130	1346

184	130	1449

157	131	1345

183	131	1420

157	132	1342

182	132	1401

157	133	1348

182	133	1403

156	134	1364

182	134	1403

156	135	1370

182	135	1405

156	136	1353

182	136	1401

157	137	1353

182	137	1379

190	137	1355

191	137	1388

192	137	1385

194	137	1400

195	137	1406

196	137	1407

197	137	1412

157	138	1352

182	138	1396

189	138	1403

193	138	1385

198	138	1396

199	138	1421

158	139	1358

182	139	1394

188	139	1425

199	139	1407

157	140	1357

182	140	1394

186	140	1399

187	140	1391

198	140	1400

157	141	1364

183	141	1401

185	141	1426

197	141	1402

198	141	1421

157	142	1373

184	142	1394

196	142	1408

156	143	1422

194	143	1401

195	143	1412

157	144	1384

193	144	1409

157	145	1392

192	145	1411

157	146	1391

191	146	1414

158	147	1358

190	147	1418

157	148	1356

189	148	1414

158	149	1353

188	149	1413

158	150	1358

187	150	1412

158	151	1377

186	151	1411

159	152	1397

185	152	1416

158	153	1406

184	153	1413

159	154	1413

182	154	1403

183	154	1414

159	155	1423

181	155	1405

159	156	1394

180	156	1414

159	157	1390

179	157	1432

158	158	1372

160	158	1380

178	158	1435

159	159	1380

177	159	1423

158	160	1406

177	160	1425

157	161	1409

176	161	1425

157	162	1397

176	162	1430

157	163	1394

175	163	1430

156	164	1411

175	164	1437

156	165	1381

175	165	1446

156	166	1379

175	166	1450

155	167	1376

174	167	1444

154	168	1402

174	168	1454

153	169	1392

173	169	1447

154	170	1386

173	170	1452

152	171	1370

153	171	1374

173	171	1458

153	172	1384

173	172	1467

152	173	1389

172	173	1461

152	174	1395

172	174	1466

152	175	1396

171	175	1462

151	176	1385

171	176	1470

151	177	1395

170	177	1462

150	178	1393

170	178	1468

150	179	1401

151	179	1405

152	179	1400

153	179	1400

154	179	1399

155	179	1400

156	179	1399

157	179	1398

158	179	1398

159	179	1398

160	179	1398

161	179	1398

162	179	1401

163	179	1407

164	179	1412

165	179	1417

166	179	1423

167	179	1433

168	179	1444

169	179	1460

