193	153	1659

194	153	1662

192	154	1660

195	154	1669

205	154	1658

190	155	1669

191	155	1657

192	155	1658

196	155	1673

204	155	1661

206	155	1666

189	156	1657

191	156	1677

193	156	1667

196	156	1670

204	156	1668

206	156	1670

189	157	1657

192	157	1658

193	157	1667

196	157	1667

204	157	1674

206	157	1674

189	158	1658

192	158	1687

194	158	1668

197	158	1668

205	158	1675

206	158	1678

188	159	1666

193	159	1642

197	159	1667

205	159	1676

206	159	1678

189	160	1664

198	160	1675

205	160	1677

206	160	1679

189	161	1666

198	161	1671

205	161	1675

206	161	1678

189	162	1661

199	162	1673

204	162	1677

206	162	1677

189	163	1657

200	163	1683

204	163	1674

206	163	1674

189	164	1661

201	164	1629

202	164	1634

203	164	1671

207	164	1679

182	165	1660

189	165	1660

207	165	1685

181	166	1657

183	166	1665

189	166	1676

207	166	1690

181	167	1662

183	167	1665

189	167	1674

206	167	1684

181	168	1672

184	168	1667

190	168	1674

206	168	1684

182	169	1666

185	169	1666

190	169	1673

206	169	1686

183	170	1659

186	170	1668

190	170	1680

206	170	1686

215	170	1658

216	170	1675

217	170	1677

218	170	1682

219	170	1704

183	171	1663

187	171	1671

188	171	1669

190	171	1685

206	171	1689

214	171	1725

219	171	1703

184	172	1671

189	172	1670

206	172	1686

213	172	1721

218	172	1688

184	173	1667

206	173	1685

213	173	1704

218	173	1708

185	174	1688

207	174	1687

212	174	1707

217	174	1688

186	175	1690

207	175	1685

212	175	1680

217	175	1705

187	176	1677

208	176	1684

209	176	1693

210	176	1691

211	176	1716

216	176	1689

188	177	1666

216	177	1705

188	178	1667

215	178	1691

188	179	1671

215	179	1704

189	180	1664

215	180	1718

189	181	1667

214	181	1690

189	182	1666

214	182	1705

189	183	1664

213	183	1692

190	184	1672

213	184	1718

189	185	1688

212	185	1708

190	186	1684

211	186	1699

191	187	1681

210	187	1694

191	188	1684

210	188	1723

192	189	1673

209	189	1715

192	190	1676

208	190	1714

193	191	1671

207	191	1721

193	192	1691

207	192	1745

194	193	1675

207	193	1751

194	194	1681

207	194	1766

195	195	1699

206	195	1740

195	196	1699

206	196	1748

196	197	1699

206	197	1753

196	198	1706

206	198	1753

196	199	1715

206	199	1758

196	200	1720

206	200	1758

196	201	1720

206	201	1760

196	202	1725

206	202	1758

196	203	1731

206	203	1762

196	204	1737

206	204	1762

197	205	1730

206	205	1767

197	206	1737

206	206	1768

197	207	1743

206	207	1772

197	208	1745

206	208	1772

197	209	1758

206	209	1771

197	210	1763

206	210	1770

197	211	1774

206	211	1770

198	212	1765

206	212	1772

199	213	1767

206	213	1774

199	214	1774

200	214	1764

201	214	1762

202	214	1765

203	214	1768

204	214	1770

205	214	1773

206	214	1776

