180	111	1322

181	111	1325

179	112	1319

182	112	1318

183	112	1347

179	113	1314

183	113	1334

171	114	1297

172	114	1285

173	114	1282

174	114	1297

178	114	1311

183	114	1329

170	115	1295

174	115	1285

178	115	1323

183	115	1325

190	115	1345

191	115	1361

170	116	1291

175	116	1312

178	116	1324

183	116	1320

189	116	1332

192	116	1351

170	117	1291

174	117	1290

178	117	1321

183	117	1316

188	117	1333

192	117	1335

170	118	1291

174	118	1292

178	118	1318

183	118	1313

188	118	1331

192	118	1339

170	119	1289

174	119	1296

178	119	1320

183	119	1316

188	119	1328

192	119	1343

169	120	1292

174	120	1301

178	120	1320

183	120	1316

187	120	1325

192	120	1346

169	121	1301

174	121	1307

178	121	1321

183	121	1319

187	121	1334

192	121	1351

169	122	1302

174	122	1307

177	122	1310

183	122	1321

187	122	1332

192	122	1360

158	123	1297

159	123	1299

169	123	1303

174	123	1305

177	123	1324

183	123	1325

186	123	1328

191	123	1336

157	124	1302

160	124	1293

169	124	1303

174	124	1302

177	124	1323

183	124	1329

186	124	1339

191	124	1342

157	125	1305

161	125	1302

169	125	1308

175	125	1318

176	125	1336

183	125	1329

186	125	1336

191	125	1349

157	126	1306

161	126	1296

169	126	1308

183	126	1339

186	126	1331

191	126	1355

158	127	1302

162	127	1301

169	127	1311

183	127	1340

185	127	1336

191	127	1363

158	128	1302

163	128	1296

169	128	1312

184	128	1345

191	128	1369

158	129	1303

163	129	1299

165	129	1314

166	129	1357

169	129	1318

190	129	1344

159	130	1303

164	130	1298

165	130	1322

169	130	1320

191	130	1372

159	131	1306

166	131	1337

169	131	1322

191	131	1375

160	132	1307

166	132	1313

169	132	1325

191	132	1366

160	133	1311

167	133	1335

168	133	1356

191	133	1345

160	134	1315

190	134	1350

161	135	1316

190	135	1341

161	136	1326

190	136	1362

160	137	1368

189	137	1362

160	138	1385

188	138	1349

161	139	1358

188	139	1355

161	140	1373

188	140	1354

199	140	1364

200	140	1359

201	140	1356

202	140	1355

203	140	1355

204	140	1370

161	141	1326

188	141	1350

198	141	1350

205	141	1346

206	141	1380

162	142	1345

189	142	1362

196	142	1363

197	142	1347

207	142	1393

162	143	1363

189	143	1355

192	143	1389

193	143	1380

194	143	1369

195	143	1345

206	143	1377

162	144	1363

190	144	1362

191	144	1387

204	144	1354

205	144	1377

161	145	1339

203	145	1367

162	146	1369

201	146	1353

202	146	1378

161	147	1414

200	147	1361

161	148	1370

199	148	1372

162	149	1400

197	149	1356

198	149	1380

162	150	1381

196	150	1356

163	151	1348

195	151	1361

161	152	1277

162	152	1324

194	152	1359

162	153	1300

193	153	1360

162	154	1332

164	154	1348

192	154	1368

163	155	1345

165	155	1338

190	155	1360

191	155	1374

165	156	1344

189	156	1365

164	157	1367

188	157	1368

164	158	1379

187	158	1371

164	159	1381

185	159	1365

186	159	1378

164	160	1389

184	160	1378

163	161	1377

183	161	1380

162	162	1364

183	162	1382

163	163	1351

183	163	1389

162	164	1317

182	164	1383

160	165	1288

162	165	1323

182	165	1393

161	166	1339

182	166	1403

160	167	1344

182	167	1400

160	168	1348

181	168	1400

160	169	1381

181	169	1404

159	170	1415

181	170	1408

159	171	1389

181	171	1407

159	172	1372

180	172	1407

159	173	1378

180	173	1412

158	174	1394

179	174	1409

180	174	1415

158	175	1369

178	175	1405

158	176	1365

178	176	1414

158	177	1364

177	177	1406

158	178	1361

159	178	1361

160	178	1358

161	178	1356

162	178	1355

163	178	1354

164	178	1354

165	178	1352

166	178	1352

167	178	1351

168	178	1352

169	178	1354

170	178	1360

171	178	1365

172	178	1368

173	178	1372

174	178	1379

175	178	1388

176	178	1398

177	178	1414

