216	126	1488

215	127	1473

217	127	1465

218	127	1480

209	128	1461

210	128	1460

211	128	1471

214	128	1480

218	128	1472

208	129	1456

212	129	1477

214	129	1472

218	129	1469

207	130	1461

212	130	1473

214	130	1469

218	130	1469

223	130	1493

224	130	1473

225	130	1473

207	131	1463

211	131	1461

214	131	1465

219	131	1492

223	131	1471

226	131	1477

207	132	1458

211	132	1465

214	132	1463

219	132	1492

222	132	1475

226	132	1476

207	133	1456

211	133	1466

213	133	1463

219	133	1502

222	133	1463

226	133	1480

206	134	1463

211	134	1464

213	134	1464

218	134	1474

221	134	1478

226	134	1483

206	135	1457

212	135	1463

218	135	1478

221	135	1475

226	135	1492

197	136	1427

205	136	1472

218	136	1478

221	136	1468

225	136	1473

196	137	1447

198	137	1461

206	137	1455

218	137	1481

220	137	1480

225	137	1478

195	138	1444

199	138	1469

205	138	1442

218	138	1485

220	138	1466

225	138	1481

196	139	1447

200	139	1481

203	139	1429

205	139	1455

219	139	1479

225	139	1482

195	140	1454

200	140	1456

202	140	1439

203	140	1470

205	140	1460

224	140	1473

196	141	1448

200	141	1457

204	141	1515

224	141	1480

196	142	1449

200	142	1454

205	142	1455

224	142	1485

196	143	1446

201	143	1462

202	143	1481

205	143	1454

224	143	1491

197	144	1446

203	144	1487

205	144	1464

223	144	1471

197	145	1447

204	145	1500

223	145	1479

198	146	1443

223	146	1490

198	147	1446

223	147	1488

197	148	1456

222	148	1478

198	149	1451

222	149	1482

198	150	1484

222	150	1482

198	151	1494

222	151	1483

233	151	1473

234	151	1468

235	151	1463

236	151	1468

237	151	1482

198	152	1501

222	152	1482

229	152	1512

230	152	1481

231	152	1461

232	152	1456

237	152	1470

198	153	1503

222	153	1481

227	153	1507

228	153	1478

237	153	1481

198	154	1458

223	154	1495

224	154	1527

225	154	1532

226	154	1506

236	154	1484

199	155	1432

235	155	1485

199	156	1460

234	156	1487

199	157	1436

233	157	1498

199	158	1430

232	158	1502

199	159	1438

231	159	1497

199	160	1449

230	160	1494

199	161	1448

229	161	1492

199	162	1431

228	162	1492

199	163	1482

227	163	1499

200	164	1477

225	164	1486

226	164	1510

200	165	1485

224	165	1496

200	166	1526

223	166	1502

200	167	1536

222	167	1505

199	168	1478

201	168	1459

221	168	1512

200	169	1489

219	169	1500

220	169	1512

199	170	1455

218	170	1511

199	171	1487

217	171	1510

200	172	1448

217	172	1517

200	173	1447

217	173	1522

199	174	1456

216	174	1515

198	175	1479

216	175	1529

198	176	1455

216	176	1551

198	177	1447

215	177	1534

197	178	1464

215	178	1542

197	179	1462

215	179	1546

196	180	1478

215	180	1551

197	181	1466

214	181	1536

195	182	1461

196	182	1462

214	182	1545

195	183	1450

213	183	1532

195	184	1456

213	184	1541

195	185	1468

213	185	1551

194	186	1474

212	186	1539

194	187	1480

195	187	1478

196	187	1477

197	187	1476

198	187	1476

199	187	1475

200	187	1474

201	187	1473

202	187	1473

203	187	1474

204	187	1476

205	187	1479

206	187	1482

207	187	1487

208	187	1494

209	187	1506

210	187	1514

211	187	1530

212	187	1547

