219	123	1453

220	123	1461

218	124	1444

221	124	1446

213	125	1446

214	125	1450

215	125	1464

217	125	1449

221	125	1434

212	126	1435

215	126	1445

217	126	1448

221	126	1432

211	127	1448

216	127	1449

222	127	1460

227	127	1461

211	128	1436

222	128	1460

226	128	1449

228	128	1451

211	129	1429

222	129	1466

225	129	1448

229	129	1460

210	130	1435

221	130	1435

225	130	1445

229	130	1467

210	131	1432

221	131	1435

225	131	1444

229	131	1472

210	132	1433

221	132	1438

224	132	1457

229	132	1486

199	133	1439

200	133	1466

209	133	1417

221	133	1443

224	133	1448

228	133	1449

198	134	1431

201	134	1440

202	134	1445

209	134	1421

221	134	1449

224	134	1440

228	134	1451

197	135	1429

203	135	1450

204	135	1450

206	135	1412

207	135	1427

208	135	1444

221	135	1456

223	135	1443

228	135	1456

198	136	1426

203	136	1448

207	136	1486

221	136	1464

223	136	1446

228	136	1472

198	137	1431

203	137	1430

206	137	1469

222	137	1462

228	137	1484

198	138	1435

203	138	1433

205	138	1430

227	138	1454

199	139	1432

204	139	1438

227	139	1461

199	140	1437

227	140	1475

200	141	1430

226	141	1452

200	142	1436

226	142	1457

200	143	1432

226	143	1462

201	144	1429

226	144	1467

201	145	1433

225	145	1450

200	146	1451

225	146	1452

200	147	1454

225	147	1456

201	148	1449

225	148	1459

201	149	1463

225	149	1464

237	149	1454

238	149	1444

239	149	1450

240	149	1477

202	150	1429

225	150	1458

234	150	1465

235	150	1448

236	150	1435

240	150	1444

200	151	1473

201	151	1468

225	151	1454

231	151	1490

232	151	1459

233	151	1448

240	151	1446

201	152	1454

226	152	1467

229	152	1513

230	152	1468

239	152	1442

240	152	1487

202	153	1435

227	153	1483

228	153	1491

238	153	1445

201	154	1481

237	154	1450

201	155	1466

236	155	1455

237	155	1523

201	156	1467

235	156	1454

201	157	1468

234	157	1456

201	158	1465

233	158	1456

201	159	1491

232	159	1459

201	160	1464

202	160	1433

231	160	1461

203	161	1428

230	161	1461

202	162	1475

229	162	1471

202	163	1484

227	163	1465

228	163	1491

201	164	1479

226	164	1473

202	165	1459

225	165	1477

203	166	1444

224	166	1488

202	167	1504

222	167	1474

223	167	1501

202	168	1475

221	168	1495

201	169	1456

220	169	1498

202	170	1456

220	170	1514

200	171	1477

201	171	1478

219	171	1492

200	172	1452

219	172	1502

199	173	1388

201	173	1456

219	173	1514

201	174	1455

218	174	1505

201	175	1451

218	175	1523

199	176	1460

200	176	1450

218	176	1533

200	177	1452

218	177	1535

199	178	1456

217	178	1519

198	179	1443

217	179	1526

198	180	1446

216	180	1514

198	181	1465

216	181	1523

197	182	1463

215	182	1513

197	183	1458

215	183	1523

197	184	1464

215	184	1534

196	185	1478

214	185	1517

196	186	1475

197	186	1471

198	186	1465

199	186	1461

200	186	1458

201	186	1459

202	186	1459

203	186	1457

204	186	1453

205	186	1453

206	186	1455

207	186	1459

208	186	1461

209	186	1466

210	186	1472

211	186	1483

212	186	1490

213	186	1507

214	186	1526

