164	130	1475

165	130	1477

157	131	1467

158	131	1469

163	131	1475

165	131	1476

157	132	1468

159	132	1473

163	132	1472

165	132	1476

156	133	1469

158	133	1473

163	133	1472

165	133	1477

156	134	1470

158	134	1477

163	134	1472

165	134	1478

156	135	1469

158	135	1479

163	135	1474

165	135	1477

174	135	1477

175	135	1483

156	136	1471

158	136	1479

162	136	1477

165	136	1478

173	136	1474

175	136	1485

156	137	1472

158	137	1478

162	137	1476

165	137	1480

173	137	1478

175	137	1482

144	138	1467

145	138	1472

156	138	1473

158	138	1480

162	138	1477

165	138	1484

172	138	1478

175	138	1484

144	139	1466

145	139	1469

155	139	1471

158	139	1481

162	139	1475

165	139	1485

171	139	1473

175	139	1487

144	140	1467

146	140	1476

155	140	1470

159	140	1491

161	140	1477

165	140	1487

171	140	1482

174	140	1487

144	141	1469

146	141	1475

155	141	1470

160	141	1473

165	141	1488

169	141	1478

170	141	1482

174	141	1488

144	142	1469

146	142	1472

155	142	1472

165	142	1489

168	142	1483

174	142	1486

145	143	1470

147	143	1473

155	143	1472

166	143	1514

167	143	1491

169	143	1485

173	143	1486

145	144	1471

147	144	1471

155	144	1473

168	144	1482

173	144	1490

145	145	1472

148	145	1474

155	145	1474

172	145	1488

146	146	1473

149	146	1478

154	146	1475

172	146	1491

146	147	1474

150	147	1480

151	147	1483

152	147	1492

153	147	1460

171	147	1489

146	148	1478

171	148	1490

146	149	1468

170	149	1490

146	150	1478

170	150	1496

146	151	1488

169	151	1492

147	152	1482

169	152	1496

147	153	1490

168	153	1492

147	154	1494

168	154	1494

147	155	1491

168	155	1496

147	156	1493

168	156	1496

147	157	1484

168	157	1496

175	157	1499

176	157	1497

177	157	1495

178	157	1496

179	157	1495

180	157	1495

181	157	1497

182	157	1503

147	158	1458

169	158	1504

173	158	1498

174	158	1495

181	158	1499

182	158	1505

147	159	1484

170	159	1505

171	159	1493

172	159	1493

179	159	1497

180	159	1500

147	160	1493

178	160	1498

147	161	1490

176	161	1501

177	161	1501

147	162	1503

175	162	1502

148	163	1481

173	163	1500

174	163	1503

148	164	1484

172	164	1494

148	165	1487

172	165	1499

148	166	1497

170	166	1497

171	166	1499

148	167	1502

169	167	1499

148	168	1502

168	168	1502

148	169	1484

166	169	1497

167	169	1509

149	170	1499

165	170	1500

149	171	1506

164	171	1507

149	172	1509

162	172	1518

163	172	1519

148	173	1507

161	173	1532

147	174	1535

161	174	1544

147	175	1538

160	175	1540

147	176	1532

160	176	1546

147	177	1522

160	177	1559

147	178	1526

160	178	1569

146	179	1539

159	179	1563

146	180	1540

159	180	1574

145	181	1564

158	181	1563

146	182	1545

158	182	1569

145	183	1565

158	183	1580

145	184	1571

157	184	1572

145	185	1571

157	185	1578

145	186	1575

156	186	1574

145	187	1578

156	187	1579

145	188	1581

155	188	1579

146	189	1576

154	189	1573

146	190	1578

154	190	1578

146	191	1580

152	191	1578

153	191	1580

146	192	1581

147	192	1579

148	192	1576

149	192	1575

151	192	1577

150	193	1581

