201	124	1202

202	124	1189

203	124	1190

204	124	1199

201	125	1189

205	125	1205

201	126	1187

205	126	1197

195	127	1227

196	127	1213

201	127	1189

206	127	1206

216	127	1233

217	127	1204

218	127	1203

219	127	1221

194	128	1210

197	128	1192

198	128	1213

201	128	1194

206	128	1201

216	128	1204

220	128	1231

194	129	1189

198	129	1194

201	129	1201

207	129	1224

216	129	1202

220	129	1210

193	130	1202

199	130	1223

202	130	1195

207	130	1211

215	130	1229

220	130	1206

189	131	1297

193	131	1204

199	131	1209

202	131	1196

208	131	1258

215	131	1227

220	131	1208

189	132	1294

190	132	1284

192	132	1281

199	132	1202

202	132	1200

208	132	1239

215	132	1226

220	132	1212

190	133	1281

191	133	1290

192	133	1278

200	133	1232

201	133	1250

208	133	1221

215	133	1230

220	133	1215

193	134	1213

209	134	1270

215	134	1235

220	134	1216

188	135	1275

193	135	1226

201	135	1251

209	135	1250

215	135	1231

220	135	1217

193	136	1231

200	136	1213

202	136	1233

210	136	1291

215	136	1222

220	136	1218

193	137	1263

200	137	1210

203	137	1207

211	137	1317

214	137	1273

220	137	1221

194	138	1218

201	138	1262

203	138	1211

211	138	1314

213	138	1315

220	138	1223

186	139	1197

187	139	1208

194	139	1244

202	139	1242

210	139	1246

214	139	1230

220	139	1227

185	140	1190

188	140	1202

195	140	1207

210	140	1242

214	140	1229

220	140	1233

185	141	1186

189	141	1214

195	141	1214

202	141	1233

210	141	1238

214	141	1231

220	141	1239

185	142	1186

190	142	1244

195	142	1215

201	142	1209

203	142	1236

211	142	1301

214	142	1227

220	142	1251

185	143	1188

190	143	1219

196	143	1202

202	143	1232

204	143	1218

212	143	1308

213	143	1252

219	143	1236

185	144	1193

191	144	1240

196	144	1204

202	144	1224

204	144	1223

219	144	1243

186	145	1192

191	145	1224

196	145	1207

202	145	1216

204	145	1232

219	145	1253

186	146	1200

192	146	1249

196	146	1215

203	146	1243

219	146	1270

186	147	1208

192	147	1214

196	147	1231

218	147	1244

187	148	1200

193	148	1238

194	148	1262

196	148	1249

218	148	1249

187	149	1215

195	149	1287

218	149	1254

188	150	1201

218	150	1255

232	150	1258

233	150	1243

234	150	1244

188	151	1205

218	151	1259

230	151	1253

231	151	1237

235	151	1246

189	152	1200

218	152	1264

229	152	1245

235	152	1254

188	153	1242

218	153	1264

228	153	1254

234	153	1234

188	154	1265

189	154	1232

218	154	1259

228	154	1236

234	154	1263

190	155	1235

218	155	1253

227	155	1245

233	155	1249

190	156	1272

218	156	1245

227	156	1235

232	156	1234

190	157	1317

219	157	1273

226	157	1251

232	157	1255

190	158	1320

219	158	1260

226	158	1238

231	158	1239

189	159	1295

190	159	1304

191	159	1304

219	159	1246

225	159	1244

231	159	1261

192	160	1233

220	160	1252

224	160	1255

230	160	1245

189	161	1262

192	161	1252

221	161	1243

222	161	1261

223	161	1253

230	161	1265

191	162	1320

193	162	1215

229	162	1247

193	163	1222

229	163	1266

191	164	1278

193	164	1228

228	164	1243

191	165	1287

192	165	1290

228	165	1252

191	166	1292

228	166	1262

191	167	1320

192	167	1307

227	167	1244

191	168	1310

193	168	1273

227	168	1263

193	169	1297

226	169	1257

191	170	1317

194	170	1250

225	170	1255

194	171	1277

225	171	1288

194	172	1274

224	172	1286

194	173	1303

223	173	1282

195	174	1278

222	174	1276

196	175	1258

221	175	1272

194	176	1308

195	176	1299

196	176	1288

219	176	1258

220	176	1279

194	177	1287

195	177	1279

197	177	1284

218	177	1273

195	178	1290

196	178	1302

216	178	1271

217	178	1294

195	179	1303

196	179	1311

215	179	1285

197	180	1285

215	180	1318

197	181	1287

214	181	1303

197	182	1297

214	182	1320

197	183	1300

213	183	1304

196	184	1315

213	184	1320

196	185	1290

212	185	1308

194	186	1300

195	186	1283

211	186	1303

195	187	1289

211	187	1311

195	188	1292

210	188	1304

194	189	1299

210	189	1310

194	190	1301

210	190	1320

194	191	1301

209	191	1314

194	192	1314

208	192	1310

194	193	1320

208	193	1319

195	194	1319

206	194	1311

207	194	1318

196	195	1315

205	195	1315

197	196	1313

204	196	1317

197	197	1317

203	197	1315

191	198	1306

197	198	1317

202	198	1316

203	198	1319

197	199	1320

198	199	1317

201	199	1318

199	200	1320

200	200	1320

