208	148	1543

209	148	1547

207	149	1544

210	149	1550

219	149	1565

220	149	1564

221	149	1573

204	150	1549

205	150	1540

207	150	1547

211	150	1556

219	150	1562

222	150	1584

203	151	1540

206	151	1553

207	151	1552

211	151	1555

218	151	1547

222	151	1576

203	152	1540

206	152	1556

208	152	1550

211	152	1556

218	152	1562

222	152	1574

203	153	1544

207	153	1533

212	153	1560

219	153	1562

222	153	1573

203	154	1543

208	154	1541

213	154	1561

219	154	1566

222	154	1575

203	155	1544

207	155	1562

209	155	1556

213	155	1570

219	155	1570

222	155	1578

204	156	1546

207	156	1555

209	156	1557

214	156	1548

219	156	1569

223	156	1586

203	157	1540

208	157	1562

214	157	1577

218	157	1553

223	157	1589

204	158	1552

215	158	1586

216	158	1569

218	158	1567

223	158	1590

204	159	1551

217	159	1574

223	159	1595

198	160	1542

204	160	1552

217	160	1589

223	160	1598

197	161	1537

199	161	1549

204	161	1554

216	161	1605

218	161	1579

223	161	1600

197	162	1540

200	162	1555

204	162	1561

216	162	1598

218	162	1575

223	162	1592

197	163	1544

201	163	1563

205	163	1555

217	163	1576

222	163	1590

198	164	1547

201	164	1561

204	164	1554

222	164	1590

231	164	1614

232	164	1590

233	164	1589

198	165	1547

202	165	1568

203	165	1616

222	165	1593

230	165	1624

234	165	1608

199	166	1547

222	166	1592

230	166	1582

234	166	1616

199	167	1548

223	167	1578

228	167	1650

229	167	1583

233	167	1585

199	168	1551

223	168	1604

228	168	1590

233	168	1604

200	169	1549

223	169	1601

227	169	1638

232	169	1584

200	170	1551

224	170	1623

225	170	1675

226	170	1671

232	170	1594

200	171	1574

225	171	1670

227	171	1595

232	171	1612

201	172	1593

226	172	1632

231	172	1588

201	173	1624

231	173	1601

202	174	1587

231	174	1614

202	175	1596

230	175	1587

203	176	1559

230	176	1597

203	177	1554

230	177	1607

203	178	1565

230	178	1621

203	179	1594

229	179	1598

204	180	1570

229	180	1620

205	181	1560

228	181	1599

204	182	1559

227	182	1591

205	183	1556

227	183	1614

205	184	1552

226	184	1603

205	185	1576

225	185	1597

206	186	1570

225	186	1622

206	187	1571

224	187	1622

207	188	1571

223	188	1626

207	189	1593

222	189	1642

208	190	1613

222	190	1673

209	191	1600

221	191	1642

210	192	1603

221	192	1652

210	193	1608

221	193	1666

210	194	1612

220	194	1653

210	195	1602

220	195	1660

210	196	1614

220	196	1667

210	197	1619

220	197	1673

210	198	1628

219	198	1658

210	199	1632

219	199	1665

210	200	1629

219	200	1673

210	201	1634

218	201	1661

210	202	1643

218	202	1666

210	203	1659

218	203	1672

210	204	1662

217	204	1670

211	205	1651

216	205	1670

211	206	1658

215	206	1672

210	207	1675

211	207	1667

214	207	1672

212	208	1670

213	208	1671

214	208	1675

212	209	1676

