177	116	1433

178	116	1435

179	116	1437

177	117	1433

179	117	1433

170	118	1415

177	118	1432

180	118	1441

169	119	1416

171	119	1423

172	119	1435

177	119	1431

180	119	1440

189	119	1443

169	120	1422

172	120	1430

177	120	1431

180	120	1440

187	120	1437

188	120	1432

190	120	1439

191	120	1456

169	121	1421

172	121	1430

177	121	1432

180	121	1440

187	121	1439

191	121	1454

169	122	1422

172	122	1429

176	122	1436

181	122	1439

187	122	1438

191	122	1454

169	123	1422

172	123	1426

176	123	1435

181	123	1446

186	123	1445

191	123	1454

169	124	1423

173	124	1438

176	124	1436

181	124	1447

186	124	1439

191	124	1458

169	125	1424

174	125	1447

175	125	1436

181	125	1448

186	125	1435

190	125	1446

169	126	1424

182	126	1457

186	126	1437

190	126	1447

169	127	1426

182	127	1459

185	127	1436

190	127	1447

169	128	1426

183	128	1483

184	128	1459

190	128	1448

169	129	1426

190	129	1448

169	130	1426

190	130	1453

169	131	1429

190	131	1459

157	132	1404

158	132	1404

170	132	1432

191	132	1433

157	133	1404

159	133	1406

170	133	1434

190	133	1466

157	134	1402

160	134	1406

170	134	1434

189	134	1454

158	135	1405

161	135	1410

170	135	1432

189	135	1457

158	136	1408

162	136	1414

169	136	1437

190	136	1426

158	137	1415

163	137	1415

164	137	1416

167	137	1407

168	137	1423

189	137	1464

158	138	1420

165	138	1422

166	138	1425

188	138	1454

159	139	1422

188	139	1460

159	140	1426

188	140	1457

160	141	1448

188	141	1458

161	142	1480

188	142	1455

162	143	1474

188	143	1454

163	144	1481

189	144	1451

200	144	1476

201	144	1471

202	144	1473

203	144	1476

204	144	1473

164	145	1447

190	145	1438

195	145	1491

196	145	1471

198	145	1466

199	145	1461

205	145	1476

164	146	1437

191	146	1451

192	146	1473

193	146	1479

194	146	1477

197	146	1458

206	146	1494

165	147	1441

205	147	1482

165	148	1452

203	148	1481

204	148	1488

164	149	1503

201	149	1475

202	149	1491

165	150	1469

199	150	1474

200	150	1483

165	151	1467

198	151	1479

165	152	1468

197	152	1482

165	153	1433

195	153	1474

196	153	1484

166	154	1461

194	154	1478

166	155	1467

193	155	1481

167	156	1464

192	156	1480

167	157	1479

191	157	1480

167	158	1471

189	158	1477

190	158	1485

168	159	1458

188	159	1481

167	160	1471

186	160	1478

187	160	1486

167	161	1485

185	161	1493

166	162	1489

185	162	1506

166	163	1476

184	163	1493

166	164	1468

184	164	1495

165	165	1478

183	165	1494

165	166	1468

183	166	1503

165	167	1463

183	167	1517

164	168	1473

182	168	1508

164	169	1469

182	169	1513

163	170	1479

182	170	1519

163	171	1461

181	171	1514

163	172	1466

181	172	1520

162	173	1474

181	173	1526

162	174	1477

181	174	1534

161	175	1479

180	175	1528

161	176	1478

180	176	1532

160	177	1469

179	177	1532

160	178	1477

179	178	1541

160	179	1477

178	179	1536

159	180	1484

178	180	1542

158	181	1481

177	181	1534

158	182	1487

159	182	1486

160	182	1481

161	182	1478

162	182	1474

163	182	1474

164	182	1473

165	182	1473

166	182	1471

167	182	1470

168	182	1470

169	182	1471

170	182	1473

171	182	1479

172	182	1482

173	182	1488

174	182	1494

175	182	1506

176	182	1523

177	182	1538

