196	113	1326

197	113	1318

198	113	1318

199	113	1330

191	114	1360

196	114	1316

200	114	1348

190	115	1338

192	115	1329

193	115	1345

195	115	1323

200	115	1343

189	116	1343

194	116	1339

200	116	1345

189	117	1334

200	117	1337

206	117	1348

207	117	1355

189	118	1330

200	118	1336

205	118	1340

208	118	1361

188	119	1336

200	119	1341

204	119	1343

208	119	1351

188	120	1334

200	120	1343

204	120	1339

208	120	1358

188	121	1333

200	121	1346

204	121	1338

208	121	1362

188	122	1330

200	122	1341

203	122	1349

208	122	1369

187	123	1336

200	123	1365

203	123	1348

208	123	1381

175	124	1333

176	124	1341

187	124	1335

199	124	1329

203	124	1343

207	124	1342

174	125	1339

177	125	1335

187	125	1333

199	125	1330

202	125	1349

207	125	1349

174	126	1331

178	126	1333

186	126	1351

199	126	1335

202	126	1343

207	126	1361

174	127	1330

179	127	1337

180	127	1353

186	127	1345

199	127	1339

201	127	1334

207	127	1374

174	128	1330

181	128	1371

182	128	1401

184	128	1342

185	128	1366

199	128	1344

201	128	1344

207	128	1389

174	129	1336

183	129	1334

200	129	1347

206	129	1352

175	130	1330

206	130	1362

175	131	1333

206	131	1377

175	132	1337

205	132	1344

176	133	1328

205	133	1352

177	134	1326

205	134	1356

177	135	1330

205	135	1356

177	136	1333

206	136	1393

177	137	1333

205	137	1373

206	137	1401

177	138	1343

204	138	1353

177	139	1344

204	139	1352

177	140	1407

205	140	1384

177	141	1391

205	141	1369

215	141	1351

216	141	1342

217	141	1339

218	141	1342

219	141	1350

177	142	1343

206	142	1390

207	142	1385

208	142	1378

209	142	1396

210	142	1398

213	142	1369

214	142	1345

220	142	1349

177	143	1355

205	143	1361

207	143	1401

211	143	1361

212	143	1352

220	143	1351

176	144	1371

205	144	1363

207	144	1356

219	144	1342

220	144	1394

177	145	1386

206	145	1376

218	145	1348

177	146	1420

217	146	1352

177	147	1393

216	147	1357

178	148	1353

215	148	1364

177	149	1354

214	149	1372

178	150	1338

213	150	1377

178	151	1342

212	151	1376

178	152	1361

211	152	1380

178	153	1378

210	153	1384

178	154	1436

209	154	1390

178	155	1399

207	155	1373

208	155	1403

178	156	1358

179	156	1367

205	156	1356

206	156	1382

178	157	1355

180	157	1352

204	157	1364

178	158	1319

180	158	1349

203	158	1372

178	159	1342

180	159	1347

202	159	1377

178	160	1380

179	160	1385

200	160	1379

201	160	1395

177	161	1341

199	161	1394

178	162	1355

199	162	1416

178	163	1395

198	163	1392

176	164	1366

177	164	1382

197	164	1379

176	165	1355

197	165	1393

176	166	1395

197	166	1408

176	167	1385

196	167	1393

174	168	1343

175	168	1398

177	168	1353

196	168	1403

176	169	1370

196	169	1411

174	170	1351

176	170	1357

196	170	1414

173	171	1388

175	171	1381

195	171	1403

173	172	1432

174	172	1415

195	172	1411

172	173	1361

173	173	1386

175	173	1357

195	173	1418

174	174	1365

195	174	1426

174	175	1360

194	175	1415

173	176	1359

194	176	1423

172	177	1369

194	177	1428

170	178	1304

171	178	1388

194	178	1430

171	179	1390

193	179	1432

172	180	1372

173	180	1361

174	180	1353

175	180	1349

176	180	1349

177	180	1348

178	180	1347

179	180	1345

180	180	1346

181	180	1346

182	180	1349

183	180	1350

184	180	1354

185	180	1356

186	180	1359

187	180	1364

188	180	1372

189	180	1382

190	180	1391

191	180	1405

192	180	1421

