203	123	1188

204	123	1176

205	123	1175

206	123	1182

203	124	1174

207	124	1181

203	125	1173

208	125	1191

198	126	1189

199	126	1186

203	126	1173

208	126	1181

219	126	1193

220	126	1190

221	126	1197

197	127	1175

200	127	1176

203	127	1178

209	127	1210

218	127	1193

222	127	1195

196	128	1189

201	128	1183

203	128	1187

209	128	1191

218	128	1188

222	128	1192

196	129	1182

201	129	1177

204	129	1178

209	129	1185

218	129	1189

223	129	1231

196	130	1181

201	130	1179

204	130	1182

210	130	1259

218	130	1193

223	130	1222

195	131	1245

202	131	1219

204	131	1192

210	131	1206

218	131	1194

223	131	1217

191	132	1295

195	132	1251

202	132	1203

204	132	1209

211	132	1271

218	132	1196

223	132	1220

194	133	1284

202	133	1191

205	133	1186

211	133	1262

218	133	1197

223	133	1230

194	134	1300

195	134	1256

203	134	1222

204	134	1222

211	134	1225

218	134	1199

223	134	1234

196	135	1196

211	135	1207

217	135	1223

223	135	1238

188	136	1233

189	136	1249

190	136	1261

196	136	1207

212	136	1256

217	136	1213

223	136	1253

188	137	1191

191	137	1243

192	137	1272

193	137	1275

196	137	1226

212	137	1228

217	137	1206

222	137	1206

187	138	1192

192	138	1262

196	138	1249

213	138	1289

216	138	1237

222	138	1209

187	139	1181

192	139	1246

196	139	1269

213	139	1283

215	139	1300

222	139	1213

187	140	1178

192	140	1235

197	140	1214

213	140	1279

215	140	1292

222	140	1217

187	141	1180

192	141	1200

198	141	1185

213	141	1290

216	141	1221

222	141	1225

187	142	1183

193	142	1239

198	142	1189

213	142	1281

215	142	1285

222	142	1241

188	143	1175

193	143	1214

198	143	1193

214	143	1286

221	143	1223

188	144	1178

193	144	1194

198	144	1201

221	144	1229

188	145	1189

194	145	1218

198	145	1221

221	145	1233

189	146	1184

195	146	1227

198	146	1236

221	146	1245

189	147	1196

196	147	1254

198	147	1246

220	147	1230

190	148	1185

197	148	1278

220	148	1237

190	149	1193

220	149	1240

234	149	1242

235	149	1227

236	149	1235

191	150	1186

220	150	1241

232	150	1238

233	150	1222

237	150	1243

191	151	1197

220	151	1242

231	151	1230

237	151	1249

191	152	1214

220	152	1241

230	152	1238

236	152	1224

191	153	1238

220	153	1241

229	153	1262

236	153	1248

191	154	1266

220	154	1239

229	154	1234

235	154	1228

192	155	1245

220	155	1234

228	155	1265

234	155	1217

192	156	1239

221	156	1259

228	156	1233

234	156	1236

191	157	1282

221	157	1246

227	157	1256

233	157	1222

191	158	1290

192	158	1286

221	158	1232

227	158	1226

233	158	1240

193	159	1296

222	159	1241

226	159	1244

232	159	1227

194	160	1224

223	160	1234

224	160	1269

225	160	1256

232	160	1244

193	161	1305

231	161	1228

193	162	1306

231	162	1240

193	163	1303

231	163	1262

193	164	1306

230	164	1235

192	165	1300

194	165	1290

230	165	1247

192	166	1286

195	166	1224

230	166	1268

195	167	1237

229	167	1245

195	168	1276

228	168	1238

195	169	1291

228	169	1267

195	170	1294

227	170	1259

196	171	1272

226	171	1252

197	172	1242

225	172	1248

197	173	1262

224	173	1248

197	174	1298

223	174	1248

198	175	1267

222	175	1251

198	176	1295

220	176	1241

221	176	1263

198	177	1305

218	177	1246

219	177	1263

198	178	1299

217	178	1264

199	179	1266

217	179	1300

199	180	1271

216	180	1293

198	181	1283

215	181	1282

198	182	1282

215	182	1299

198	183	1293

214	183	1286

198	184	1292

214	184	1300

196	185	1307

197	185	1298

213	185	1295

196	186	1296

213	186	1306

196	187	1298

212	187	1298

193	188	1304

196	188	1301

211	188	1290

196	189	1298

211	189	1297

195	190	1306

211	190	1306

194	191	1306

210	191	1306

193	192	1295

195	192	1305

196	192	1300

209	192	1304

197	193	1305

208	193	1303

197	194	1307

206	194	1301

207	194	1307

198	195	1301

205	195	1306

198	196	1306

204	196	1306

199	197	1302

203	197	1306

199	198	1306

200	198	1304

201	198	1305

202	198	1307

190	199	1294

191	199	1295

