155	121	1335

156	121	1339

157	121	1341

148	122	1338

149	122	1341

155	122	1335

158	122	1343

147	123	1336

150	123	1344

155	123	1336

158	123	1344

147	124	1336

150	124	1343

155	124	1337

158	124	1346

147	125	1335

149	125	1339

155	125	1338

158	125	1345

147	126	1336

149	126	1341

154	126	1341

158	126	1346

169	126	1352

147	127	1336

149	127	1344

154	127	1342

158	127	1348

168	127	1348

170	127	1356

147	128	1337

149	128	1344

154	128	1338

158	128	1347

167	128	1350

171	128	1366

147	129	1339

149	129	1344

153	129	1338

158	129	1343

166	129	1348

171	129	1366

147	130	1339

149	130	1344

154	130	1337

158	130	1344

166	130	1345

170	130	1359

134	131	1331

135	131	1334

146	131	1340

149	131	1344

153	131	1340

158	131	1347

165	131	1342

171	131	1312

134	132	1332

136	132	1339

146	132	1338

149	132	1343

153	132	1341

158	132	1349

164	132	1321

170	132	1364

134	133	1333

136	133	1338

146	133	1338

149	133	1343

153	133	1340

158	133	1354

164	133	1345

169	133	1356

134	134	1333

137	134	1338

146	134	1337

149	134	1342

153	134	1342

159	134	1363

164	134	1345

169	134	1360

134	135	1333

137	135	1337

146	135	1339

150	135	1344

153	135	1342

159	135	1366

162	135	1339

163	135	1342

168	135	1357

135	136	1335

138	136	1337

146	136	1340

150	136	1341

152	136	1343

160	136	1371

162	136	1341

167	136	1354

135	137	1336

138	137	1336

146	137	1341

151	137	1342

161	137	1345

167	137	1356

136	138	1335

139	138	1339

145	138	1347

166	138	1354

136	139	1333

140	139	1341

145	139	1347

166	139	1357

137	140	1332

141	140	1347

143	140	1362

144	140	1352

165	140	1356

137	141	1331

142	141	1351

165	141	1361

137	142	1331

164	142	1355

137	143	1336

163	143	1356

136	144	1317

163	144	1361

137	145	1347

162	145	1357

137	146	1353

162	146	1360

138	147	1340

162	147	1361

138	148	1345

161	148	1355

138	149	1354

162	149	1359

138	150	1371

161	150	1356

138	151	1389

162	151	1341

171	151	1366

172	151	1361

173	151	1365

174	151	1367

175	151	1367

176	151	1367

177	151	1370

138	152	1365

162	152	1360

168	152	1361

169	152	1359

170	152	1357

178	152	1368

138	153	1349

163	153	1367

164	153	1353

165	153	1393

166	153	1372

167	153	1361

178	153	1369

138	154	1352

176	154	1367

177	154	1371

178	154	1366

138	155	1397

173	155	1360

174	155	1362

175	155	1368

138	156	1391

171	156	1361

172	156	1363

138	157	1393

170	157	1365

139	158	1362

169	158	1370

139	159	1352

168	159	1373

139	160	1329

166	160	1361

167	160	1369

140	161	1356

165	161	1360

140	162	1359

163	162	1358

164	162	1361

140	163	1364

162	163	1361

141	164	1360

161	164	1367

142	165	1363

159	165	1366

160	165	1371

142	166	1363

158	166	1367

142	167	1368

157	167	1374

141	168	1372

156	168	1391

141	169	1373

155	169	1410

141	170	1379

155	170	1414

142	171	1380

155	171	1423

141	172	1385

155	172	1433

141	173	1388

155	173	1441

141	174	1390

154	174	1426

140	175	1391

154	175	1433

141	176	1396

154	176	1441

141	177	1400

153	177	1429

141	178	1403

153	178	1435

141	179	1412

153	179	1441

141	180	1416

153	180	1445

141	181	1421

152	181	1439

141	182	1424

152	182	1444

140	183	1432

151	183	1441

140	184	1438

151	184	1445

140	185	1440

150	185	1441

140	186	1443

141	186	1440

149	186	1442

150	186	1444

142	187	1445

143	187	1443

144	187	1442

145	187	1442

148	187	1445

146	188	1444

147	188	1445

