169	118	1433

170	118	1431

171	118	1432

164	119	1417

169	119	1432

171	119	1434

163	120	1415

165	120	1416

169	120	1432

172	120	1438

163	121	1415

165	121	1417

169	121	1432

172	121	1436

178	121	1442

179	121	1446

162	122	1416

166	122	1408

168	122	1433

172	122	1435

177	122	1442

180	122	1451

162	123	1416

166	123	1415

169	123	1433

173	123	1433

177	123	1442

180	123	1447

162	124	1417

166	124	1397

168	124	1436

173	124	1438

176	124	1442

180	124	1443

162	125	1420

165	125	1420

167	125	1403

173	125	1441

175	125	1445

180	125	1444

162	126	1424

166	126	1423

174	126	1440

180	126	1446

162	127	1424

180	127	1448

162	128	1424

181	128	1450

153	129	1415

154	129	1413

155	129	1409

162	129	1423

174	129	1462

181	129	1446

153	130	1418

156	130	1405

162	130	1424

173	130	1452

175	130	1442

181	130	1443

153	131	1421

156	131	1413

162	131	1423

174	131	1446

180	131	1445

154	132	1422

157	132	1414

158	132	1432

162	132	1426

180	132	1452

154	133	1423

158	133	1390

162	133	1428

179	133	1446

154	134	1423

158	134	1430

161	134	1434

179	134	1450

154	135	1423

159	135	1464

161	135	1436

179	135	1451

154	136	1425

160	136	1441

179	136	1452

155	137	1426

178	137	1444

155	138	1427

179	138	1427

155	139	1429

178	139	1444

155	140	1430

178	140	1447

155	141	1434

178	141	1448

155	142	1439

179	142	1449

155	143	1439

178	143	1445

191	143	1453

192	143	1458

193	143	1460

194	143	1468

155	144	1453

179	144	1443

187	144	1463

188	144	1451

189	144	1449

190	144	1447

195	144	1461

155	145	1448

180	145	1440

185	145	1463

186	145	1452

195	145	1462

155	146	1450

181	146	1445

182	146	1475

183	146	1462

184	146	1451

194	146	1461

155	147	1461

192	147	1464

193	147	1471

155	148	1466

191	148	1469

155	149	1481

190	149	1464

156	150	1439

188	150	1461

189	150	1462

156	151	1438

187	151	1457

156	152	1460

186	152	1454

156	153	1462

186	153	1458

156	154	1475

184	154	1459

185	154	1460

157	155	1443

183	155	1454

157	156	1441

182	156	1454

183	156	1449

158	157	1443

181	157	1455

158	158	1459

180	158	1459

158	159	1461

179	159	1462

159	160	1453

178	160	1465

158	161	1478

177	161	1478

158	162	1464

176	162	1488

158	163	1452

175	163	1482

157	164	1453

175	164	1482

157	165	1438

174	165	1479

156	166	1440

174	166	1489

156	167	1476

174	167	1497

156	168	1458

174	168	1501

156	169	1457

173	169	1496

154	170	1461

155	170	1459

173	170	1500

153	171	1446

173	171	1509

153	172	1446

172	172	1499

154	173	1458

172	173	1508

154	174	1459

172	174	1513

153	175	1471

171	175	1512

153	176	1470

171	176	1516

152	177	1482

171	177	1527

152	178	1469

153	178	1463

154	178	1459

155	178	1458

156	178	1456

157	178	1454

158	178	1453

159	178	1453

160	178	1454

161	178	1455

162	178	1458

163	178	1463

164	178	1466

165	178	1470

166	178	1473

167	178	1482

168	178	1491

169	178	1504

170	178	1518

