204	123	1190

205	123	1180

206	123	1178

207	123	1181

208	123	1199

204	124	1179

208	124	1185

204	125	1179

209	125	1199

198	126	1202

199	126	1188

200	126	1189

204	126	1182

209	126	1192

220	126	1198

221	126	1195

222	126	1208

197	127	1214

201	127	1183

204	127	1191

210	127	1216

219	127	1198

223	127	1212

197	128	1183

202	128	1202

204	128	1209

210	128	1201

219	128	1195

223	128	1202

197	129	1179

202	129	1191

205	129	1188

211	129	1248

219	129	1197

223	129	1200

197	130	1181

202	130	1187

205	130	1192

211	130	1236

218	130	1239

223	130	1203

191	131	1298

196	131	1237

202	131	1187

205	131	1204

211	131	1218

218	131	1226

224	131	1245

191	132	1269

194	132	1240

195	132	1252

202	132	1187

205	132	1216

212	132	1294

218	132	1222

224	132	1245

193	133	1302

194	133	1277

195	133	1235

203	133	1220

205	133	1226

212	133	1269

218	133	1224

223	133	1207

196	134	1236

203	134	1202

205	134	1235

212	134	1237

218	134	1220

223	134	1210

196	135	1249

204	135	1233

212	135	1217

218	135	1213

223	135	1212

189	136	1226

190	136	1249

191	136	1259

197	136	1203

213	136	1279

218	136	1207

223	136	1213

188	137	1196

192	137	1239

197	137	1206

205	137	1237

213	137	1235

218	137	1205

223	137	1213

188	138	1178

192	138	1222

196	138	1264

204	138	1216

206	138	1208

214	138	1298

217	138	1236

223	138	1214

188	139	1176

192	139	1214

197	139	1236

205	139	1240

215	139	1300

216	139	1263

223	139	1218

188	140	1177

192	140	1201

198	140	1204

214	140	1297

216	140	1262

223	140	1226

188	141	1180

193	141	1225

198	141	1213

213	141	1229

216	141	1259

223	141	1237

188	142	1184

193	142	1206

198	142	1226

214	142	1302

216	142	1243

223	142	1256

188	143	1193

194	143	1244

199	143	1202

215	143	1290

222	143	1232

189	144	1185

194	144	1222

199	144	1206

222	144	1243

189	145	1192

194	145	1199

199	145	1217

222	145	1259

189	146	1206

195	146	1216

199	146	1235

221	146	1236

190	147	1195

196	147	1233

197	147	1274

199	147	1236

221	147	1240

190	148	1204

198	148	1270

221	148	1245

191	149	1192

221	149	1252

234	149	1258

235	149	1234

236	149	1228

237	149	1247

191	150	1203

221	150	1257

233	150	1237

237	150	1228

192	151	1196

221	151	1257

232	151	1233

237	151	1224

191	152	1253

221	152	1259

231	152	1233

237	152	1236

191	153	1256

221	153	1258

230	153	1236

236	153	1223

192	154	1285

221	154	1253

229	154	1266

235	154	1217

192	155	1309

221	155	1247

229	155	1236

235	155	1233

192	156	1310

193	156	1312

221	156	1237

229	156	1229

234	156	1222

194	157	1248

222	157	1263

228	157	1239

234	157	1239

194	158	1276

222	158	1241

227	158	1250

233	158	1227

194	159	1283

223	159	1252

227	159	1229

233	159	1247

194	160	1295

224	160	1241

225	160	1259

226	160	1240

232	160	1231

192	161	1308

193	161	1309

194	161	1266

232	161	1246

193	162	1294

195	162	1224

232	162	1269

194	163	1313

231	163	1241

194	164	1305

231	164	1253

194	165	1289

230	165	1234

194	166	1292

230	166	1250

195	167	1289

229	167	1241

194	168	1303

229	168	1261

194	169	1311

228	169	1250

194	170	1304

195	170	1290

227	170	1249

196	171	1269

226	171	1244

195	172	1304

197	172	1270

225	172	1240

226	172	1276

196	173	1303

198	173	1256

224	173	1244

196	174	1312

198	174	1281

223	174	1249

198	175	1289

222	175	1252

199	176	1278

220	176	1253

221	176	1269

199	177	1307

219	177	1272

199	178	1286

218	178	1289

199	179	1285

217	179	1294

199	180	1310

216	180	1288

200	181	1284

216	181	1303

199	182	1308

215	182	1292

199	183	1303

215	183	1306

198	184	1313

214	184	1297

196	185	1313

197	185	1299

214	185	1312

197	186	1293

213	186	1305

196	187	1298

213	187	1316

197	188	1316

212	188	1308

196	189	1315

211	189	1302

196	190	1308

211	190	1313

196	191	1311

210	191	1307

196	192	1316

197	192	1316

209	192	1306

210	192	1316

198	193	1308

208	193	1310

198	194	1309

207	194	1313

193	195	1308

197	195	1316

206	195	1313

198	196	1315

205	196	1314

192	197	1308

199	197	1315

204	197	1314

192	198	1304

200	198	1313

201	198	1313

202	198	1313

203	198	1316

191	199	1311

