187	109	1324

188	109	1314

189	109	1316

190	109	1337

182	110	1353

187	110	1307

191	110	1350

181	111	1320

183	111	1326

186	111	1320

191	111	1326

180	112	1320

184	112	1330

186	112	1315

191	112	1314

198	112	1358

199	112	1348

200	112	1356

180	113	1316

184	113	1322

186	113	1312

191	113	1312

198	113	1348

201	113	1366

180	114	1318

184	114	1324

186	114	1310

192	114	1325

197	114	1358

201	114	1364

180	115	1317

184	115	1326

187	115	1310

192	115	1331

197	115	1355

201	115	1363

179	116	1305

184	116	1329

187	116	1313

192	116	1335

197	116	1353

201	116	1361

179	117	1298

184	117	1329

186	117	1318

192	117	1340

197	117	1349

201	117	1363

179	118	1305

184	118	1329

186	118	1320

192	118	1339

196	118	1349

201	118	1370

179	119	1323

184	119	1328

186	119	1319

192	119	1342

196	119	1356

201	119	1375

179	120	1320

185	120	1327

192	120	1340

196	120	1356

201	120	1377

179	121	1312

192	121	1336

196	121	1352

201	121	1382

168	122	1335

169	122	1334

170	122	1340

179	122	1315

192	122	1331

195	122	1347

201	122	1389

167	123	1333

171	123	1336

179	123	1332

192	123	1332

195	123	1356

200	123	1359

167	124	1331

172	124	1341

179	124	1337

192	124	1337

195	124	1352

200	124	1363

168	125	1327

173	125	1338

174	125	1342

178	125	1326

192	125	1338

194	125	1347

200	125	1366

168	126	1328

175	126	1302

176	126	1343

177	126	1358

192	126	1344

194	126	1353

200	126	1370

168	127	1331

193	127	1344

200	127	1375

169	128	1330

200	128	1381

169	129	1326

200	129	1392

170	130	1331

199	130	1360

170	131	1339

199	131	1365

171	132	1341

199	132	1363

171	133	1350

200	133	1384

171	134	1390

200	134	1372

171	135	1372

200	135	1375

172	136	1386

199	136	1359

206	136	1429

207	136	1423

172	137	1405

199	137	1355

205	137	1414

208	137	1377

209	137	1361

210	137	1357

211	137	1353

212	137	1352

213	137	1352

214	137	1356

215	137	1359

216	137	1373

173	138	1385

200	138	1369

204	138	1375

206	138	1390

217	138	1378

174	139	1353

201	139	1387

203	139	1411

205	139	1388

217	139	1376

173	140	1386

202	140	1395

216	140	1373

173	141	1406

215	141	1398

173	142	1424

214	142	1410

173	143	1321

211	143	1371

212	143	1386

213	143	1410

214	143	1424

173	144	1335

210	144	1389

174	145	1369

209	145	1396

175	146	1357

208	146	1400

175	147	1363

207	147	1396

175	148	1363

206	148	1393

174	149	1385

205	149	1392

175	150	1402

203	150	1376

204	150	1399

175	151	1349

202	151	1380

175	152	1348

201	152	1382

175	153	1392

176	153	1402

200	153	1382

177	154	1395

199	154	1380

176	155	1413

198	155	1384

199	155	1399

176	156	1419

197	156	1397

177	157	1376

196	157	1409

176	158	1393

195	158	1399

176	159	1378

195	159	1403

175	160	1343

195	160	1407

176	161	1358

195	161	1401

173	162	1395

174	162	1384

175	162	1364

194	162	1406

172	163	1336

174	163	1398

194	163	1417

172	164	1363

173	164	1361

194	164	1428

173	165	1361

193	165	1421

173	166	1363

193	166	1428

172	167	1397

193	167	1428

172	168	1378

193	168	1426

171	169	1377

193	169	1435

171	170	1365

192	170	1432

171	171	1372

192	171	1440

170	172	1384

191	172	1435

169	173	1408

171	173	1375

190	173	1427

170	174	1373

190	174	1430

169	175	1375

170	175	1377

171	175	1376

172	175	1373

173	175	1370

174	175	1368

175	175	1367

176	175	1365

177	175	1364

178	175	1363

179	175	1365

180	175	1366

181	175	1370

182	175	1372

183	175	1375

184	175	1378

185	175	1385

186	175	1389

187	175	1399

188	175	1407

189	175	1426

190	175	1436

