176	116	1432

177	116	1431

178	116	1431

175	117	1430

178	117	1431

169	118	1417

175	118	1429

179	118	1438

168	119	1419

170	119	1418

171	119	1419

175	119	1429

179	119	1442

187	119	1441

188	119	1440

189	119	1445

168	120	1420

172	120	1422

175	120	1433

179	120	1442

187	120	1435

190	120	1454

168	121	1422

172	121	1413

175	121	1435

180	121	1427

186	121	1436

190	121	1450

168	122	1422

172	122	1390

176	122	1435

180	122	1447

186	122	1434

190	122	1452

168	123	1424

171	123	1429

175	123	1439

180	123	1451

185	123	1439

190	123	1452

168	124	1422

172	124	1432

175	124	1440

180	124	1446

185	124	1443

190	124	1447

168	125	1424

173	125	1436

174	125	1437

180	125	1446

185	125	1443

189	125	1448

168	126	1425

180	126	1444

185	126	1439

189	126	1449

168	127	1426

181	127	1465

182	127	1460

184	127	1444

189	127	1448

168	128	1425

183	128	1453

189	128	1448

168	129	1423

174	129	1455

189	129	1451

168	130	1424

173	130	1441

175	130	1443

189	130	1453

168	131	1427

174	131	1443

189	131	1459

156	132	1401

157	132	1403

169	132	1430

189	132	1458

156	133	1406

158	133	1409

169	133	1430

189	133	1457

156	134	1408

159	134	1411

168	134	1430

188	134	1450

156	135	1409

160	135	1412

168	135	1426

188	135	1452

157	136	1410

161	136	1415

167	136	1461

188	136	1454

157	137	1412

162	137	1416

163	137	1419

166	137	1447

188	137	1466

157	138	1420

164	138	1427

165	138	1437

187	138	1456

158	139	1437

187	139	1458

159	140	1466

187	140	1456

160	141	1455

187	141	1456

161	142	1464

187	142	1453

162	143	1456

188	143	1453

163	144	1454

188	144	1452

198	144	1456

199	144	1469

200	144	1466

201	144	1472

202	144	1477

203	144	1484

163	145	1458

189	145	1461

194	145	1486

195	145	1468

196	145	1464

197	145	1461

204	145	1471

163	146	1451

190	146	1460

191	146	1472

192	146	1493

193	146	1485

205	146	1487

163	147	1461

204	147	1483

164	148	1442

202	148	1479

203	148	1480

164	149	1438

199	149	1472

200	149	1479

201	149	1488

164	150	1451

198	150	1477

164	151	1473

197	151	1482

164	152	1493

196	152	1480

165	153	1453

194	153	1471

195	153	1480

165	154	1460

193	154	1479

166	155	1454

191	155	1468

192	155	1480

166	156	1470

190	156	1470

167	157	1460

189	157	1472

190	157	1485

166	158	1418

188	158	1476

166	159	1463

187	159	1476

166	160	1490

185	160	1482

186	160	1481

166	161	1500

184	161	1496

165	162	1433

184	162	1502

165	163	1467

183	163	1487

165	164	1467

183	164	1492

165	165	1460

183	165	1500

164	166	1481

182	166	1498

163	167	1474

182	167	1510

163	168	1465

182	168	1521

162	169	1460

182	169	1523

162	170	1497

181	170	1514

162	171	1485

181	171	1517

162	172	1466

180	172	1515

161	173	1480

180	173	1519

161	174	1476

180	174	1532

161	175	1474

180	175	1541

160	176	1487

179	176	1538

160	177	1480

178	177	1530

159	178	1483

178	178	1538

159	179	1478

178	179	1543

158	180	1483

177	180	1537

158	181	1484

159	181	1480

160	181	1477

161	181	1476

162	181	1475

163	181	1474

164	181	1475

165	181	1475

166	181	1472

167	181	1471

168	181	1472

169	181	1473

170	181	1475

171	181	1479

172	181	1482

173	181	1488

174	181	1498

175	181	1513

176	181	1527

