151	127	1456

152	127	1454

139	128	1446

140	128	1448

151	128	1455

152	128	1455

139	129	1446

141	129	1451

151	129	1455

152	129	1457

139	130	1445

141	130	1448

151	130	1457

152	130	1459

139	131	1444

141	131	1445

150	131	1456

152	131	1459

140	132	1444

141	132	1444

150	132	1452

152	132	1458

140	133	1443

141	133	1443

150	133	1451

152	133	1457

140	134	1444

142	134	1445

150	134	1453

152	134	1455

167	134	1451

168	134	1451

140	135	1445

142	135	1446

150	135	1455

152	135	1454

166	135	1452

168	135	1456

140	136	1445

142	136	1447

150	136	1453

152	136	1454

165	136	1451

168	136	1459

127	137	1418

128	137	1421

140	137	1443

143	137	1449

149	137	1452

152	137	1455

164	137	1451

167	137	1458

127	138	1420

129	138	1426

140	138	1442

143	138	1446

148	138	1457

152	138	1455

162	138	1445

163	138	1448

167	138	1457

127	139	1422

130	139	1428

141	139	1441

144	139	1449

148	139	1449

152	139	1456

161	139	1448

166	139	1454

128	140	1424

130	140	1427

141	140	1446

145	140	1448

147	140	1446

152	140	1457

160	140	1452

165	140	1454

128	141	1427

131	141	1427

141	141	1449

146	141	1449

152	141	1457

158	141	1463

159	141	1452

165	141	1457

129	142	1427

132	142	1426

141	142	1451

153	142	1466

157	142	1475

164	142	1455

129	143	1433

133	143	1430

141	143	1450

154	143	1460

155	143	1457

156	143	1457

163	143	1452

130	144	1432

134	144	1433

135	144	1437

140	144	1461

162	144	1453

131	145	1439

136	145	1437

137	145	1439

138	145	1441

139	145	1458

161	145	1455

131	146	1461

161	146	1461

132	147	1455

160	147	1460

133	148	1442

159	148	1460

134	149	1446

158	149	1458

134	150	1461

158	150	1463

135	151	1451

157	151	1457

135	152	1476

157	152	1461

135	153	1460

156	153	1452

136	154	1451

156	154	1453

136	155	1454

156	155	1451

135	156	1470

156	156	1450

136	157	1462

156	157	1450

136	158	1469

157	158	1452

136	159	1479

157	159	1448

137	160	1457

158	160	1448

136	161	1467

159	161	1448

137	162	1460

160	162	1450

161	162	1452

136	163	1483

162	163	1448

163	163	1447

164	163	1448

165	163	1451

166	163	1454

167	163	1456

168	163	1454

169	163	1456

170	163	1455

136	164	1466

171	164	1459

137	165	1467

172	165	1460

173	165	1466

137	166	1485

159	166	1454

160	166	1454

161	166	1455

162	166	1455

163	166	1456

164	166	1456

165	166	1457

166	166	1459

167	166	1459

168	166	1459

169	166	1456

170	166	1458

171	166	1460

172	166	1463

173	166	1468

137	167	1513

156	167	1453

157	167	1457

158	167	1458

137	168	1510

153	168	1455

154	168	1455

155	168	1459

137	169	1492

152	169	1464

136	170	1505

151	170	1493

136	171	1495

150	171	1516

136	172	1507

150	172	1525

136	173	1501

150	173	1533

136	174	1500

149	174	1514

136	175	1502

149	175	1521

135	176	1487

149	176	1528

136	177	1506

149	177	1535

135	178	1533

149	178	1544

135	179	1520

149	179	1554

135	180	1530

149	180	1557

135	181	1526

149	181	1558

134	182	1515

148	182	1545

135	183	1524

148	183	1555

134	184	1546

147	184	1545

134	185	1557

147	185	1549

134	186	1554

147	186	1551

134	187	1554

147	187	1558

134	188	1558

146	188	1555

135	189	1554

145	189	1551

135	190	1558

145	190	1555

135	191	1558

144	191	1553

136	192	1554

137	192	1554

143	192	1555

138	193	1558

142	193	1555

143	193	1558

139	194	1557

140	194	1557

141	194	1557

