148	120	1322

149	120	1322

147	121	1316

149	121	1321

147	122	1315

149	122	1322

135	123	1313

136	123	1315

137	123	1316

147	123	1314

149	123	1323

135	124	1316

137	124	1318

146	124	1309

149	124	1322

135	125	1316

137	125	1318

146	125	1298

150	125	1325

135	126	1314

137	126	1315

146	126	1301

150	126	1321

135	127	1311

138	127	1316

147	127	1314

150	127	1320

165	127	1326

135	128	1310

138	128	1315

146	128	1310

150	128	1321

164	128	1326

166	128	1325

167	128	1331

136	129	1312

138	129	1313

147	129	1313

150	129	1322

164	129	1324

167	129	1331

136	130	1310

139	130	1313

147	130	1314

150	130	1322

163	130	1319

167	130	1334

136	131	1308

139	131	1315

147	131	1316

150	131	1323

162	131	1321

167	131	1338

136	132	1309

139	132	1314

147	132	1317

150	132	1324

161	132	1309

167	132	1329

122	133	1288

123	133	1293

136	133	1311

140	133	1314

146	133	1318

150	133	1324

161	133	1321

166	133	1336

122	134	1291

124	134	1295

137	134	1313

141	134	1318

145	134	1300

150	134	1324

160	134	1317

165	134	1330

122	135	1293

125	135	1297

137	135	1315

142	135	1328

145	135	1310

150	135	1325

159	135	1318

165	135	1339

123	136	1294

126	136	1297

137	136	1314

142	136	1332

146	136	1315

151	136	1331

158	136	1319

164	136	1331

123	137	1294

127	137	1299

137	137	1312

142	137	1323

146	137	1318

151	137	1337

157	137	1318

163	137	1326

124	138	1292

128	138	1297

138	138	1314

142	138	1319

146	138	1318

151	138	1337

155	138	1325

156	138	1318

163	138	1326

125	139	1299

129	139	1296

137	139	1315

143	139	1321

145	139	1319

151	139	1336

153	139	1359

154	139	1334

162	139	1324

126	140	1301

130	140	1301

136	140	1310

144	140	1318

152	140	1330

162	140	1331

126	141	1303

131	141	1305

132	141	1307

133	141	1309

135	141	1315

161	141	1334

126	142	1300

134	142	1313

160	142	1331

127	143	1300

159	143	1329

128	144	1306

158	144	1327

128	145	1327

129	145	1313

158	145	1334

130	146	1319

157	146	1330

130	147	1333

157	147	1336

130	148	1349

156	148	1332

131	149	1347

156	149	1336

132	150	1328

155	150	1329

131	151	1367

132	151	1339

155	151	1329

133	152	1324

155	152	1327

132	153	1344

155	153	1326

132	154	1324

156	154	1327

132	155	1327

156	155	1324

132	156	1322

157	156	1323

133	157	1343

157	157	1322

133	158	1334

158	158	1322

159	158	1326

134	159	1326

160	159	1328

161	159	1327

162	159	1327

165	159	1332

168	159	1334

169	159	1334

170	159	1336

171	159	1339

134	160	1327

163	160	1326

164	160	1326

166	160	1328

167	160	1331

172	160	1334

173	160	1340

134	161	1334

174	161	1339

175	161	1349

134	162	1330

175	162	1345

134	163	1333

163	163	1327

164	163	1326

173	163	1336

175	163	1348

134	164	1323

160	164	1326

161	164	1327

162	164	1333

165	164	1327

166	164	1328

167	164	1333

168	164	1335

169	164	1336

170	164	1336

171	164	1337

172	164	1339

174	164	1346

134	165	1344

157	165	1328

158	165	1331

159	165	1333

135	166	1346

154	166	1327

155	166	1332

156	166	1333

135	167	1362

152	167	1332

153	167	1334

135	168	1375

151	168	1347

136	169	1357

151	169	1378

136	170	1361

150	170	1402

135	171	1369

150	171	1411

136	172	1360

150	172	1413

135	173	1383

150	173	1414

135	174	1386

151	174	1426

136	175	1377

150	175	1414

136	176	1375

150	176	1417

137	177	1378

150	177	1424

136	178	1384

149	178	1412

136	179	1397

149	179	1416

136	180	1400

149	180	1420

136	181	1411

149	181	1425

136	182	1419

148	182	1422

136	183	1389

148	183	1426

136	184	1397

148	184	1428

137	185	1420

147	185	1426

137	186	1428

138	186	1426

139	186	1423

146	186	1425

147	186	1428

140	187	1427

145	187	1425

141	188	1426

142	188	1423

143	188	1424

144	188	1425

