164	124	1401

165	124	1404

166	124	1402

163	125	1406

166	125	1408

156	126	1396

157	126	1392

158	126	1388

159	126	1370

163	126	1406

166	126	1410

156	127	1395

159	127	1378

163	127	1409

166	127	1413

172	127	1409

173	127	1406

155	128	1401

159	128	1382

163	128	1410

166	128	1413

171	128	1411

174	128	1403

155	129	1400

159	129	1389

163	129	1413

166	129	1416

171	129	1409

175	129	1407

155	130	1400

159	130	1401

162	130	1413

166	130	1417

170	130	1411

175	130	1409

155	131	1401

158	131	1396

162	131	1413

166	131	1419

170	131	1408

175	131	1412

155	132	1402

159	132	1397

162	132	1414

166	132	1419

170	132	1408

175	132	1414

155	133	1404

158	133	1399

162	133	1417

166	133	1421

170	133	1408

174	133	1414

154	134	1409

159	134	1411

161	134	1420

166	134	1423

169	134	1411

174	134	1416

142	135	1395

143	135	1393

154	135	1410

160	135	1425

166	135	1422

169	135	1413

173	135	1417

142	136	1395

144	136	1392

154	136	1411

167	136	1428

169	136	1415

173	136	1420

142	137	1396

144	137	1394

154	137	1410

166	137	1426

168	137	1419

172	137	1416

142	138	1394

145	138	1395

154	138	1408

167	138	1425

172	138	1417

142	139	1398

145	139	1397

154	139	1410

172	139	1418

143	140	1399

146	140	1399

154	140	1412

172	140	1422

143	141	1401

147	141	1399

153	141	1422

172	141	1428

143	142	1404

147	142	1402

151	142	1400

153	142	1420

172	142	1430

143	143	1413

144	143	1404

148	143	1402

149	143	1403

150	143	1407

151	143	1405

153	143	1421

171	143	1425

145	144	1406

152	144	1431

171	144	1427

145	145	1409

171	145	1432

145	146	1412

170	146	1430

144	147	1441

170	147	1429

145	148	1418

170	148	1429

146	149	1422

170	149	1427

146	150	1425

170	150	1426

145	151	1397

170	151	1424

182	151	1425

183	151	1424

184	151	1426

185	151	1424

146	152	1422

170	152	1426

177	152	1444

178	152	1435

179	152	1428

180	152	1427

181	152	1422

186	152	1425

145	153	1372

171	153	1427

175	153	1437

176	153	1440

186	153	1431

146	154	1419

172	154	1436

174	154	1432

185	154	1432

147	155	1411

173	155	1425

184	155	1431

146	156	1438

181	156	1431

182	156	1437

183	156	1422

146	157	1426

180	157	1436

146	158	1424

179	158	1436

146	159	1434

178	159	1434

179	159	1430

146	160	1441

177	160	1434

146	161	1456

176	161	1439

146	162	1468

174	162	1440

175	162	1445

147	163	1460

173	163	1443

147	164	1446

172	164	1445

148	165	1427

170	165	1440

171	165	1450

148	166	1430

169	166	1444

148	167	1434

168	167	1450

169	167	1457

147	168	1450

166	168	1449

167	168	1457

147	169	1440

165	169	1461

147	170	1441

165	170	1472

147	171	1433

164	171	1463

147	172	1430

164	172	1468

145	173	1452

146	173	1457

164	173	1478

145	174	1444

163	174	1475

145	175	1469

163	175	1484

145	176	1440

163	176	1490

144	177	1464

163	177	1497

143	178	1456

162	178	1488

144	179	1445

162	179	1494

143	180	1471

162	180	1500

142	181	1468

162	181	1509

142	182	1467

161	182	1500

142	183	1454

161	183	1508

142	184	1459

160	184	1501

141	185	1461

159	185	1495

141	186	1459

159	186	1500

141	187	1462

159	187	1506

140	188	1473

158	188	1496

140	189	1476

141	189	1464

142	189	1458

143	189	1454

144	189	1452

145	189	1451

146	189	1450

147	189	1449

148	189	1449

149	189	1449

150	189	1450

151	189	1452

152	189	1457

153	189	1463

154	189	1468

155	189	1476

156	189	1483

157	189	1491

158	189	1501

