199	149	1568

200	149	1570

201	149	1571

198	150	1569

201	150	1573

211	150	1577

212	150	1582

195	151	1571

196	151	1574

197	151	1580

198	151	1570

202	151	1577

210	151	1580

213	151	1590

195	152	1572

197	152	1575

199	152	1571

202	152	1577

210	152	1582

214	152	1602

195	153	1570

198	153	1574

199	153	1576

203	153	1581

210	153	1589

214	153	1600

195	154	1569

198	154	1575

200	154	1580

203	154	1581

211	154	1585

214	154	1599

195	155	1569

199	155	1581

204	155	1584

210	155	1588

214	155	1599

195	156	1570

204	156	1583

210	156	1585

214	156	1602

196	157	1572

205	157	1589

210	157	1588

214	157	1601

196	158	1573

206	158	1599

210	158	1591

214	158	1601

196	159	1574

206	159	1599

210	159	1595

214	159	1601

196	160	1576

207	160	1614

210	160	1594

214	160	1608

189	161	1563

190	161	1568

191	161	1572

197	161	1575

208	161	1607

210	161	1594

214	161	1614

189	162	1567

192	162	1580

196	162	1578

208	162	1625

210	162	1595

214	162	1615

189	163	1572

192	163	1582

195	163	1556

196	163	1572

209	163	1578

213	163	1604

190	164	1576

193	164	1591

194	164	1596

197	164	1584

213	164	1605

190	165	1573

195	165	1564

197	165	1588

214	165	1616

225	165	1643

226	165	1646

191	166	1574

196	166	1589

213	166	1606

223	166	1618

224	166	1607

227	166	1658

191	167	1573

214	167	1615

222	167	1606

226	167	1617

191	168	1578

214	168	1616

222	168	1595

226	168	1644

191	169	1579

214	169	1612

221	169	1597

225	169	1618

192	170	1573

215	170	1616

216	170	1639

220	170	1624

225	170	1642

192	171	1573

215	171	1614

220	171	1606

224	171	1611

193	172	1594

216	172	1651

220	172	1597

224	172	1624

194	173	1594

216	173	1641

219	173	1619

223	173	1606

194	174	1565

216	174	1615

219	174	1607

224	174	1699

194	175	1619

217	175	1603

218	175	1607

223	175	1631

195	176	1590

223	176	1651

195	177	1584

222	177	1620

195	178	1592

222	178	1633

195	179	1625

222	179	1652

195	180	1607

221	180	1627

196	181	1601

220	181	1622

196	182	1623

220	182	1651

197	183	1594

219	183	1635

197	184	1596

218	184	1624

197	185	1607

218	185	1647

198	186	1602

217	186	1638

198	187	1623

199	187	1592

216	187	1640

200	188	1595

215	188	1656

200	189	1622

214	189	1664

200	190	1623

201	190	1613

213	190	1653

202	191	1611

213	191	1660

202	192	1619

213	192	1670

202	193	1617

213	193	1681

202	194	1612

213	194	1692

202	195	1606

212	195	1674

202	196	1622

212	196	1682

202	197	1641

212	197	1686

202	198	1649

212	198	1693

202	199	1658

211	199	1678

202	200	1661

211	200	1686

202	201	1662

211	201	1692

202	202	1663

211	202	1695

202	203	1666

211	203	1699

202	204	1675

210	204	1690

202	205	1688

210	205	1693

202	206	1692

210	206	1697

202	207	1691

209	207	1696

202	208	1694

209	208	1697

203	209	1692

208	209	1695

203	210	1699

207	210	1696

204	211	1700

205	211	1698

206	211	1698

