211	129	1296

212	129	1302

209	130	1304

210	130	1286

213	130	1297

209	131	1293

214	131	1310

205	132	1308

206	132	1298

209	132	1301

214	132	1297

224	132	1304

225	132	1297

226	132	1299

204	133	1304

207	133	1289

208	133	1306

215	133	1313

223	133	1308

227	133	1304

203	134	1317

215	134	1303

223	134	1305

227	134	1304

202	135	1375

216	135	1342

223	135	1306

227	135	1306

203	136	1307

216	136	1323

223	136	1306

228	136	1341

203	137	1341

217	137	1368

223	137	1305

228	137	1338

203	138	1331

217	138	1350

223	138	1308

228	138	1339

203	139	1319

217	139	1335

223	139	1310

228	139	1338

203	140	1348

218	140	1361

223	140	1309

228	140	1341

204	141	1307

218	141	1349

223	141	1307

228	141	1350

204	142	1306

218	142	1331

223	142	1310

228	142	1347

197	143	1296

198	143	1294

199	143	1311

205	143	1296

218	143	1323

223	143	1311

228	143	1348

196	144	1300

200	144	1308

205	144	1301

219	144	1368

222	144	1332

228	144	1354

196	145	1295

201	145	1340

205	145	1306

218	145	1321

222	145	1325

228	145	1355

196	146	1295

201	146	1317

205	146	1317

219	146	1389

222	146	1326

227	146	1326

196	147	1303

202	147	1373

205	147	1327

219	147	1367

222	147	1323

227	147	1332

197	148	1292

202	148	1336

205	148	1337

219	148	1358

222	148	1317

227	148	1337

197	149	1299

202	149	1309

205	149	1331

219	149	1361

222	149	1318

227	149	1344

198	150	1288

203	150	1326

206	150	1318

220	150	1358

221	150	1331

227	150	1360

198	151	1295

204	151	1331

205	151	1381

226	151	1337

198	152	1306

226	152	1344

238	152	1341

239	152	1334

240	152	1345

199	153	1296

226	153	1344

236	153	1340

237	153	1318

241	153	1357

199	154	1304

226	154	1343

235	154	1340

240	154	1327

200	155	1295

226	155	1344

234	155	1362

240	155	1343

199	156	1330

226	156	1348

234	156	1333

239	156	1323

200	157	1323

226	157	1345

234	157	1325

239	157	1346

200	158	1343

226	158	1336

233	158	1351

238	158	1325

200	159	1405

227	159	1360

233	159	1333

238	159	1337

200	160	1381

227	160	1347

232	160	1347

238	160	1357

201	161	1410

227	161	1337

232	161	1328

237	161	1337

201	162	1418

228	162	1341

231	162	1350

237	162	1355

202	163	1378

229	163	1331

230	163	1340

236	163	1335

202	164	1388

236	164	1343

201	165	1390

236	165	1352

201	166	1375

236	166	1373

201	167	1367

235	167	1343

201	168	1385

235	168	1358

202	169	1403

234	169	1339

202	170	1402

234	170	1362

202	171	1402

233	171	1351

203	172	1388

232	172	1343

202	173	1401

203	173	1405

231	173	1337

204	174	1369

231	174	1368

203	175	1400

230	175	1364

203	176	1399

204	176	1394

229	176	1361

205	177	1408

228	177	1362

206	178	1400

226	178	1351

227	178	1375

206	179	1397

225	179	1366

207	180	1410

224	180	1378

207	181	1401

224	181	1407

205	182	1370

207	182	1404

223	182	1390

207	183	1411

223	183	1404

207	184	1402

223	184	1419

207	185	1408

222	185	1403

207	186	1389

222	186	1418

207	187	1374

221	187	1407

207	188	1372

221	188	1415

206	189	1371

220	189	1402

205	190	1382

220	190	1407

203	191	1407

205	191	1395

220	191	1416

205	192	1408

219	192	1407

205	193	1408

219	193	1415

204	194	1418

218	194	1409

204	195	1401

218	195	1415

205	196	1408

217	196	1414

206	197	1414

207	197	1403

208	197	1398

209	197	1395

210	197	1390

211	197	1391

212	197	1394

213	197	1401

214	197	1406

215	197	1413

216	197	1417

