172	117	1428

173	117	1425

174	117	1426

175	117	1427

172	118	1429

176	118	1435

167	119	1427

168	119	1430

169	119	1430

172	119	1432

176	119	1431

182	119	1432

166	120	1427

170	120	1402

171	120	1419

176	120	1429

181	120	1429

183	120	1430

166	121	1429

170	121	1418

176	121	1428

181	121	1431

184	121	1436

166	122	1429

169	122	1433

171	122	1429

176	122	1434

180	122	1432

184	122	1438

166	123	1429

169	123	1433

171	123	1436

176	123	1430

180	123	1433

184	123	1443

166	124	1430

170	124	1439

176	124	1434

180	124	1434

184	124	1442

166	125	1429

177	125	1450

179	125	1438

184	125	1437

166	126	1432

178	126	1450

184	126	1420

165	127	1433

183	127	1436

157	128	1424

158	128	1422

165	128	1435

183	128	1438

157	129	1426

159	129	1426

165	129	1437

184	129	1451

157	130	1425

159	130	1426

165	130	1439

184	130	1451

157	131	1426

160	131	1426

161	131	1427

163	131	1419

164	131	1439

184	131	1459

157	132	1427

160	132	1429

164	132	1450

183	132	1454

157	133	1428

161	133	1437

164	133	1451

183	133	1455

157	134	1427

162	134	1439

163	134	1430

165	134	1443

183	134	1454

158	135	1427

163	135	1427

165	135	1448

183	135	1453

158	136	1429

163	136	1454

165	136	1452

182	136	1448

158	137	1433

164	137	1471

182	137	1449

159	138	1433

181	138	1447

158	139	1433

181	139	1449

158	140	1438

181	140	1451

158	141	1443

182	141	1451

158	142	1497

182	142	1451

158	143	1464

182	143	1451

192	143	1470

193	143	1465

194	143	1461

195	143	1463

196	143	1465

197	143	1470

158	144	1487

183	144	1457

189	144	1475

190	144	1465

191	144	1462

198	144	1469

159	145	1452

184	145	1453

185	145	1439

186	145	1479

187	145	1486

188	145	1470

198	145	1470

159	146	1448

196	146	1467

197	146	1473

198	146	1479

158	147	1404

195	147	1475

159	148	1445

194	148	1482

159	149	1453

192	149	1468

193	149	1478

159	150	1477

191	150	1468

160	151	1458

190	151	1468

160	152	1461

189	152	1471

160	153	1438

189	153	1471

161	154	1449

187	154	1469

188	154	1455

161	155	1458

186	155	1465

161	156	1467

185	156	1466

161	157	1436

184	157	1470

162	158	1489

183	158	1470

162	159	1477

182	159	1469

183	159	1474

161	160	1527

180	160	1476

181	160	1479

162	161	1466

179	161	1485

161	162	1482

179	162	1488

161	163	1471

178	163	1482

161	164	1460

178	164	1488

160	165	1483

178	165	1497

160	166	1461

177	166	1489

160	167	1462

177	167	1495

159	168	1489

177	168	1501

159	169	1465

176	169	1503

158	170	1464

176	170	1506

157	171	1446

176	171	1511

158	172	1464

175	172	1508

157	173	1473

175	173	1514

157	174	1466

175	174	1521

156	175	1460

175	175	1528

156	176	1469

174	176	1528

155	177	1482

174	177	1534

155	178	1479

174	178	1540

154	179	1478

173	179	1534

154	180	1484

155	180	1476

156	180	1471

157	180	1468

158	180	1467

159	180	1467

160	180	1465

161	180	1464

162	180	1465

163	180	1465

164	180	1465

165	180	1467

166	180	1470

167	180	1475

168	180	1481

169	180	1486

170	180	1496

171	180	1508

172	180	1526

173	180	1540

