165	157	1995

164	158	1989

165	158	1978

157	159	1977

165	159	1972

166	159	1976

157	160	1958

158	160	1963

164	160	1986

166	160	1976

157	161	1958

158	161	1961

164	161	1983

166	161	1970

157	162	1965

158	162	1960

164	162	1979

166	162	1966

157	163	1972

159	163	1965

165	163	1960

166	163	1961

177	163	1986

178	163	1997

157	164	1977

159	164	1962

165	164	1963

167	164	1975

176	164	1990

178	164	1990

158	165	1957

160	165	1975

164	165	1977

167	165	1969

176	165	1981

178	165	1997

148	166	2003

149	166	1979

158	166	1961

160	166	1964

165	166	1958

167	166	1967

175	166	1977

177	166	1981

148	167	1996

150	167	1956

151	167	1976

158	167	1965

160	167	1957

164	167	1970

167	167	1962

174	167	1981

177	167	1992

149	168	1965

152	168	1984

158	168	1978

161	168	1962

164	168	1967

167	168	1960

173	168	1975

176	168	1974

150	169	1960

153	169	1979

158	169	2006

162	169	1967

164	169	1966

167	169	1957

172	169	1976

175	169	1967

151	170	1952

154	170	1973

159	170	1961

163	170	1965

167	170	1954

171	170	1972

175	170	1975

152	171	1949

155	171	1965

159	171	1967

168	171	1955

169	171	1965

170	171	1962

174	171	1963

152	172	1984

156	172	1958

157	172	1982

158	172	2000

173	172	1958

153	173	1978

172	173	1957

154	174	1971

172	174	1967

155	175	1966

172	175	1983

156	176	1961

171	176	1959

156	177	1969

171	177	1964

156	178	1976

171	178	1968

156	179	1981

171	179	1970

156	180	1981

171	180	1963

157	181	1959

172	181	1971

157	182	1967

172	182	1960

157	183	1979

173	183	1969

157	184	1979

174	184	1971

175	184	1994

157	185	1980

176	185	1974

177	185	1973

157	186	1987

178	186	1963

179	186	1967

180	186	1972

181	186	1981

182	186	1988

183	186	2001

157	187	2009

173	187	1953

174	187	1960

175	187	1967

176	187	1974

177	187	1973

178	187	1973

179	187	1976

180	187	1980

181	187	1985

182	187	1987

183	187	1995

184	187	2018

158	188	1993

170	188	1965

171	188	1971

172	188	1973

157	189	2030

167	189	1966

168	189	1972

169	189	1991

156	190	2039

166	190	1997

156	191	2022

166	191	2040

155	192	2056

165	192	2014

155	193	2033

165	193	2034

155	194	2024

164	194	2016

155	195	2018

164	195	2033

154	196	2047

164	196	2043

154	197	2043

164	197	2052

154	198	2041

163	198	2029

154	199	2039

163	199	2044

154	200	2033

162	200	2025

153	201	2053

162	201	2033

153	202	2045

162	202	2046

153	203	2044

161	203	2032

153	204	2039

161	204	2041

152	205	2055

161	205	2050

152	206	2049

161	206	2056

152	207	2047

160	207	2046

152	208	2048

160	208	2053

152	209	2052

153	209	2048

154	209	2044

155	209	2038

156	209	2034

157	209	2033

158	209	2036

159	209	2045

