188	94	1205

189	94	1198

190	94	1201

191	94	1207

187	95	1211

192	95	1212

179	96	1187

180	96	1182

181	96	1186

182	96	1211

187	96	1204

192	96	1206

178	97	1185

183	97	1230

187	97	1202

192	97	1201

177	98	1224

183	98	1199

187	98	1202

192	98	1200

177	99	1223

183	99	1198

187	99	1201

193	99	1237

199	99	1227

200	99	1217

201	99	1220

202	99	1247

177	100	1218

182	100	1187

187	100	1205

193	100	1232

199	100	1217

202	100	1226

177	101	1203

183	101	1193

187	101	1206

193	101	1232

198	101	1221

203	101	1247

177	102	1207

183	102	1186

187	102	1204

193	102	1234

198	102	1215

203	102	1246

177	103	1206

183	103	1187

187	103	1200

193	103	1230

197	103	1263

203	103	1249

177	104	1206

183	104	1187

187	104	1199

193	104	1225

197	104	1232

202	104	1225

177	105	1200

183	105	1190

187	105	1201

193	105	1226

197	105	1222

202	105	1225

177	106	1199

183	106	1192

186	106	1234

193	106	1225

197	106	1216

202	106	1226

177	107	1198

183	107	1193

186	107	1225

193	107	1233

196	107	1253

202	107	1230

164	108	1206

165	108	1189

166	108	1189

177	108	1200

183	108	1195

186	108	1225

193	108	1229

196	108	1234

202	108	1231

163	109	1215

167	109	1183

177	109	1200

183	109	1197

186	109	1225

192	109	1207

196	109	1225

202	109	1233

163	110	1204

168	110	1178

177	110	1201

183	110	1195

186	110	1215

192	110	1209

196	110	1219

202	110	1238

163	111	1212

168	111	1183

177	111	1205

183	111	1194

186	111	1212

192	111	1210

195	111	1253

201	111	1223

164	112	1187

169	112	1185

177	112	1209

184	112	1205

185	112	1237

192	112	1209

195	112	1232

201	112	1224

164	113	1200

170	113	1182

177	113	1213

192	113	1208

195	113	1221

201	113	1228

165	114	1185

171	114	1178

177	114	1219

192	114	1211

194	114	1248

201	114	1233

165	115	1202

172	115	1198

173	115	1237

177	115	1228

193	115	1247

201	115	1237

166	116	1189

173	116	1211

177	116	1224

200	116	1224

166	117	1206

174	117	1195

177	117	1225

200	117	1225

167	118	1195

175	118	1232

176	118	1263

200	118	1231

167	119	1215

200	119	1232

168	120	1198

200	120	1233

168	121	1211

199	121	1219

168	122	1221

199	122	1220

167	123	1218

199	123	1221

215	123	1228

216	123	1225

168	124	1213

199	124	1221

212	124	1216

213	124	1206

214	124	1205

217	124	1212

168	125	1240

199	125	1219

210	125	1229

211	125	1206

218	125	1221

169	126	1256

200	126	1228

205	126	1287

206	126	1305

207	126	1264

208	126	1236

209	126	1221

218	126	1233

168	127	1283

200	127	1222

203	127	1276

204	127	1278

217	127	1237

169	128	1255

201	128	1235

202	128	1268

216	128	1249

168	129	1261

215	129	1240

169	130	1248

214	130	1234

169	131	1262

213	131	1233

170	132	1271

212	132	1232

169	133	1281

211	133	1229

169	134	1262

210	134	1228

169	135	1249

209	135	1226

169	136	1245

209	136	1248

169	137	1241

209	137	1281

169	138	1281

207	138	1246

208	138	1268

170	139	1230

206	139	1241

170	140	1200

205	140	1246

171	141	1176

203	141	1241

204	141	1266

205	141	1278

171	142	1228

202	142	1244

172	143	1293

201	143	1242

172	144	1222

199	144	1229

200	144	1247

173	145	1243

198	145	1233

171	146	1241

172	146	1271

197	146	1242

171	147	1245

196	147	1259

171	148	1235

195	148	1259

170	149	1219

194	149	1246

169	150	1238

194	150	1252

169	151	1244

194	151	1255

169	152	1220

193	152	1251

169	153	1243

193	153	1264

168	154	1235

193	154	1273

168	155	1259

192	155	1264

167	156	1285

192	156	1274

166	157	1262

192	157	1275

166	158	1255

192	158	1288

165	159	1253

191	159	1275

166	160	1252

191	160	1280

165	161	1270

191	161	1289

165	162	1263

166	162	1244

167	162	1223

168	162	1214

169	162	1210

170	162	1210

171	162	1211

172	162	1212

173	162	1211

174	162	1210

175	162	1208

176	162	1207

177	162	1208

178	162	1208

179	162	1209

180	162	1209

181	162	1213

182	162	1217

183	162	1221

184	162	1224

185	162	1228

186	162	1233

187	162	1239

188	162	1246

189	162	1261

190	162	1277

