178	116	1438

179	116	1436

180	116	1439

177	117	1440

180	117	1438

177	118	1440

181	118	1441

170	119	1423

171	119	1424

172	119	1426

177	119	1440

181	119	1439

189	119	1444

190	119	1443

191	119	1454

169	120	1425

173	120	1434

177	120	1439

181	120	1439

188	120	1439

191	120	1446

169	121	1424

173	121	1436

177	121	1439

181	121	1444

188	121	1435

191	121	1446

169	122	1422

173	122	1435

177	122	1438

181	122	1446

187	122	1440

191	122	1446

169	123	1424

173	123	1437

177	123	1439

181	123	1446

187	123	1443

191	123	1446

169	124	1425

174	124	1455

177	124	1440

182	124	1452

187	124	1442

191	124	1446

170	125	1426

175	125	1477

176	125	1446

183	125	1459

186	125	1429

191	125	1451

170	126	1426

183	126	1461

186	126	1441

191	126	1452

170	127	1426

183	127	1471

186	127	1441

191	127	1454

170	128	1427

184	128	1483

185	128	1447

191	128	1443

170	129	1428

190	129	1448

170	130	1428

191	130	1455

158	131	1402

170	131	1427

190	131	1449

157	132	1403

159	132	1409

170	132	1428

190	132	1449

157	133	1408

160	133	1411

170	133	1430

190	133	1451

158	134	1408

161	134	1411

171	134	1437

190	134	1453

158	135	1409

162	135	1414

170	135	1438

190	135	1461

159	136	1413

163	136	1417

169	136	1467

190	136	1469

159	137	1418

164	137	1421

165	137	1422

166	137	1425

167	137	1433

169	137	1497

189	137	1460

159	138	1443

168	138	1455

189	138	1459

160	139	1448

161	139	1423

189	139	1457

162	140	1423

189	140	1454

162	141	1435

189	141	1457

163	142	1434

189	142	1457

163	143	1460

189	143	1453

164	144	1469

190	144	1463

199	144	1474

200	144	1473

201	144	1471

202	144	1470

203	144	1471

204	144	1471

205	144	1476

165	145	1451

190	145	1454

196	145	1480

197	145	1469

198	145	1464

206	145	1478

165	146	1454

191	146	1451

192	146	1464

193	146	1464

194	146	1468

195	146	1464

206	146	1480

165	147	1453

205	147	1479

206	147	1492

165	148	1482

203	148	1478

204	148	1488

165	149	1463

201	149	1483

202	149	1487

166	150	1447

199	150	1473

200	150	1490

166	151	1432

198	151	1474

166	152	1470

197	152	1477

167	153	1447

195	153	1468

196	153	1481

167	154	1445

194	154	1471

168	155	1448

193	155	1477

167	156	1504

191	156	1469

192	156	1483

168	157	1460

190	157	1470

168	158	1443

190	158	1482

168	159	1469

188	159	1479

189	159	1486

168	160	1474

187	160	1490

167	161	1499

186	161	1501

167	162	1472

185	162	1498

167	163	1461

185	163	1498

166	164	1479

184	164	1495

166	165	1459

184	165	1501

166	166	1462

183	166	1499

165	167	1464

183	167	1507

164	168	1469

183	168	1515

164	169	1476

183	169	1521

163	170	1472

182	170	1515

162	171	1489

182	171	1518

162	172	1462

181	172	1516

162	173	1480

181	173	1520

162	174	1473

181	174	1526

162	175	1474

181	175	1532

161	176	1484

180	176	1527

160	177	1462

180	177	1539

160	178	1473

179	178	1532

160	179	1486

179	179	1540

159	180	1484

178	180	1531

159	181	1485

178	181	1538

158	182	1481

159	182	1480

160	182	1477

161	182	1476

162	182	1475

163	182	1473

164	182	1474

165	182	1475

166	182	1475

167	182	1472

168	182	1471

169	182	1471

170	182	1472

171	182	1474

172	182	1479

173	182	1486

174	182	1495

175	182	1501

176	182	1511

177	182	1527

