161	154	1770

162	154	1772

160	155	1774

162	155	1769

153	156	1771

154	156	1773

161	156	1770

162	156	1768

153	157	1770

154	157	1771

161	157	1775

162	157	1769

153	158	1772

155	158	1780

161	158	1772

162	158	1767

153	159	1774

155	159	1777

161	159	1770

162	159	1769

174	159	1807

153	160	1774

155	160	1772

161	160	1767

163	160	1782

172	160	1792

173	160	1792

174	160	1796

154	161	1765

155	161	1768

160	161	1778

163	161	1781

172	161	1787

174	161	1790

154	162	1769

156	162	1779

160	162	1780

163	162	1779

171	162	1779

174	162	1793

144	163	1772

154	163	1769

156	163	1776

160	163	1777

163	163	1779

171	163	1788

174	163	1803

144	164	1765

145	164	1764

154	164	1774

156	164	1772

160	164	1775

163	164	1779

170	164	1793

173	164	1794

144	165	1771

146	165	1765

154	165	1778

157	165	1777

160	165	1774

163	165	1779

169	165	1794

173	165	1808

145	166	1765

147	166	1768

154	166	1784

158	166	1791

160	166	1779

163	166	1780

169	166	1786

172	166	1796

146	167	1762

148	167	1771

154	167	1789

159	167	1795

163	167	1786

168	167	1787

172	167	1805

146	168	1777

149	168	1772

154	168	1795

164	168	1808

166	168	1801

167	168	1783

171	168	1793

147	169	1776

150	169	1769

154	169	1798

165	169	1787

171	169	1802

148	170	1771

151	170	1765

152	170	1772

154	170	1777

170	170	1798

149	171	1768

153	171	1772

169	171	1796

149	172	1777

169	172	1811

150	173	1780

168	173	1789

150	174	1788

168	174	1793

151	175	1778

167	175	1785

151	176	1778

167	176	1787

151	177	1782

167	177	1790

151	178	1783

167	178	1786

151	179	1782

168	179	1795

151	180	1786

168	180	1786

151	181	1789

169	181	1791

151	182	1802

170	182	1794

151	183	1812

171	183	1792

172	183	1798

152	184	1788

173	184	1788

174	184	1789

175	184	1790

176	184	1791

177	184	1792

178	184	1793

179	184	1797

180	184	1804

181	184	1818

152	185	1794

174	185	1787

175	185	1791

176	185	1792

177	185	1794

178	185	1793

179	185	1796

180	185	1800

181	185	1809

182	185	1824

151	186	1842

170	186	1782

171	186	1788

172	186	1796

173	186	1803

152	187	1817

167	187	1780

168	187	1787

169	187	1793

152	188	1834

164	188	1786

165	188	1789

166	188	1793

151	189	1854

163	189	1805

151	190	1842

162	190	1847

151	191	1843

161	191	1857

151	192	1841

161	192	1865

150	193	1864

160	193	1844

150	194	1862

160	194	1857

151	195	1840

159	195	1849

151	196	1842

159	196	1863

151	197	1848

158	197	1855

150	198	1864

158	198	1865

151	199	1854

157	199	1862

151	200	1857

156	200	1857

157	200	1865

151	201	1864

155	201	1856

152	202	1863

155	202	1861

153	203	1865

154	203	1863

