162	127	1431

163	127	1436

160	128	1416

161	128	1427

164	128	1439

156	129	1440

157	129	1440

158	129	1448

159	129	1451

165	129	1442

155	130	1434

165	130	1449

170	130	1443

171	130	1451

155	131	1441

165	131	1451

170	131	1447

172	131	1458

155	132	1445

165	132	1455

169	132	1445

172	132	1459

155	133	1447

165	133	1458

169	133	1448

172	133	1459

155	134	1446

165	134	1463

169	134	1450

172	134	1457

154	135	1443

165	135	1462

168	135	1452

171	135	1458

153	136	1405

165	136	1466

167	136	1439

171	136	1461

154	137	1450

165	137	1474

167	137	1448

171	137	1464

144	138	1459

153	138	1399

165	138	1475

167	138	1455

171	138	1463

143	139	1459

145	139	1462

153	139	1455

165	139	1476

167	139	1459

171	139	1465

143	140	1457

146	140	1465

152	140	1478

166	140	1455

171	140	1467

144	141	1454

146	141	1462

153	141	1453

170	141	1466

144	142	1454

147	142	1467

152	142	1457

170	142	1465

144	143	1452

147	143	1464

152	143	1466

170	143	1467

144	144	1449

148	144	1471

152	144	1460

170	144	1468

145	145	1456

148	145	1464

152	145	1471

170	145	1472

145	146	1458

149	146	1459

150	146	1448

151	146	1489

169	146	1470

146	147	1456

169	147	1471

145	148	1456

169	148	1475

145	149	1440

169	149	1475

146	150	1457

169	150	1476

146	151	1459

169	151	1475

147	152	1452

169	152	1472

146	153	1436

169	153	1469

179	153	1463

180	153	1463

181	153	1463

182	153	1459

183	153	1460

184	153	1464

146	154	1462

169	154	1468

176	154	1461

177	154	1460

178	154	1459

184	154	1467

146	155	1465

170	155	1475

175	155	1468

183	155	1469

146	156	1459

171	156	1477

172	156	1476

173	156	1472

174	156	1466

182	156	1468

183	156	1468

146	157	1428

181	157	1472

147	158	1446

179	158	1471

180	158	1478

146	159	1453

178	159	1470

147	160	1448

177	160	1472

146	161	1428

176	161	1475

146	162	1490

175	162	1477

147	163	1459

174	163	1480

147	164	1479

173	164	1481

147	165	1472

171	165	1476

172	165	1485

148	166	1464

170	166	1479

148	167	1470

169	167	1487

148	168	1479

168	168	1489

169	168	1505

148	169	1470

166	169	1484

167	169	1494

148	170	1469

165	170	1498

148	171	1470

165	171	1518

148	172	1469

164	172	1509

146	173	1471

147	173	1473

164	173	1513

146	174	1483

163	174	1506

146	175	1468

163	175	1514

146	176	1468

163	176	1526

146	177	1472

163	177	1536

145	178	1475

163	178	1547

144	179	1495

162	179	1533

144	180	1471

162	180	1538

144	181	1467

162	181	1542

144	182	1474

162	182	1549

143	183	1477

161	183	1540

143	184	1487

161	184	1551

143	185	1489

160	185	1542

142	186	1501

160	186	1550

142	187	1499

159	187	1538

141	188	1488

159	188	1548

141	189	1491

158	189	1539

141	190	1499

142	190	1491

143	190	1487

144	190	1484

145	190	1485

146	190	1486

147	190	1486

148	190	1486

149	190	1485

150	190	1484

151	190	1485

152	190	1489

153	190	1496

154	190	1501

155	190	1509

156	190	1517

157	190	1529

158	190	1543

