152	101	1231

153	101	1225

154	101	1226

155	101	1238

151	102	1231

156	102	1245

151	103	1228

156	103	1238

144	104	1211

145	104	1201

151	104	1229

156	104	1235

143	105	1209

146	105	1213

147	105	1213

151	105	1231

156	105	1233

163	105	1265

164	105	1259

165	105	1259

166	105	1271

142	106	1214

147	106	1226

151	106	1232

157	106	1239

163	106	1252

166	106	1257

142	107	1210

147	107	1222

151	107	1230

157	107	1240

162	107	1253

167	107	1271

142	108	1210

147	108	1221

151	108	1226

157	108	1246

162	108	1255

167	108	1268

142	109	1210

147	109	1221

151	109	1227

157	109	1246

162	109	1255

167	109	1267

142	110	1213

147	110	1221

151	110	1230

157	110	1243

162	110	1254

167	110	1270

142	111	1215

147	111	1220

151	111	1232

157	111	1243

162	111	1254

167	111	1273

142	112	1215

148	112	1235

151	112	1235

157	112	1243

162	112	1253

167	112	1275

142	113	1215

148	113	1241

151	113	1236

157	113	1244

161	113	1252

167	113	1275

142	114	1217

148	114	1235

151	114	1237

157	114	1240

161	114	1251

166	114	1259

142	115	1221

148	115	1232

151	115	1238

158	115	1229

161	115	1251

166	115	1261

142	116	1223

148	116	1231

151	116	1237

158	116	1259

161	116	1254

166	116	1261

130	117	1206

131	117	1209

132	117	1212

142	117	1226

148	117	1233

151	117	1236

158	117	1258

161	117	1254

166	117	1265

129	118	1204

133	118	1215

142	118	1226

149	118	1219

151	118	1236

158	118	1245

160	118	1258

166	118	1268

129	119	1205

134	119	1221

142	119	1211

149	119	1237

151	119	1236

158	119	1241

160	119	1253

166	119	1271

130	120	1206

135	120	1195

143	120	1224

149	120	1236

151	120	1239

158	120	1241

160	120	1252

166	120	1270

130	121	1207

135	121	1222

143	121	1226

150	121	1235

159	121	1249

166	121	1271

131	122	1210

136	122	1222

137	122	1228

143	122	1227

166	122	1273

131	123	1214

137	123	1223

139	123	1243

143	123	1234

166	123	1275

132	124	1212

138	124	1227

140	124	1238

143	124	1240

166	124	1277

132	125	1217

141	125	1266

142	125	1247

165	125	1265

133	126	1217

165	126	1265

133	127	1212

165	127	1265

134	128	1220

165	128	1268

134	129	1246

165	129	1270

179	129	1295

180	129	1254

181	129	1276

182	129	1296

134	130	1260

165	130	1268

177	130	1266

178	130	1278

183	130	1271

184	130	1276

135	131	1241

165	131	1264

173	131	1283

175	131	1262

176	131	1276

185	131	1298

135	132	1277

166	132	1274

172	132	1329

174	132	1286

185	132	1287

135	133	1298

137	133	1243

166	133	1267

172	133	1324

184	133	1275

135	134	1288

136	134	1291

138	134	1234

167	134	1271

169	134	1313

170	134	1308

171	134	1293

184	134	1289

137	135	1239

168	135	1287

182	135	1281

183	135	1301

136	136	1264

181	136	1288

137	137	1299

180	137	1287

137	138	1287

179	138	1289

137	139	1276

178	139	1292

137	140	1285

177	140	1289

138	141	1251

176	141	1283

137	142	1237

175	142	1285

137	143	1230

138	143	1243

174	143	1287

137	144	1206

139	144	1247

173	144	1283

138	145	1250

172	145	1284

138	146	1268

171	146	1288

138	147	1228

139	147	1297

170	147	1293

140	148	1242

169	148	1293

170	148	1319

139	149	1242

168	149	1296

139	150	1251

141	150	1258

167	150	1296

140	151	1249

142	151	1267

166	151	1299

140	152	1250

141	152	1270

164	152	1292

165	152	1304

141	153	1248

163	153	1304

139	154	1283

140	154	1257

162	154	1309

139	155	1262

162	155	1307

138	156	1234

162	156	1308

139	157	1248

161	157	1306

138	158	1236

161	158	1318

137	159	1224

160	159	1308

137	160	1211

160	160	1316

137	161	1208

160	161	1325

137	162	1264

160	162	1334

135	163	1278

136	163	1309

160	163	1338

136	164	1287

159	164	1332

135	165	1286

159	165	1340

136	166	1268

159	166	1340

134	167	1301

135	167	1284

159	167	1321

133	168	1223

158	168	1339

133	169	1241

157	169	1333

133	170	1206

157	170	1342

133	171	1219

156	171	1332

158	171	1327

132	172	1283

156	172	1341

132	173	1270

133	173	1272

134	173	1272

135	173	1270

136	173	1269

137	173	1267

138	173	1266

139	173	1266

140	173	1267

141	173	1269

142	173	1271

143	173	1270

144	173	1269

145	173	1269

146	173	1271

147	173	1273

148	173	1277

149	173	1280

150	173	1284

151	173	1290

152	173	1299

153	173	1308

154	173	1318

155	173	1334

