197	126	1342

198	126	1333

199	126	1338

197	127	1326

200	127	1334

196	128	1326

201	128	1349

192	129	1347

193	129	1328

194	129	1322

195	129	1324

201	129	1335

208	129	1358

209	129	1343

210	129	1348

191	130	1346

202	130	1347

208	130	1341

211	130	1354

189	131	1359

190	131	1388

203	131	1374

208	131	1340

211	131	1347

189	132	1343

190	132	1355

203	132	1379

207	132	1354

212	132	1371

191	133	1395

203	133	1362

208	133	1342

212	133	1369

189	134	1363

190	134	1377

203	134	1348

207	134	1345

212	134	1369

187	135	1370

189	135	1373

204	135	1379

205	135	1411

207	135	1356

212	135	1364

186	136	1337

188	136	1319

206	136	1401

212	136	1362

186	137	1317

206	137	1414

213	137	1389

186	138	1317

205	138	1378

207	138	1362

213	138	1378

186	139	1316

205	139	1388

207	139	1355

214	139	1417

186	140	1316

206	140	1379

213	140	1389

186	141	1317

213	141	1395

186	142	1321

206	142	1391

213	142	1399

186	143	1325

205	143	1363

207	143	1362

214	143	1423

186	144	1327

204	144	1348

207	144	1364

215	144	1435

216	144	1425

218	144	1358

219	144	1347

220	144	1357

186	145	1320

204	145	1349

207	145	1361

214	145	1432

216	145	1386

217	145	1350

221	145	1392

187	146	1321

205	146	1362

207	146	1359

215	146	1419

220	146	1347

187	147	1327

206	147	1348

220	147	1350

187	148	1335

214	148	1407

220	148	1349

188	149	1324

213	149	1408

215	149	1378

220	149	1347

188	150	1324

213	150	1415

215	150	1381

220	150	1344

188	151	1322

213	151	1421

215	151	1387

221	151	1386

187	152	1347

213	152	1424

215	152	1390

221	152	1379

188	153	1347

213	153	1427

215	153	1388

221	153	1390

186	154	1419

187	154	1417

213	154	1417

215	154	1372

220	154	1351

187	155	1426

214	155	1414

220	155	1355

188	156	1371

220	156	1363

187	157	1404

220	157	1367

187	158	1379

220	158	1368

187	159	1338

220	159	1368

187	160	1372

188	160	1361

220	160	1374

187	161	1399

189	161	1338

220	161	1384

188	162	1418

219	162	1350

188	163	1390

220	163	1424

188	164	1355

219	164	1385

187	165	1388

218	165	1370

188	166	1402

217	166	1355

188	167	1406

189	167	1403

190	167	1334

217	167	1375

191	168	1319

216	168	1357

190	169	1361

216	169	1381

189	170	1406

190	170	1376

215	170	1364

191	171	1356

214	171	1357

191	172	1370

214	172	1386

190	173	1370

212	173	1363

213	173	1393

191	174	1362

211	174	1367

191	175	1400

211	175	1391

191	176	1397

210	176	1375

191	177	1394

210	177	1388

192	178	1425

193	178	1393

210	178	1400

192	179	1435

194	179	1384

210	179	1411

194	180	1400

210	180	1425

192	181	1402

194	181	1373

210	181	1436

192	182	1416

193	182	1415

209	182	1403

193	183	1431

209	183	1410

193	184	1388

209	184	1414

193	185	1415

194	185	1388

209	185	1417

195	186	1366

209	186	1423

192	187	1414

193	187	1409

194	187	1389

209	187	1429

192	188	1417

209	188	1433

193	189	1423

209	189	1436

193	190	1398

208	190	1417

194	191	1380

208	191	1420

194	192	1396

208	192	1425

193	193	1436

208	193	1426

193	194	1402

208	194	1426

193	195	1432

194	195	1398

195	195	1386

196	195	1384

197	195	1383

198	195	1382

199	195	1381

200	195	1382

201	195	1387

202	195	1390

203	195	1394

204	195	1398

205	195	1403

206	195	1407

207	195	1415

208	195	1426

