192	105	1302

191	106	1267

193	106	1271

194	106	1307

190	107	1267

194	107	1269

190	108	1267

194	108	1263

183	109	1252

184	109	1244

185	109	1268

190	109	1265

194	109	1264

182	110	1244

186	110	1282

190	110	1267

195	110	1315

201	110	1298

202	110	1287

203	110	1294

182	111	1236

186	111	1249

190	111	1269

195	111	1294

201	111	1286

204	111	1297

181	112	1242

186	112	1248

190	112	1272

195	112	1287

200	112	1283

204	112	1292

181	113	1245

186	113	1251

190	113	1269

195	113	1300

200	113	1286

204	113	1293

181	114	1245

186	114	1252

189	114	1254

195	114	1295

200	114	1286

204	114	1293

181	115	1244

186	115	1255

189	115	1269

195	115	1295

199	115	1290

204	115	1297

181	116	1246

186	116	1255

189	116	1273

195	116	1302

199	116	1292

204	116	1305

181	117	1249

186	117	1259

189	117	1274

195	117	1310

199	117	1291

204	117	1319

181	118	1253

186	118	1266

189	118	1273

195	118	1307

199	118	1288

204	118	1343

168	119	1261

169	119	1252

170	119	1255

171	119	1269

181	119	1254

186	119	1271

189	119	1276

195	119	1309

198	119	1295

203	119	1292

168	120	1250

172	120	1270

181	120	1256

186	120	1272

189	120	1278

195	120	1315

198	120	1292

203	120	1295

168	121	1251

172	121	1253

181	121	1259

186	121	1270

189	121	1276

195	121	1318

198	121	1287

203	121	1303

168	122	1254

173	122	1262

180	122	1257

187	122	1282

188	122	1275

194	122	1275

197	122	1294

203	122	1313

169	123	1251

174	123	1272

180	123	1253

195	123	1317

197	123	1292

203	123	1332

169	124	1253

175	124	1235

181	124	1263

194	124	1286

196	124	1289

202	124	1295

169	125	1253

176	125	1291

181	125	1264

195	125	1307

202	125	1298

170	126	1254

177	126	1304

178	126	1293

180	126	1265

202	126	1303

170	127	1261

179	127	1330

202	127	1313

170	128	1267

202	128	1331

170	129	1284

201	129	1300

171	130	1267

201	130	1306

171	131	1256

201	131	1312

170	132	1288

201	132	1314

171	133	1323

201	133	1311

171	134	1301

201	134	1306

171	135	1336

202	135	1355

172	136	1326

201	136	1309

204	136	1339

205	136	1327

206	136	1353

213	136	1314

214	136	1300

215	136	1294

216	136	1290

217	136	1296

172	137	1353

173	137	1341

201	137	1305

205	137	1341

208	137	1358

209	137	1333

210	137	1313

211	137	1301

212	137	1293

218	137	1300

174	138	1299

202	138	1330

205	138	1335

206	138	1361

207	138	1339

218	138	1300

174	139	1309

203	139	1343

204	139	1366

218	139	1321

173	140	1345

217	140	1327

173	141	1348

216	141	1329

174	142	1300

215	142	1339

174	143	1305

213	143	1316

214	143	1345

215	143	1368

174	144	1294

212	144	1329

175	145	1283

210	145	1314

211	145	1350

173	146	1302

174	146	1280

209	146	1317

173	147	1318

208	147	1313

172	148	1303

207	148	1314

173	149	1314

206	149	1319

173	150	1328

205	150	1330

174	151	1304

203	151	1319

204	151	1347

175	152	1305

202	152	1325

174	153	1273

201	153	1327

175	154	1300

200	154	1330

176	155	1295

199	155	1337

174	156	1296

175	156	1341

197	156	1332

198	156	1349

174	157	1316

196	157	1351

174	158	1334

195	158	1338

174	159	1334

195	159	1346

174	160	1312

195	160	1359

172	161	1326

173	161	1357

195	161	1366

171	162	1282

174	162	1309

194	162	1353

171	163	1288

172	163	1274

173	163	1321

194	163	1371

171	164	1290

193	164	1354

170	165	1326

193	165	1362

171	166	1283

193	166	1367

170	167	1294

192	167	1352

170	168	1299

192	168	1361

169	169	1350

192	169	1369

170	170	1328

191	170	1358

170	171	1322

191	171	1365

168	172	1344

169	172	1336

190	172	1354

167	173	1367

190	173	1361

168	174	1365

169	174	1326

170	174	1313

171	174	1310

172	174	1307

173	174	1307

174	174	1304

175	174	1305

176	174	1303

177	174	1304

178	174	1302

179	174	1302

180	174	1303

181	174	1305

182	174	1306

183	174	1308

184	174	1313

185	174	1319

186	174	1326

187	174	1332

188	174	1339

189	174	1351

190	174	1368

