202	128	1235

203	128	1226

204	128	1225

205	128	1231

202	129	1225

206	129	1235

202	130	1227

207	130	1257

215	130	1252

216	130	1246

217	130	1263

197	131	1265

198	131	1229

199	131	1218

200	131	1221

201	131	1226

207	131	1245

214	131	1255

218	131	1268

193	132	1333

194	132	1305

195	132	1285

196	132	1269

208	132	1287

214	132	1248

218	132	1251

193	133	1297

194	133	1334

208	133	1268

214	133	1248

218	133	1253

195	134	1350

208	134	1256

214	134	1250

218	134	1257

193	135	1322

194	135	1336

209	135	1304

214	135	1249

218	135	1260

191	136	1331

192	136	1342

194	136	1341

210	136	1341

214	136	1253

218	136	1263

192	137	1321

193	137	1334

211	137	1324

213	137	1280

218	137	1266

192	138	1260

210	138	1307

212	138	1335

219	138	1310

192	139	1229

210	139	1310

213	139	1275

218	139	1267

191	140	1226

210	140	1304

213	140	1277

218	140	1269

190	141	1247

210	141	1287

213	141	1276

219	141	1312

190	142	1246

211	142	1347

212	142	1313

219	142	1316

190	143	1246

211	143	1346

219	143	1313

190	144	1247

210	144	1287

212	144	1301

219	144	1315

190	145	1251

210	145	1293

213	145	1273

218	145	1291

190	146	1260

210	146	1291

213	146	1273

218	146	1305

191	147	1236

210	147	1286

212	147	1297

217	147	1286

191	148	1240

211	148	1310

217	148	1293

191	149	1246

217	149	1297

227	149	1283

228	149	1281

191	150	1252

217	150	1300

225	150	1290

226	150	1264

229	150	1285

191	151	1254

217	151	1302

224	151	1295

229	151	1289

192	152	1240

217	152	1304

224	152	1273

228	152	1263

192	153	1245

217	153	1299

223	153	1289

228	153	1274

192	154	1254

217	154	1299

223	154	1277

228	154	1291

191	155	1330

217	155	1299

222	155	1309

227	155	1266

191	156	1344

217	156	1302

222	156	1301

227	156	1274

191	157	1339

217	157	1293

222	157	1292

227	157	1284

192	158	1314

218	158	1311

222	158	1282

227	158	1293

192	159	1329

218	159	1297

221	159	1297

227	159	1305

191	160	1351

219	160	1308

220	160	1326

226	160	1282

191	161	1350

226	161	1291

191	162	1328

226	162	1297

190	163	1341

226	163	1302

191	164	1332

226	164	1310

191	165	1347

225	165	1281

191	166	1337

225	166	1293

192	167	1348

225	167	1311

191	168	1284

193	168	1344

224	168	1291

193	169	1314

224	169	1314

193	170	1307

223	170	1297

193	171	1301

222	171	1289

193	172	1353

194	172	1285

222	172	1318

192	173	1332

195	173	1274

221	173	1299

195	174	1297

220	174	1295

195	175	1332

219	175	1298

195	176	1344

218	176	1303

196	177	1328

217	177	1314

197	178	1304

216	178	1330

195	179	1351

196	179	1344

215	179	1339

195	180	1342

214	180	1332

196	181	1350

214	181	1353

197	182	1330

213	182	1336

197	183	1328

213	183	1351

197	184	1323

212	184	1341

196	185	1324

212	185	1352

195	186	1345

211	186	1347

195	187	1343

211	187	1357

195	188	1349

210	188	1349

196	189	1334

210	189	1354

195	190	1333

209	190	1344

195	191	1334

209	191	1350

195	192	1347

209	192	1357

195	193	1349

208	193	1349

195	194	1353

208	194	1356

192	195	1338

193	195	1355

194	195	1358

207	195	1355

192	196	1342

194	196	1355

206	196	1356

192	197	1343

193	197	1357

195	197	1358

205	197	1355

193	198	1358

196	198	1358

197	198	1351

204	198	1355

205	198	1358

198	199	1353

203	199	1358

198	200	1356

199	200	1354

201	200	1354

202	200	1356

190	201	1357

200	201	1358

191	202	1334

