200	127	1249

201	127	1228

202	127	1230

200	128	1226

203	128	1228

199	129	1241

204	129	1236

197	130	1248

199	130	1241

205	130	1262

214	130	1252

215	130	1238

216	130	1238

217	130	1246

194	131	1275

195	131	1234

196	131	1225

198	131	1230

205	131	1240

214	131	1240

218	131	1266

191	132	1293

192	132	1283

194	132	1248

206	132	1273

214	132	1240

218	132	1253

191	133	1274

193	133	1301

206	133	1255

213	133	1267

218	133	1249

191	134	1319

192	134	1322

207	134	1288

213	134	1271

218	134	1248

192	135	1302

207	135	1268

213	135	1276

218	135	1249

190	136	1295

191	136	1303

208	136	1318

209	136	1346

213	136	1279

218	136	1252

192	137	1317

193	137	1302

210	137	1352

212	137	1348

218	137	1254

194	138	1266

210	138	1349

212	138	1325

218	138	1255

195	139	1237

209	139	1320

212	139	1328

218	139	1254

195	140	1241

209	140	1322

213	140	1259

218	140	1258

187	141	1239

188	141	1227

189	141	1231

195	141	1250

209	141	1293

213	141	1256

218	141	1260

187	142	1224

190	142	1236

195	142	1253

210	142	1347

212	142	1284

218	142	1263

186	143	1237

191	143	1259

195	143	1258

210	143	1358

211	143	1335

218	143	1267

186	144	1242

192	144	1275

195	144	1254

209	144	1291

212	144	1278

218	144	1270

187	145	1227

192	145	1260

195	145	1259

209	145	1290

213	145	1260

218	145	1276

187	146	1236

193	146	1282

195	146	1263

209	146	1281

213	146	1260

218	146	1291

187	147	1244

193	147	1238

195	147	1285

209	147	1289

212	147	1273

217	147	1275

188	148	1233

193	148	1253

196	148	1258

209	148	1283

212	148	1266

217	148	1283

188	149	1237

194	149	1276

196	149	1277

210	149	1284

211	149	1272

217	149	1292

188	150	1246

194	150	1267

196	150	1283

217	150	1299

189	151	1236

195	151	1276

217	151	1307

230	151	1290

231	151	1286

232	151	1308

189	152	1244

217	152	1312

228	152	1280

229	152	1267

232	152	1282

189	153	1259

217	153	1313

227	153	1277

232	153	1282

190	154	1242

217	154	1310

226	154	1283

232	154	1302

190	155	1252

217	155	1305

225	155	1294

231	155	1277

190	156	1276

217	156	1302

225	156	1278

230	156	1265

190	157	1294

217	157	1298

224	157	1301

230	157	1290

189	158	1321

217	158	1290

224	158	1281

229	158	1274

189	159	1336

217	159	1280

223	159	1311

229	159	1290

189	160	1338

218	160	1297

223	160	1277

228	160	1274

189	161	1329

190	161	1323

218	161	1277

222	161	1293

228	161	1289

191	162	1321

219	162	1275

220	162	1296

221	162	1297

227	162	1274

189	163	1344

190	163	1306

191	163	1336

227	163	1285

190	164	1337

192	164	1287

227	164	1297

190	165	1348

191	165	1340

226	165	1274

191	166	1334

226	166	1284

191	167	1335

226	167	1294

191	168	1321

226	168	1316

191	169	1345

225	169	1294

191	170	1336

192	170	1345

224	170	1287

191	171	1342

193	171	1296

224	171	1315

191	172	1326

192	172	1357

193	172	1331

223	172	1301

191	173	1345

194	173	1300

222	173	1293

191	174	1356

193	174	1352

194	174	1335

221	174	1287

192	175	1323

195	175	1292

221	175	1318

195	176	1306

220	176	1313

195	177	1338

218	177	1293

219	177	1317

196	178	1330

217	178	1304

195	179	1350

197	179	1337

216	179	1324

197	180	1357

215	180	1337

195	181	1352

197	181	1351

214	181	1331

196	182	1340

214	182	1348

197	183	1322

213	183	1331

198	184	1321

213	184	1344

197	185	1338

212	185	1336

196	186	1350

212	186	1344

197	187	1324

212	187	1354

196	188	1344

211	188	1346

195	189	1324

211	189	1354

196	190	1331

210	190	1346

195	191	1325

210	191	1352

194	192	1350

209	192	1343

194	193	1358

209	193	1351

194	194	1350

208	194	1350

194	195	1343

208	195	1356

194	196	1353

195	196	1353

196	196	1355

207	196	1354

197	197	1351

206	197	1354

197	198	1358

205	198	1354

198	199	1353

204	199	1355

198	200	1357

203	200	1354

204	200	1358

198	201	1357

202	201	1355

198	202	1358

199	202	1357

200	202	1356

201	202	1357

