171	118	1368

172	118	1364

173	118	1368

170	119	1372

173	119	1362

163	120	1342

164	120	1335

165	120	1340

169	120	1377

174	120	1376

162	121	1349

166	121	1340

169	121	1376

174	121	1373

162	122	1349

166	122	1341

169	122	1377

174	122	1373

179	122	1377

180	122	1375

181	122	1382

162	123	1351

166	123	1352

169	123	1377

174	123	1374

178	123	1373

182	123	1387

161	124	1358

166	124	1359

169	124	1377

174	124	1377

178	124	1380

182	124	1386

161	125	1358

166	125	1350

169	125	1376

175	125	1385

178	125	1381

182	125	1387

161	126	1358

166	126	1357

168	126	1383

176	126	1372

177	126	1387

182	126	1391

160	127	1361

165	127	1351

168	127	1383

182	127	1390

161	128	1358

165	128	1350

168	128	1383

182	128	1390

160	129	1361

165	129	1349

168	129	1382

183	129	1364

149	130	1350

150	130	1348

151	130	1344

160	130	1362

166	130	1340

168	130	1380

182	130	1389

149	131	1354

151	131	1350

161	131	1364

166	131	1368

167	131	1376

182	131	1342

149	132	1358

152	132	1347

161	132	1365

165	132	1360

167	132	1382

181	132	1386

149	133	1361

153	133	1341

161	133	1366

166	133	1356

181	133	1394

150	134	1357

154	134	1324

160	134	1370

182	134	1399

150	135	1357

154	135	1350

160	135	1372

181	135	1399

150	136	1359

155	136	1351

156	136	1361

160	136	1376

180	136	1397

151	137	1361

155	137	1356

157	137	1370

161	137	1376

179	137	1390

151	138	1365

156	138	1361

158	138	1360

160	138	1383

179	138	1394

152	139	1364

159	139	1412

179	139	1396

152	140	1367

179	140	1398

152	141	1368

179	141	1396

151	142	1390

178	142	1393

151	143	1430

178	143	1395

152	144	1405

178	144	1397

152	145	1434

178	145	1397

152	146	1429

178	146	1391

192	146	1412

152	147	1401

178	147	1390

187	147	1405

188	147	1396

189	147	1393

190	147	1390

191	147	1388

193	147	1392

194	147	1405

153	148	1378

178	148	1390

183	148	1373

184	148	1411

185	148	1392

186	148	1387

195	148	1413

152	149	1406

179	149	1394

182	149	1420

194	149	1399

153	150	1384

180	150	1402

181	150	1408

193	150	1407

153	151	1394

191	151	1405

192	151	1418

153	152	1400

190	152	1410

154	153	1378

188	153	1403

189	153	1420

154	154	1373

187	154	1406

154	155	1377

186	155	1408

154	156	1383

185	156	1408

154	157	1393

184	157	1407

154	158	1398

182	158	1403

183	158	1410

154	159	1403

181	159	1406

154	160	1326

180	160	1410

154	161	1398

179	161	1405

154	162	1366

177	162	1400

178	162	1395

155	163	1399

175	163	1403

176	163	1409

154	164	1424

174	164	1414

154	165	1428

173	165	1426

154	166	1411

173	166	1428

153	167	1443

172	167	1423

153	168	1419

171	168	1418

153	169	1402

171	169	1427

153	170	1397

171	170	1439

152	171	1396

171	171	1449

151	172	1406

171	172	1452

150	173	1401

171	173	1448

151	174	1396

170	174	1450

150	175	1407

170	175	1455

150	176	1416

169	176	1451

149	177	1434

169	177	1458

148	178	1448

169	178	1467

148	179	1436

168	179	1463

148	180	1444

168	180	1465

148	181	1419

167	181	1457

148	182	1419

149	182	1411

150	182	1410

151	182	1408

152	182	1408

153	182	1405

154	182	1404

155	182	1403

156	182	1402

157	182	1402

158	182	1404

159	182	1408

160	182	1412

161	182	1414

162	182	1418

163	182	1425

164	182	1432

165	182	1441

166	182	1452

167	182	1467

