162	156	1968

163	156	1959

155	157	1956

162	157	1959

164	157	1949

155	158	1942

156	158	1949

162	158	1961

164	158	1948

154	159	1972

156	159	1942

162	159	1956

164	159	1945

155	160	1939

156	160	1940

162	160	1958

164	160	1940

155	161	1939

157	161	1944

162	161	1955

164	161	1934

176	161	1969

155	162	1946

157	162	1935

163	162	1933

164	162	1930

175	162	1953

176	162	1957

155	163	1961

157	163	1930

162	163	1955

164	163	1930

174	163	1951

176	163	1955

156	164	1935

158	164	1935

162	164	1950

165	164	1939

174	164	1939

176	164	1961

147	165	1938

148	165	1934

156	165	1941

158	165	1926

162	165	1942

165	165	1940

173	165	1939

175	165	1947

147	166	1928

149	166	1930

156	166	1950

159	166	1932

162	166	1936

165	166	1939

172	166	1936

175	166	1957

147	167	1955

150	167	1930

156	167	1973

160	167	1944

162	167	1943

165	167	1940

171	167	1936

174	167	1943

148	168	1942

149	168	1922

151	168	1930

157	168	1939

161	168	1951

165	168	1939

169	168	1959

170	168	1937

173	168	1934

150	169	1920

152	169	1929

157	169	1945

166	169	1955

169	169	1937

173	169	1952

150	170	1933

153	170	1932

157	170	1957

167	170	1933

168	170	1929

172	170	1946

151	171	1933

154	171	1930

155	171	1940

156	171	1944

171	171	1938

152	172	1930

171	172	1952

152	173	1958

170	173	1939

153	174	1956

170	174	1942

154	175	1949

169	175	1929

154	176	1961

169	176	1934

154	177	1969

169	177	1939

154	178	1971

169	178	1935

155	179	1940

170	179	1944

155	180	1947

170	180	1934

155	181	1952

171	181	1943

155	182	1962

172	182	1944

155	183	1970

173	183	1944

174	183	1961

155	184	1973

175	184	1945

176	184	1951

177	184	1951

155	185	1987

175	185	1940

176	185	1943

178	185	1946

179	185	1946

180	185	1952

181	185	1955

182	185	1970

156	186	1970

170	186	1929

171	186	1930

172	186	1934

173	186	1940

174	186	1952

177	186	1953

178	186	1957

179	186	1959

180	186	1961

181	186	1958

182	186	1967

156	187	1993

167	187	1933

168	187	1938

169	187	1942

155	188	2018

165	188	1948

166	188	1950

155	189	2001

164	189	1981

154	190	2014

164	190	2004

154	191	2002

164	191	2011

153	192	2028

163	192	1988

153	193	2018

163	193	2008

153	194	2015

162	194	1989

153	195	2016

162	195	1998

153	196	2014

162	196	2008

153	197	2012

162	197	2022

153	198	2008

161	198	2003

152	199	2034

161	199	2014

152	200	2027

161	200	2026

152	201	2022

160	201	2011

152	202	2019

160	202	2015

151	203	2031

160	203	2022

151	204	2030

160	204	2034

151	205	2029

159	205	2022

151	206	2031

152	206	2020

153	206	2015

154	206	2009

155	206	2007

156	206	2010

157	206	2010

158	206	2016

159	206	2029

