155	132	1564

156	132	1562

144	133	1551

145	133	1550

155	133	1560

156	133	1561

144	134	1551

145	134	1551

155	134	1559

156	134	1560

144	135	1551

146	135	1556

155	135	1561

156	135	1562

144	136	1550

146	136	1552

155	136	1559

156	136	1561

144	137	1552

146	137	1550

154	137	1558

156	137	1559

145	138	1548

146	138	1549

154	138	1555

156	138	1559

145	139	1549

147	139	1557

153	139	1546

156	139	1559

144	140	1551

147	140	1552

153	140	1555

156	140	1563

169	140	1548

170	140	1551

171	140	1554

132	141	1527

133	141	1527

144	141	1554

147	141	1553

152	141	1565

156	141	1563

167	141	1556

168	141	1554

171	141	1560

132	142	1526

134	142	1531

144	142	1554

148	142	1558

152	142	1569

156	142	1564

165	142	1523

166	142	1554

170	142	1557

132	143	1531

135	143	1532

144	143	1575

148	143	1554

151	143	1585

156	143	1561

165	143	1554

170	143	1564

133	144	1530

136	144	1535

145	144	1552

149	144	1550

151	144	1565

156	144	1561

163	144	1566

164	144	1556

169	144	1559

134	145	1530

137	145	1536

145	145	1553

150	145	1542

156	145	1563

163	145	1551

168	145	1557

134	146	1538

138	146	1536

145	146	1555

156	146	1565

161	146	1554

162	146	1554

167	146	1554

135	147	1536

139	147	1538

145	147	1559

156	147	1567

159	147	1566

160	147	1550

167	147	1559

135	148	1555

140	148	1540

144	148	1578

157	148	1567

158	148	1560

166	148	1560

136	149	1551

141	149	1541

142	149	1545

143	149	1551

165	149	1562

137	150	1544

164	150	1559

138	151	1544

163	151	1561

139	152	1546

162	152	1565

139	153	1547

161	153	1561

139	154	1574

160	154	1554

140	155	1555

160	155	1562

140	156	1557

160	156	1569

140	157	1549

159	157	1555

140	158	1560

159	158	1554

140	159	1571

159	159	1552

141	160	1555

159	160	1551

141	161	1555

159	161	1547

141	162	1555

160	162	1550

141	163	1558

160	163	1548

141	164	1556

161	164	1550

142	165	1556

162	165	1548

163	165	1547

141	166	1562

164	166	1543

165	166	1545

166	166	1552

141	167	1570

167	167	1551

168	167	1555

169	167	1554

170	167	1552

171	167	1554

172	167	1560

141	168	1584

173	168	1561

141	169	1593

160	169	1548

161	169	1548

162	169	1550

163	169	1552

164	169	1552

165	169	1551

166	169	1553

167	169	1557

174	169	1563

141	170	1591

156	170	1551

157	170	1555

158	170	1558

159	170	1559

168	170	1565

169	170	1560

170	170	1558

171	170	1558

172	170	1557

173	170	1559

174	170	1566

140	171	1591

155	171	1563

140	172	1586

154	172	1589

140	173	1589

153	173	1616

139	174	1600

153	174	1635

139	175	1589

152	175	1610

138	176	1600

152	176	1627

138	177	1602

152	177	1643

138	178	1603

151	178	1627

137	179	1576

151	179	1634

138	180	1606

151	180	1638

137	181	1631

151	181	1646

137	182	1627

150	182	1630

136	183	1648

150	183	1638

136	184	1647

150	184	1647

136	185	1637

149	185	1637

136	186	1627

149	186	1647

135	187	1624

149	187	1653

135	188	1643

148	188	1642

135	189	1646

148	189	1647

135	190	1646

148	190	1648

135	191	1647

148	191	1653

135	192	1647

147	192	1645

135	193	1648

147	193	1652

135	194	1649

146	194	1649

135	195	1654

146	195	1651

135	196	1654

136	196	1647

137	196	1645

138	196	1640

139	196	1635

140	196	1632

141	196	1633

142	196	1635

143	196	1636

144	196	1642

145	196	1647

146	196	1654

