199	126	1330

200	126	1334

198	127	1317

201	127	1322

198	128	1311

202	128	1329

195	129	1323

196	129	1315

197	129	1312

202	129	1321

193	130	1337

194	130	1314

203	130	1334

209	130	1345

210	130	1330

211	130	1332

212	130	1347

191	131	1389

192	131	1375

204	131	1349

209	131	1330

213	131	1366

189	132	1293

190	132	1375

204	132	1349

209	132	1327

213	132	1350

190	133	1384

204	133	1340

209	133	1329

213	133	1343

190	134	1369

205	134	1371

209	134	1331

213	134	1340

188	135	1315

189	135	1320

205	135	1359

208	135	1335

213	135	1341

187	136	1309

206	136	1399

207	136	1377

213	136	1341

188	137	1304

207	137	1385

214	137	1380

187	138	1306

206	138	1364

208	138	1354

214	138	1366

187	139	1311

206	139	1360

208	139	1363

215	139	1413

187	140	1310

207	140	1387

214	140	1370

187	141	1310

214	141	1373

187	142	1311

207	142	1388

214	142	1370

187	143	1313

206	143	1356

208	143	1358

215	143	1422

187	144	1312

206	144	1364

208	144	1355

214	144	1368

220	144	1356

221	144	1357

188	145	1307

206	145	1361

208	145	1357

215	145	1421

218	145	1388

219	145	1336

222	145	1376

188	146	1309

206	146	1353

208	146	1357

214	146	1380

216	146	1421

217	146	1385

222	146	1371

188	147	1313

206	147	1349

208	147	1347

214	147	1386

216	147	1404

221	147	1330

188	148	1321

207	148	1344

214	148	1392

216	148	1390

221	148	1332

188	149	1310

214	149	1403

216	149	1398

221	149	1330

189	150	1310

214	150	1422

217	150	1343

221	150	1329

189	151	1313

213	151	1369

217	151	1341

222	151	1369

189	152	1320

213	152	1372

217	152	1343

222	152	1360

188	153	1377

213	153	1369

217	153	1346

222	153	1360

188	154	1418

213	154	1363

217	154	1341

222	154	1365

189	155	1371

214	155	1402

216	155	1372

222	155	1373

188	156	1411

215	156	1407

222	156	1385

189	157	1364

221	157	1344

189	158	1372

221	158	1347

188	159	1382

221	159	1347

187	160	1415

221	160	1350

187	161	1421

221	161	1357

188	162	1421

221	162	1364

189	163	1380

221	163	1378

190	164	1340

220	164	1349

188	165	1374

189	165	1356

220	165	1372

188	166	1383

190	166	1342

219	166	1354

188	167	1357

189	167	1409

191	167	1318

218	167	1340

189	168	1403

190	168	1406

218	168	1362

189	169	1370

191	169	1326

217	169	1347

190	170	1367

192	170	1311

217	170	1372

190	171	1381

191	171	1348

216	171	1358

190	172	1389

215	172	1347

191	173	1377

214	173	1348

215	173	1377

191	174	1386

213	174	1353

191	175	1373

192	175	1400

212	175	1360

193	176	1413

212	176	1387

193	177	1402

211	177	1369

194	178	1366

211	178	1386

194	179	1376

211	179	1399

193	180	1392

211	180	1412

194	181	1400

210	181	1385

193	182	1403

194	182	1403

210	182	1397

195	183	1379

210	183	1405

195	184	1397

210	184	1411

195	185	1384

210	185	1415

193	186	1394

194	186	1394

209	186	1396

193	187	1368

209	187	1401

194	188	1381

209	188	1405

193	189	1416

195	189	1370

209	189	1409

194	190	1400

209	190	1415

194	191	1396

209	191	1420

193	192	1386

195	192	1382

208	192	1405

194	193	1400

208	193	1405

194	194	1395

208	194	1409

192	195	1413

193	195	1385

208	195	1414

193	196	1421

208	196	1419

193	197	1391

194	197	1384

195	197	1385

196	197	1385

197	197	1383

198	197	1379

199	197	1379

200	197	1379

201	197	1382

202	197	1383

203	197	1387

204	197	1390

205	197	1397

206	197	1401

207	197	1409

208	197	1420

