159	152	1669

160	152	1671

158	153	1675

160	153	1670

150	154	1677

151	154	1672

152	154	1676

158	154	1671

160	154	1670

150	155	1681

152	155	1675

158	155	1674

160	155	1672

150	156	1692

152	156	1673

158	156	1680

161	156	1678

150	157	1703

153	157	1680

158	157	1684

161	157	1677

171	157	1704

172	157	1696

173	157	1698

151	158	1678

153	158	1679

158	158	1687

161	158	1676

171	158	1694

173	158	1696

151	159	1681

153	159	1676

158	159	1686

162	159	1692

170	159	1703

173	159	1698

151	160	1683

154	160	1678

158	160	1681

161	160	1675

170	160	1695

173	160	1703

151	161	1679

154	161	1679

158	161	1678

161	161	1677

169	161	1704

172	161	1694

141	162	1675

142	162	1680

151	162	1684

155	162	1691

158	162	1685

161	162	1677

168	162	1716

172	162	1697

141	163	1673

143	163	1675

151	163	1687

155	163	1687

158	163	1690

161	163	1679

168	163	1700

172	163	1702

141	164	1680

144	164	1677

152	164	1678

156	164	1689

157	164	1711

162	164	1691

167	164	1707

171	164	1696

142	165	1675

145	165	1682

152	165	1680

162	165	1694

166	165	1719

171	165	1704

142	166	1681

143	166	1674

145	166	1674

152	166	1690

162	166	1691

165	166	1698

170	166	1697

144	167	1671

146	167	1672

152	167	1697

163	167	1704

164	167	1685

170	167	1704

144	168	1676

147	168	1676

148	168	1683

152	168	1721

169	168	1696

145	169	1673

149	169	1680

150	169	1684

151	169	1702

169	169	1708

146	170	1675

168	170	1700

147	171	1677

168	171	1711

147	172	1693

168	172	1714

147	173	1709

167	173	1702

148	174	1703

167	174	1702

149	175	1691

167	175	1702

148	176	1689

167	176	1699

149	177	1686

168	177	1723

149	178	1694

168	178	1705

149	179	1708

168	179	1694

149	180	1703

169	180	1700

149	181	1704

170	181	1702

150	182	1700

171	182	1696

172	182	1697

177	182	1708

178	182	1705

179	182	1708

150	183	1704

173	183	1693

174	183	1693

175	183	1698

176	183	1697

180	183	1700

181	183	1707

182	183	1715

150	184	1706

175	184	1699

176	184	1699

177	184	1701

178	184	1701

179	184	1702

180	184	1702

181	184	1707

182	184	1712

150	185	1708

172	185	1695

173	185	1703

174	185	1709

150	186	1720

170	186	1699

171	186	1706

151	187	1711

166	187	1696

167	187	1701

168	187	1708

169	187	1716

151	188	1735

164	188	1695

165	188	1704

151	189	1749

162	189	1715

163	189	1717

150	190	1734

161	190	1734

150	191	1747

161	191	1751

150	192	1750

160	192	1735

150	193	1758

160	193	1752

150	194	1762

160	194	1771

151	195	1755

159	195	1765

151	196	1763

159	196	1773

151	197	1770

158	197	1770

151	198	1774

157	198	1771

152	199	1768

156	199	1769

152	200	1774

153	200	1769

155	200	1770

154	201	1774

