208	126	1246

209	126	1244

210	126	1249

211	126	1271

207	127	1249

211	127	1245

207	128	1250

212	128	1247

202	129	1275

203	129	1252

204	129	1252

207	129	1260

212	129	1245

222	129	1271

223	129	1257

224	129	1256

225	129	1264

202	130	1240

205	130	1246

206	130	1269

208	130	1245

213	130	1263

222	130	1256

226	130	1270

201	131	1250

206	131	1251

208	131	1251

213	131	1256

222	131	1254

226	131	1264

201	132	1243

206	132	1246

208	132	1261

214	132	1291

222	132	1256

226	132	1262

200	133	1319

206	133	1247

209	133	1247

214	133	1272

221	133	1288

226	133	1265

198	134	1343

199	134	1313

200	134	1278

207	134	1284

209	134	1251

215	134	1327

221	134	1292

226	134	1267

201	135	1262

208	135	1282

215	135	1307

222	135	1260

226	135	1270

201	136	1262

215	136	1287

221	136	1298

226	136	1268

202	137	1243

216	137	1313

221	137	1287

226	137	1268

196	138	1309

197	138	1301

202	138	1248

216	138	1297

221	138	1279

226	138	1267

194	139	1239

195	139	1255

198	139	1317

199	139	1319

200	139	1355

201	139	1300

216	139	1293

221	139	1271

226	139	1270

194	140	1237

197	140	1291

200	140	1337

201	140	1297

216	140	1278

221	140	1269

226	140	1273

193	141	1247

197	141	1269

202	141	1265

217	141	1344

221	141	1269

226	141	1277

193	142	1248

197	142	1254

202	142	1282

217	142	1342

220	142	1313

226	142	1282

193	143	1248

198	143	1273

203	143	1260

217	143	1333

220	143	1298

226	143	1287

193	144	1248

198	144	1255

203	144	1262

217	144	1337

220	144	1285

226	144	1298

194	145	1244

199	145	1291

203	145	1264

217	145	1338

220	145	1278

226	145	1322

194	146	1250

199	146	1266

203	146	1266

217	146	1330

220	146	1276

225	146	1288

194	147	1257

200	147	1287

204	147	1259

217	147	1303

219	147	1295

225	147	1299

195	148	1251

200	148	1270

204	148	1264

218	148	1284

225	148	1322

195	149	1254

201	149	1285

202	149	1325

203	149	1312

224	149	1293

196	150	1250

224	150	1298

237	150	1322

238	150	1297

239	150	1304

196	151	1258

224	151	1300

236	151	1291

240	151	1307

197	152	1253

224	152	1303

235	152	1282

240	152	1308

197	153	1257

224	153	1303

234	153	1283

239	153	1284

197	154	1273

224	154	1301

233	154	1292

239	154	1306

197	155	1294

224	155	1302

232	155	1318

238	155	1288

196	156	1338

224	156	1299

232	156	1299

237	156	1278

196	157	1320

225	157	1331

232	157	1291

237	157	1296

197	158	1352

225	158	1310

231	158	1302

236	158	1282

197	159	1349

225	159	1296

230	159	1320

236	159	1295

197	160	1345

226	160	1306

230	160	1291

236	160	1319

198	161	1359

227	161	1298

228	161	1325

229	161	1301

235	161	1295

197	162	1348

198	162	1305

235	162	1318

199	163	1327

234	163	1293

198	164	1348

234	164	1303

198	165	1336

234	165	1315

198	166	1354

233	166	1294

198	167	1360

199	167	1367

233	167	1309

198	168	1335

200	168	1363

232	168	1296

201	169	1299

232	169	1322

201	170	1305

231	170	1314

200	171	1355

230	171	1310

199	172	1349

201	172	1344

229	172	1304

199	173	1332

202	173	1310

228	173	1304

202	174	1367

227	174	1303

202	175	1366

226	175	1306

202	176	1361

203	176	1357

225	176	1314

204	177	1338

223	177	1313

224	177	1332

202	178	1373

203	178	1370

205	178	1307

222	178	1329

204	179	1362

221	179	1337

202	180	1351

204	180	1366

221	180	1362

204	181	1357

220	181	1344

204	182	1349

220	182	1359

203	183	1372

219	183	1347

203	184	1360

219	184	1362

203	185	1363

218	185	1355

203	186	1349

218	186	1366

201	187	1360

202	187	1368

217	187	1360

202	188	1351

217	188	1367

201	189	1374

217	189	1374

201	190	1346

216	190	1363

201	191	1367

216	191	1374

201	192	1360

215	192	1367

200	193	1370

214	193	1364

199	194	1374

200	194	1373

201	194	1362

202	194	1367

203	194	1360

204	194	1354

205	194	1347

206	194	1344

207	194	1343

208	194	1342

209	194	1344

210	194	1348

211	194	1353

212	194	1358

213	194	1367

214	194	1373

