167	158	2009

159	159	2035

166	159	2017

168	159	1989

159	160	1995

160	160	2001

166	160	2018

168	160	1982

159	161	1981

160	161	1987

167	161	1978

168	161	1978

159	162	1983

160	162	1986

167	162	1979

168	162	1979

159	163	1980

161	163	1992

167	163	1977

168	163	1978

159	164	1988

161	164	1985

167	164	1974

168	164	1975

179	164	2008

180	164	2016

159	165	2009

161	165	1976

166	165	1999

168	165	1973

178	165	2005

180	165	2009

160	166	1973

162	166	1982

166	166	1998

168	166	1974

178	166	1997

179	166	2001

151	167	1990

152	167	1987

160	167	1981

162	167	1976

166	167	1998

168	167	1975

177	167	1993

179	167	2005

151	168	1984

153	168	1980

160	168	1994

163	168	1989

166	168	1989

169	168	1985

176	168	1993

178	168	1994

152	169	1977

154	169	1979

161	169	1978

163	169	1973

166	169	1987

168	169	1969

175	169	1993

178	169	1998

152	170	2001

155	170	1972

161	170	1984

164	170	1973

165	170	2009

168	170	1968

174	170	1984

177	170	1986

153	171	1985

156	171	1975

161	171	1995

169	171	1977

173	171	1983

177	171	1996

154	172	1975

157	172	1973

161	172	2002

170	172	1978

171	172	1984

172	172	1976

176	172	1985

155	173	1978

158	173	1967

159	173	1983

160	173	1990

175	173	1989

156	174	1974

175	174	2021

157	175	1969

174	175	1993

157	176	1990

173	176	1975

158	177	1975

173	177	1982

158	178	1983

172	178	1966

158	179	1988

172	179	1962

158	180	1994

173	180	1976

158	181	2004

173	181	1974

158	182	2021

174	182	1991

159	183	1983

174	183	1976

159	184	1985

175	184	1984

176	184	2003

159	185	1986

177	185	1988

159	186	1993

178	186	1976

179	186	1984

180	186	1993

181	186	1998

182	186	1999

183	186	2003

184	186	2013

159	187	2008

178	187	1986

179	187	1990

180	187	1992

181	187	1995

182	187	1994

183	187	1997

184	187	2003

185	187	2015

159	188	2035

173	188	1980

174	188	1989

175	188	1993

176	188	1997

177	188	2004

159	189	2047

171	189	1987

172	189	2000

158	190	2065

169	190	2000

170	190	2018

158	191	2041

168	191	2039

158	192	2029

167	192	2036

157	193	2042

167	193	2046

157	194	2036

167	194	2059

156	195	2072

166	195	2041

156	196	2062

166	196	2060

156	197	2054

165	197	2038

156	198	2046

165	198	2052

155	199	2070

165	199	2068

155	200	2063

164	200	2051

155	201	2062

164	201	2061

155	202	2056

163	202	2044

155	203	2054

163	203	2055

154	204	2062

163	204	2064

154	205	2054

163	205	2073

153	206	2071

162	206	2055

153	207	2070

162	207	2064

153	208	2069

154	208	2053

155	208	2047

156	208	2040

157	208	2040

158	208	2037

159	208	2040

160	208	2045

161	208	2056

162	208	2071

