205	126	1466

206	126	1467

207	126	1479

200	127	1482

204	127	1464

208	127	1475

198	128	1462

199	128	1456

201	128	1472

204	128	1460

208	128	1482

198	129	1452

202	129	1471

203	129	1454

208	129	1486

197	130	1447

208	130	1488

212	130	1497

213	130	1487

214	130	1485

197	131	1450

208	131	1494

212	131	1481

215	131	1488

197	132	1446

208	132	1497

211	132	1478

215	132	1490

196	133	1438

208	133	1496

211	133	1476

215	133	1489

195	134	1425

208	134	1495

211	134	1475

215	134	1490

195	135	1445

208	135	1497

210	135	1474

215	135	1490

186	136	1457

187	136	1466

195	136	1447

209	136	1478

214	136	1486

185	137	1448

188	137	1477

192	137	1411

193	137	1467

194	137	1488

214	137	1489

186	138	1454

188	138	1474

194	138	1461

215	138	1504

186	139	1452

188	139	1469

195	139	1451

214	139	1492

186	140	1450

188	140	1464

195	140	1454

214	140	1499

186	141	1450

189	141	1472

195	141	1448

213	141	1487

186	142	1446

189	142	1467

195	142	1451

213	142	1490

186	143	1441

190	143	1467

192	143	1509

195	143	1457

214	143	1501

187	144	1448

191	144	1469

193	144	1531

194	144	1488

213	144	1501

214	144	1501

187	145	1446

212	145	1489

187	146	1444

212	146	1492

188	147	1449

212	147	1496

187	148	1438

211	148	1479

188	149	1445

211	149	1482

187	150	1477

211	150	1486

188	151	1431

211	151	1484

223	151	1487

224	151	1483

225	151	1487

188	152	1415

211	152	1480

219	152	1508

220	152	1486

221	152	1473

222	152	1468

226	152	1479

188	153	1438

212	153	1475

217	153	1509

218	153	1490

226	153	1482

188	154	1440

212	154	1481

216	154	1495

225	154	1480

226	154	1496

188	155	1441

213	155	1502

214	155	1524

215	155	1500

224	155	1479

188	156	1437

223	156	1483

188	157	1432

222	157	1489

188	158	1415

221	158	1492

189	159	1436

220	159	1493

189	160	1439

219	160	1495

189	161	1439

218	161	1498

189	162	1440

217	162	1497

188	163	1517

216	163	1499

189	164	1447

214	164	1487

215	164	1500

216	164	1525

189	165	1495

213	165	1497

189	166	1514

212	166	1502

190	167	1442

211	167	1503

190	168	1446

209	168	1490

210	168	1505

189	169	1496

208	169	1507

189	170	1446

207	170	1526

188	171	1479

206	171	1516

188	172	1446

206	172	1521

188	173	1444

206	173	1499

188	174	1443

205	174	1525

188	175	1451

205	175	1541

186	176	1497

187	176	1467

205	176	1555

186	177	1483

205	177	1557

186	178	1465

204	178	1545

186	179	1461

204	179	1553

185	180	1462

204	180	1559

185	181	1442

203	181	1543

185	182	1455

203	182	1551

184	183	1451

203	183	1560

184	184	1447

202	184	1549

184	185	1454

202	185	1562

183	186	1460

201	186	1549

183	187	1471

184	187	1480

185	187	1485

186	187	1488

187	187	1488

188	187	1485

189	187	1483

190	187	1483

191	187	1485

192	187	1485

193	187	1486

194	187	1491

195	187	1495

196	187	1501

197	187	1505

198	187	1514

199	187	1523

200	187	1537

201	187	1559

