179	115	1434

180	115	1434

178	116	1431

181	116	1437

177	117	1433

181	117	1437

171	118	1421

172	118	1425

177	118	1437

181	118	1435

190	118	1444

191	118	1446

170	119	1418

173	119	1431

177	119	1437

182	119	1443

189	119	1441

191	119	1436

170	120	1419

174	120	1444

177	120	1418

182	120	1447

188	120	1425

192	120	1446

170	121	1418

174	121	1439

178	121	1435

182	121	1446

188	121	1444

192	121	1447

170	122	1419

174	122	1439

178	122	1434

182	122	1446

188	122	1439

192	122	1449

170	123	1421

174	123	1435

177	123	1433

182	123	1443

188	123	1437

192	123	1450

170	124	1424

174	124	1430

177	124	1430

182	124	1444

187	124	1441

192	124	1450

169	125	1422

175	125	1437

177	125	1431

183	125	1446

187	125	1441

192	125	1451

170	126	1424

176	126	1425

184	126	1452

187	126	1441

191	126	1442

170	127	1426

184	127	1471

186	127	1441

191	127	1446

170	128	1427

184	128	1467

186	128	1446

191	128	1448

170	129	1424

185	129	1454

191	129	1450

170	130	1425

191	130	1451

158	131	1401

159	131	1402

171	131	1428

192	131	1460

158	132	1404

160	132	1406

171	132	1433

191	132	1458

158	133	1406

161	133	1407

170	133	1437

190	133	1451

159	134	1407

162	134	1407

170	134	1440

190	134	1453

159	135	1409

163	135	1410

170	135	1440

190	135	1457

159	136	1414

164	136	1413

165	136	1413

168	136	1431

169	136	1430

191	136	1436

159	137	1412

166	137	1418

167	137	1424

190	137	1462

160	138	1425

190	138	1455

161	139	1428

189	139	1455

162	140	1444

189	140	1456

162	141	1458

189	141	1455

163	142	1435

190	142	1436

164	143	1442

190	143	1451

165	144	1450

190	144	1448

199	144	1477

200	144	1476

201	144	1473

202	144	1470

203	144	1465

204	144	1464

205	144	1468

206	144	1481

165	145	1476

191	145	1456

195	145	1475

196	145	1472

197	145	1462

198	145	1460

207	145	1495

166	146	1444

192	146	1461

193	146	1474

194	146	1471

207	146	1490

166	147	1450

205	147	1477

206	147	1484

166	148	1469

203	148	1483

204	148	1493

166	149	1476

201	149	1477

202	149	1489

166	150	1467

200	150	1481

167	151	1438

198	151	1476

199	151	1484

167	152	1453

197	152	1479

167	153	1474

196	153	1478

168	154	1459

195	154	1475

168	155	1467

194	155	1480

169	156	1456

192	156	1474

193	156	1484

168	157	1485

191	157	1472

168	158	1534

190	158	1476

168	159	1510

188	159	1477

189	159	1483

169	160	1461

187	160	1489

168	161	1472

186	161	1497

168	162	1467

186	162	1500

167	163	1476

185	163	1490

166	164	1459

185	164	1499

166	165	1460

184	165	1495

166	166	1470

184	166	1505

166	167	1466

184	167	1511

165	168	1478

184	168	1516

165	169	1474

183	169	1514

165	170	1472

183	170	1516

164	171	1473

182	171	1516

164	172	1471

182	172	1521

163	173	1474

182	173	1530

163	174	1471

181	174	1524

162	175	1467

181	175	1531

162	176	1472

181	176	1541

161	177	1479

180	177	1538

161	178	1479

179	178	1527

160	179	1486

179	179	1534

160	180	1481

179	180	1539

159	181	1483

160	181	1479

161	181	1479

162	181	1475

163	181	1475

164	181	1473

165	181	1473

166	181	1472

167	181	1471

168	181	1471

169	181	1469

170	181	1471

171	181	1471

172	181	1475

173	181	1479

174	181	1486

175	181	1490

176	181	1499

177	181	1510

178	181	1530

