181	106	1313

182	106	1308

183	106	1310

184	106	1329

180	107	1315

184	107	1312

174	108	1310

175	108	1305

176	108	1315

180	108	1311

185	108	1334

173	109	1312

177	109	1322

180	109	1313

185	109	1325

173	110	1307

177	110	1310

180	110	1313

185	110	1317

192	110	1337

193	110	1330

194	110	1332

195	110	1349

173	111	1306

177	111	1308

180	111	1311

185	111	1316

192	111	1332

195	111	1334

172	112	1300

177	112	1308

180	112	1312

186	112	1338

191	112	1332

195	112	1332

172	113	1310

177	113	1309

180	113	1315

186	113	1327

191	113	1335

195	113	1334

172	114	1307

177	114	1311

180	114	1315

186	114	1321

191	114	1335

195	114	1336

172	115	1305

177	115	1311

180	115	1315

186	115	1291

191	115	1331

195	115	1338

172	116	1316

177	116	1309

180	116	1315

186	116	1322

190	116	1324

195	116	1343

172	117	1317

177	117	1308

180	117	1317

186	117	1331

190	117	1333

195	117	1351

172	118	1319

177	118	1311

180	118	1319

186	118	1335

190	118	1334

195	118	1360

161	119	1311

172	119	1321

178	119	1329

180	119	1319

186	119	1339

189	119	1326

195	119	1369

161	120	1309

162	120	1309

163	120	1313

172	120	1322

179	120	1321

186	120	1340

189	120	1337

194	120	1335

160	121	1310

164	121	1313

172	121	1320

186	121	1345

189	121	1334

194	121	1339

160	122	1310

164	122	1307

172	122	1320

186	122	1343

188	122	1332

194	122	1347

161	123	1310

165	123	1314

172	123	1319

186	123	1339

188	123	1333

194	123	1356

161	124	1311

166	124	1313

170	124	1367

171	124	1340

186	124	1337

188	124	1332

194	124	1364

162	125	1313

167	125	1309

169	125	1356

186	125	1346

188	125	1334

194	125	1373

162	126	1316

168	126	1314

187	126	1339

193	126	1343

163	127	1314

193	127	1352

163	128	1316

193	128	1357

163	129	1322

193	129	1361

164	130	1318

193	130	1358

164	131	1333

194	131	1366

163	132	1337

194	132	1370

164	133	1373

194	133	1377

165	134	1368

194	134	1378

164	135	1389

193	135	1350

198	135	1400

199	135	1351

200	135	1367

201	135	1407

202	135	1373

203	135	1356

204	135	1348

205	135	1346

206	135	1343

207	135	1343

208	135	1346

209	135	1354

165	136	1359

194	136	1347

197	136	1319

210	136	1348

211	136	1383

165	137	1356

195	137	1361

196	137	1366

211	137	1368

165	138	1365

210	138	1362

166	139	1366

209	139	1377

165	140	1310

208	140	1393

166	141	1306

205	141	1354

206	141	1370

207	141	1390

208	141	1408

165	142	1328

203	142	1352

204	142	1377

166	143	1320

202	143	1358

167	144	1350

201	144	1359

167	145	1392

200	145	1358

166	146	1347

199	146	1358

166	147	1300

198	147	1358

167	148	1316

197	148	1365

167	149	1324

196	149	1376

168	150	1386

195	150	1380

168	151	1381

194	151	1377

168	152	1303

193	152	1377

169	153	1273

191	153	1366

192	153	1382

169	154	1379

190	154	1376

169	155	1353

189	155	1384

168	156	1366

189	156	1400

168	157	1358

188	157	1380

167	158	1355

188	158	1390

167	159	1334

188	159	1394

165	160	1373

166	160	1368

187	160	1384

166	161	1384

187	161	1395

165	162	1367

187	162	1403

166	163	1362

186	163	1390

165	164	1356

186	164	1395

164	165	1332

186	165	1401

164	166	1390

186	166	1399

164	167	1350

185	167	1402

163	168	1416

185	168	1412

163	169	1388

185	169	1414

163	170	1363

185	170	1414

163	171	1360

184	171	1416

161	172	1345

162	172	1370

184	172	1421

160	173	1271

184	173	1415

159	174	1321

183	174	1417

160	175	1351

161	175	1364

162	175	1356

163	175	1353

164	175	1350

165	175	1347

166	175	1346

167	175	1345

168	175	1346

169	175	1346

170	175	1345

171	175	1344

172	175	1344

173	175	1345

174	175	1348

175	175	1354

176	175	1359

177	175	1366

178	175	1372

179	175	1379

180	175	1389

181	175	1403

182	175	1416

183	175	1423

