201	128	1230

202	128	1220

203	128	1224

200	129	1230

204	129	1222

200	130	1222

205	130	1232

215	130	1255

216	130	1247

197	131	1239

198	131	1234

199	131	1229

205	131	1227

214	131	1252

217	131	1241

218	131	1265

193	132	1264

194	132	1243

195	132	1247

196	132	1220

206	132	1236

214	132	1239

218	132	1244

192	133	1238

207	133	1294

214	133	1236

218	133	1247

191	134	1249

207	134	1254

214	134	1238

218	134	1248

192	135	1275

208	135	1306

214	135	1239

219	135	1270

193	136	1304

208	136	1281

214	136	1242

219	136	1274

193	137	1309

209	137	1319

210	137	1342

213	137	1266

219	137	1278

192	138	1294

193	138	1319

194	138	1308

209	138	1311

212	138	1339

219	138	1284

195	139	1263

209	139	1287

213	139	1267

219	139	1294

192	140	1243

195	140	1273

209	140	1285

213	140	1273

219	140	1293

190	141	1222

191	141	1216

193	141	1251

195	141	1279

209	141	1263

213	141	1271

219	141	1290

189	142	1231

194	142	1281

210	142	1298

212	142	1309

219	142	1290

189	143	1225

211	143	1317

219	143	1287

189	144	1221

210	144	1325

212	144	1279

219	144	1288

189	145	1223

209	145	1264

213	145	1254

218	145	1272

189	146	1228

209	146	1266

213	146	1253

218	146	1282

189	147	1240

209	147	1267

212	147	1280

218	147	1305

190	148	1225

210	148	1322

212	148	1264

217	148	1277

190	149	1230

211	149	1288

217	149	1283

190	150	1234

217	150	1287

190	151	1245

217	151	1293

227	151	1282

228	151	1270

229	151	1273

190	152	1257

217	152	1299

225	152	1291

226	152	1262

230	152	1275

191	153	1238

217	153	1305

225	153	1257

230	153	1287

191	154	1242

217	154	1305

224	154	1264

229	154	1259

191	155	1253

217	155	1302

223	155	1281

229	155	1279

191	156	1272

217	156	1298

223	156	1266

228	156	1259

190	157	1313

217	157	1294

222	157	1297

228	157	1277

191	158	1304

217	158	1286

222	158	1281

227	158	1258

190	159	1340

218	159	1310

222	159	1274

227	159	1272

191	160	1349

218	160	1289

221	160	1294

227	160	1289

190	161	1345

219	161	1307

220	161	1329

226	161	1272

190	162	1310

191	162	1352

226	162	1281

190	163	1326

192	163	1287

226	163	1289

192	164	1293

226	164	1301

191	165	1325

225	165	1272

192	166	1291

225	166	1281

190	167	1319

192	167	1318

225	167	1290

190	168	1312

191	168	1322

225	168	1305

190	169	1330

224	169	1281

191	170	1325

192	170	1307

224	170	1301

193	171	1288

223	171	1285

193	172	1319

223	172	1314

193	173	1292

222	173	1298

193	174	1317

221	174	1289

194	175	1302

220	175	1286

194	176	1353

220	176	1315

195	177	1352

219	177	1316

196	178	1347

217	178	1298

218	178	1324

197	179	1323

216	179	1318

197	180	1338

215	180	1335

197	181	1340

214	181	1332

197	182	1316

214	182	1349

197	183	1324

213	183	1332

197	184	1340

213	184	1346

197	185	1335

212	185	1338

195	186	1326

196	186	1326

212	186	1349

194	187	1349

196	187	1324

211	187	1340

196	188	1340

211	188	1349

196	189	1334

210	189	1339

195	190	1328

210	190	1347

194	191	1337

209	191	1342

195	192	1325

209	192	1347

194	193	1353

208	193	1340

194	194	1346

195	194	1350

208	194	1348

196	195	1353

207	195	1347

197	196	1349

206	196	1345

197	197	1351

205	197	1347

206	197	1352

197	198	1352

204	198	1349

198	199	1350

203	199	1348

199	200	1350

200	200	1348

201	200	1349

202	200	1352

