181	106	1280

182	106	1283

180	107	1275

183	107	1276

184	107	1302

171	108	1267

172	108	1259

173	108	1264

174	108	1270

175	108	1286

180	108	1270

184	108	1282

171	109	1253

175	109	1273

179	109	1279

184	109	1278

170	110	1256

175	110	1268

179	110	1273

184	110	1279

170	111	1259

175	111	1272

179	111	1270

184	111	1281

191	111	1303

170	112	1260

175	112	1278

179	112	1271

184	112	1279

190	112	1291

192	112	1291

193	112	1320

170	113	1261

175	113	1277

179	113	1274

184	113	1279

189	113	1293

193	113	1301

170	114	1261

175	114	1286

179	114	1273

184	114	1278

189	114	1290

193	114	1300

169	115	1259

175	115	1290

179	115	1270

184	115	1284

189	115	1287

193	115	1305

169	116	1264

175	116	1288

178	116	1275

184	116	1283

188	116	1294

193	116	1311

169	117	1266

175	117	1264

178	117	1279

184	117	1284

188	117	1292

193	117	1321

169	118	1266

174	118	1264

178	118	1278

184	118	1292

188	118	1290

193	118	1338

157	119	1267

158	119	1271

169	119	1264

175	119	1281

178	119	1280

184	119	1305

187	119	1294

192	119	1300

156	120	1266

159	120	1265

169	120	1266

174	120	1269

178	120	1276

184	120	1313

187	120	1291

192	120	1306

156	121	1268

160	121	1270

169	121	1269

175	121	1289

177	121	1279

184	121	1311

187	121	1291

192	121	1318

156	122	1268

160	122	1264

169	122	1267

175	122	1286

177	122	1279

183	122	1281

186	122	1296

192	122	1329

157	123	1263

161	123	1268

169	123	1268

175	123	1284

177	123	1281

183	123	1282

186	123	1291

192	123	1340

157	124	1265

162	124	1268

169	124	1269

176	124	1268

183	124	1284

185	124	1293

191	124	1307

157	125	1271

163	125	1243

169	125	1273

184	125	1283

191	125	1318

158	126	1264

164	126	1236

169	126	1275

191	126	1331

158	127	1268

164	127	1265

169	127	1277

190	127	1301

159	128	1265

165	128	1275

166	128	1286

168	128	1292

190	128	1305

159	129	1272

167	129	1314

190	129	1306

160	130	1268

190	130	1306

160	131	1274

191	131	1343

159	132	1301

191	132	1331

160	133	1289

191	133	1315

160	134	1307

190	134	1305

160	135	1336

190	135	1310

203	135	1318

204	135	1338

160	136	1334

190	136	1326

201	136	1302

202	136	1294

205	136	1297

206	136	1322

160	137	1340

161	137	1298

190	137	1327

195	137	1346

196	137	1352

197	137	1331

198	137	1326

199	137	1301

200	137	1291

207	137	1326

160	138	1311

162	138	1272

190	138	1314

192	138	1329

193	138	1331

194	138	1336

207	138	1329

160	139	1267

161	139	1272

190	139	1319

193	139	1326

207	139	1357

161	140	1290

191	140	1342

192	140	1348

206	140	1350

160	141	1343

204	141	1307

205	141	1333

206	141	1382

160	142	1281

202	142	1304

203	142	1333

159	143	1260

201	143	1312

159	144	1306

160	144	1313

200	144	1313

161	145	1315

199	145	1316

161	146	1305

198	146	1321

162	147	1275

197	147	1327

160	148	1336

161	148	1378

163	148	1271

196	148	1331

160	149	1321

162	149	1319

195	149	1328

160	150	1300

193	150	1310

194	150	1331

161	151	1308

192	151	1322

162	152	1311

191	152	1335

162	153	1348

189	153	1321

190	153	1343

162	154	1313

188	154	1324

161	155	1305

163	155	1308

186	155	1312

187	155	1332

162	156	1353

185	156	1325

162	157	1291

184	157	1345

161	158	1343

183	158	1342

161	159	1358

183	159	1353

161	160	1330

182	160	1332

160	161	1329

182	161	1347

159	162	1280

181	162	1333

157	163	1274

159	163	1286

181	163	1344

157	164	1316

158	164	1315

181	164	1351

157	165	1317

159	165	1303

180	165	1349

157	166	1295

158	166	1292

180	166	1355

157	167	1267

180	167	1363

156	168	1281

157	168	1283

179	168	1346

156	169	1381

158	169	1297

179	169	1357

156	170	1306

157	170	1293

179	170	1361

157	171	1294

179	171	1369

155	172	1286

156	172	1299

178	172	1360

155	173	1314

178	173	1367

153	174	1319

154	174	1340

178	174	1374

153	175	1346

177	175	1368

153	176	1327

177	176	1372

153	177	1312

154	177	1314

155	177	1305

156	177	1299

157	177	1296

158	177	1294

159	177	1293

160	177	1291

161	177	1290

162	177	1291

163	177	1291

164	177	1289

165	177	1289

166	177	1291

167	177	1296

168	177	1298

169	177	1301

170	177	1305

171	177	1312

172	177	1318

173	177	1327

174	177	1337

175	177	1352

176	177	1367

177	177	1377

