201	143	1467

202	143	1468

203	143	1474

200	144	1465

203	144	1463

213	144	1484

214	144	1486

215	144	1498

197	145	1472

200	145	1464

204	145	1473

212	145	1481

216	145	1512

196	146	1467

198	146	1471

200	146	1469

204	146	1470

212	146	1482

216	146	1495

196	147	1462

199	147	1470

205	147	1486

212	147	1482

216	147	1496

195	148	1462

200	148	1447

205	148	1481

212	148	1486

216	148	1498

195	149	1465

199	149	1470

201	149	1467

206	149	1467

212	149	1487

216	149	1501

196	150	1464

200	150	1457

202	150	1471

206	150	1480

212	150	1488

216	150	1501

196	151	1465

200	151	1477

202	151	1476

207	151	1487

212	151	1487

216	151	1501

196	152	1464

200	152	1477

202	152	1479

207	152	1495

212	152	1490

216	152	1504

196	153	1468

200	153	1472

202	153	1481

208	153	1479

212	153	1491

216	153	1503

197	154	1466

201	154	1475

208	154	1504

212	154	1494

216	154	1503

196	155	1479

208	155	1496

212	155	1492

216	155	1503

189	156	1458

190	156	1457

191	156	1460

192	156	1471

197	156	1472

209	156	1541

212	156	1491

216	156	1508

189	157	1460

192	157	1468

197	157	1475

209	157	1529

211	157	1489

216	157	1511

189	158	1460

193	158	1470

194	158	1488

197	158	1475

209	158	1529

211	158	1491

216	158	1514

190	159	1464

194	159	1478

197	159	1477

209	159	1529

211	159	1496

216	159	1518

190	160	1463

194	160	1474

198	160	1476

209	160	1509

211	160	1496

216	160	1522

190	161	1465

194	161	1469

198	161	1479

210	161	1497

216	161	1529

226	161	1526

191	162	1464

195	162	1477

196	162	1512

197	162	1508

216	162	1546

224	162	1514

225	162	1499

227	162	1518

191	163	1467

215	163	1515

223	163	1511

227	163	1519

192	164	1468

215	164	1512

222	164	1520

226	164	1498

192	165	1470

215	165	1515

222	165	1507

226	165	1514

193	166	1477

215	166	1519

221	166	1539

225	166	1496

193	167	1480

215	167	1519

221	167	1518

225	167	1509

193	168	1491

216	168	1545

221	168	1507

225	168	1528

193	169	1510

216	169	1527

220	169	1526

224	169	1505

193	170	1549

216	170	1511

220	170	1508

224	170	1516

194	171	1506

217	171	1512

218	171	1530

219	171	1518

224	171	1529

195	172	1477

224	172	1544

194	173	1527

224	173	1580

194	174	1501

223	174	1519

194	175	1500

223	175	1528

194	176	1490

223	176	1545

195	177	1510

222	177	1522

195	178	1516

221	178	1509

195	179	1499

221	179	1535

196	180	1496

220	180	1522

197	181	1492

219	181	1513

197	182	1510

219	182	1541

197	183	1536

218	183	1534

197	184	1558

217	184	1530

197	185	1576

216	185	1540

198	186	1560

215	186	1559

199	187	1556

214	187	1560

200	188	1525

213	188	1550

200	189	1532

213	189	1560

200	190	1545

213	190	1573

201	191	1527

213	191	1589

199	192	1516

201	192	1530

212	192	1573

201	193	1537

212	193	1587

201	194	1540

212	194	1596

200	195	1554

211	195	1576

200	196	1548

211	196	1584

200	197	1542

211	197	1595

200	198	1541

210	198	1577

197	199	1570

200	199	1552

210	199	1585

200	200	1563

210	200	1594

200	201	1569

209	201	1585

200	202	1570

209	202	1591

200	203	1570

209	203	1594

200	204	1574

208	204	1588

200	205	1584

208	205	1594

200	206	1593

207	206	1594

201	207	1586

207	207	1596

201	208	1591

206	208	1596

201	209	1596

202	209	1597

203	209	1593

204	209	1596

205	209	1598

