164	156	1867

165	156	1865

164	157	1856

165	157	1856

157	158	1858

158	158	1864

164	158	1856

165	158	1852

156	159	1863

158	159	1859

164	159	1857

165	159	1853

156	160	1875

158	160	1863

164	160	1853

165	160	1848

156	161	1875

158	161	1861

164	161	1853

165	161	1849

157	162	1859

158	162	1860

164	162	1854

165	162	1848

176	162	1880

177	162	1891

157	163	1858

158	163	1856

164	163	1855

165	163	1849

175	163	1872

177	163	1888

157	164	1861

159	164	1861

164	164	1857

166	164	1860

175	164	1871

176	164	1877

147	165	1863

148	165	1856

149	165	1860

157	165	1861

159	165	1854

163	165	1870

166	165	1863

174	165	1872

176	165	1882

148	166	1852

150	166	1863

157	166	1862

159	166	1852

163	166	1862

166	166	1864

173	166	1871

176	166	1892

148	167	1861

150	167	1853

158	167	1854

160	167	1860

163	167	1856

165	167	1851

172	167	1876

175	167	1875

149	168	1854

151	168	1856

158	168	1857

161	168	1880

163	168	1854

165	168	1850

171	168	1883

175	168	1885

150	169	1849

152	169	1854

158	169	1858

162	169	1873

165	169	1852

170	169	1885

174	169	1878

151	170	1845

153	170	1854

158	170	1861

166	170	1864

169	170	1879

173	170	1867

151	171	1856

154	171	1855

157	171	1905

167	171	1866

168	171	1872

173	171	1880

152	172	1853

155	172	1855

156	172	1865

172	172	1875

152	173	1869

171	173	1871

153	174	1859

171	174	1882

153	175	1870

170	175	1874

154	176	1859

170	176	1881

154	177	1864

169	177	1870

154	178	1864

169	178	1876

154	179	1864

169	179	1871

154	180	1864

169	180	1865

154	181	1868

170	181	1873

154	182	1869

170	182	1867

154	183	1875

171	183	1872

154	184	1874

172	184	1869

173	184	1875

154	185	1881

174	185	1868

175	185	1875

176	185	1881

177	185	1879

154	186	1891

178	186	1871

179	186	1870

180	186	1872

181	186	1876

182	186	1884

154	187	1916

172	187	1862

173	187	1868

174	187	1876

175	187	1879

176	187	1880

177	187	1879

178	187	1881

179	187	1881

180	187	1882

181	187	1882

182	187	1887

183	187	1905

154	188	1938

170	188	1869

171	188	1874

154	189	1929

166	189	1864

167	189	1871

168	189	1878

169	189	1890

154	190	1919

164	190	1884

165	190	1882

153	191	1930

163	191	1911

153	192	1920

163	192	1929

153	193	1916

163	193	1944

152	194	1937

162	194	1923

152	195	1933

162	195	1942

152	196	1934

161	196	1926

152	197	1934

161	197	1949

152	198	1932

160	198	1935

152	199	1933

160	199	1945

152	200	1934

159	200	1936

151	201	1949

159	201	1944

151	202	1946

158	202	1940

151	203	1949

157	203	1940

151	204	1948

157	204	1945

152	205	1946

156	205	1944

152	206	1949

153	206	1948

154	206	1949

155	206	1948

156	206	1949

