155	116	1375

156	116	1373

157	116	1376

155	117	1374

158	117	1380

155	118	1374

158	118	1379

148	119	1366

149	119	1368

150	119	1374

155	119	1376

159	119	1369

169	119	1391

147	120	1365

151	120	1377

155	120	1377

159	120	1382

168	120	1385

170	120	1388

147	121	1365

151	121	1376

155	121	1377

158	121	1382

167	121	1386

171	121	1396

147	122	1364

151	122	1377

154	122	1369

158	122	1383

167	122	1384

171	122	1397

148	123	1365

151	123	1380

154	123	1374

158	123	1383

166	123	1382

171	123	1403

148	124	1369

151	124	1377

154	124	1379

159	124	1386

167	124	1388

171	124	1404

148	125	1370

151	125	1376

155	125	1381

159	125	1389

166	125	1389

171	125	1409

148	126	1372

151	126	1377

155	126	1382

159	126	1389

166	126	1390

171	126	1407

148	127	1371

152	127	1385

154	127	1385

159	127	1390

166	127	1395

171	127	1408

148	128	1373

153	128	1395

160	128	1392

165	128	1396

170	128	1401

137	129	1351

138	129	1354

139	129	1356

148	129	1374

161	129	1402

163	129	1360

165	129	1395

170	129	1403

137	130	1356

140	130	1361

148	130	1375

161	130	1410

163	130	1371

164	130	1391

170	130	1403

137	131	1359

140	131	1362

147	131	1366

154	131	1393

162	131	1426

170	131	1405

138	132	1359

141	132	1367

147	132	1369

153	132	1390

155	132	1393

170	132	1412

138	133	1358

142	133	1368

148	133	1382

153	133	1393

155	133	1392

169	133	1409

139	134	1362

143	134	1371

145	134	1386

148	134	1385

154	134	1394

169	134	1411

139	135	1363

144	135	1375

146	135	1402

148	135	1385

169	135	1414

140	136	1368

147	136	1411

168	136	1409

140	137	1368

168	137	1411

141	138	1370

167	138	1405

141	139	1370

167	139	1408

142	140	1372

167	140	1407

142	141	1378

167	141	1406

143	142	1386

167	142	1405

179	142	1410

180	142	1411

181	142	1412

182	142	1410

183	142	1412

143	143	1391

168	143	1412

176	143	1416

177	143	1407

178	143	1404

184	143	1416

143	144	1394

169	144	1393

170	144	1375

174	144	1433

175	144	1420

184	144	1423

143	145	1397

171	145	1455

172	145	1426

173	145	1415

183	145	1422

143	146	1390

181	146	1415

182	146	1424

143	147	1388

180	147	1421

143	148	1394

179	148	1423

143	149	1395

178	149	1422

144	150	1386

177	150	1418

144	151	1398

176	151	1418

144	152	1398

175	152	1417

144	153	1398

174	153	1418

144	154	1406

173	154	1420

145	155	1391

172	155	1421

145	156	1402

171	156	1423

145	157	1404

170	157	1423

145	158	1392

146	158	1390

169	158	1425

147	159	1398

169	159	1441

147	160	1403

167	160	1430

168	160	1444

146	161	1396

165	161	1431

166	161	1435

145	162	1409

164	162	1445

145	163	1416

164	163	1452

145	164	1414

163	164	1440

144	165	1406

163	165	1444

144	166	1402

162	166	1442

144	167	1403

162	167	1450

143	168	1405

162	168	1460

142	169	1401

161	169	1455

142	170	1398

161	170	1462

142	171	1403

161	171	1472

142	172	1406

161	172	1483

142	173	1408

160	173	1473

141	174	1413

160	174	1480

140	175	1412

160	175	1494

140	176	1416

159	176	1484

139	177	1412

159	177	1493

139	178	1412

158	178	1478

137	179	1429

138	179	1419

158	179	1488

137	180	1427

157	180	1481

137	181	1430

157	181	1489

136	182	1449

156	182	1480

136	183	1425

156	183	1489

135	184	1430

136	184	1429

137	184	1425

138	184	1421

139	184	1420

140	184	1416

141	184	1417

142	184	1416

143	184	1417

144	184	1418

145	184	1418

146	184	1419

147	184	1420

148	184	1421

149	184	1423

150	184	1428

151	184	1434

152	184	1439

153	184	1445

154	184	1457

155	184	1473

