160	150	1559

161	150	1557

162	150	1559

160	151	1557

162	151	1554

161	152	1554

162	152	1553

152	153	1552

153	153	1553

161	153	1555

162	153	1553

152	154	1555

154	154	1561

161	154	1559

163	154	1559

175	154	1575

176	154	1575

152	155	1560

154	155	1562

160	155	1568

163	155	1561

174	155	1574

176	155	1574

152	156	1564

154	156	1562

160	156	1565

163	156	1562

174	156	1572

176	156	1575

152	157	1566

155	157	1566

161	157	1564

163	157	1562

174	157	1572

176	157	1577

153	158	1560

155	158	1562

161	158	1563

164	158	1566

173	158	1575

176	158	1578

153	159	1559

156	159	1554

161	159	1561

164	159	1563

173	159	1573

175	159	1574

153	160	1559

156	160	1555

160	160	1569

164	160	1563

172	160	1571

175	160	1574

154	161	1557

157	161	1558

161	161	1560

164	161	1564

171	161	1576

175	161	1576

142	162	1552

143	162	1550

153	162	1568

158	162	1568

160	162	1574

164	162	1565

170	162	1577

174	162	1571

142	163	1546

144	163	1548

153	163	1574

159	163	1596

164	163	1565

169	163	1564

174	163	1574

142	164	1546

145	164	1552

154	164	1569

165	164	1568

169	164	1571

174	164	1575

143	165	1550

146	165	1555

154	165	1569

166	165	1574

168	165	1584

173	165	1574

143	166	1564

147	166	1557

154	166	1570

167	166	1597

173	166	1577

144	167	1558

148	167	1555

154	167	1606

172	167	1572

145	168	1557

149	168	1554

150	168	1558

153	168	1598

172	168	1575

146	169	1558

151	169	1557

152	169	1564

171	169	1573

147	170	1560

171	170	1575

148	171	1563

171	171	1574

149	172	1565

170	172	1569

149	173	1575

170	173	1570

150	174	1579

170	174	1574

151	175	1577

170	175	1576

151	176	1584

171	176	1583

151	177	1566

171	177	1582

152	178	1576

172	178	1585

152	179	1587

172	179	1578

152	180	1573

173	180	1575

174	180	1579

153	181	1580

175	181	1571

176	181	1573

182	181	1583

183	181	1584

184	181	1584

185	181	1585

186	181	1588

153	182	1583

177	182	1571

178	182	1574

179	182	1578

180	182	1577

181	182	1579

187	182	1584

188	182	1584

154	183	1574

184	183	1583

185	183	1584

186	183	1582

187	183	1582

188	183	1583

154	184	1576

178	184	1574

179	184	1578

180	184	1580

181	184	1583

182	184	1582

183	184	1586

154	185	1583

176	185	1576

177	185	1581

153	186	1596

174	186	1577

175	186	1579

154	187	1589

172	187	1580

173	187	1581

155	188	1591

170	188	1584

171	188	1590

155	189	1609

169	189	1591

156	190	1615

168	190	1612

156	191	1626

167	191	1648

156	192	1625

167	192	1669

156	193	1632

166	193	1654

157	194	1645

166	194	1666

158	195	1642

165	195	1663

159	196	1642

165	196	1667

159	197	1660

164	197	1663

160	198	1670

161	198	1659

163	198	1666

162	199	1669

