193	154	1661

194	154	1663

195	154	1666

191	155	1698

193	155	1664

196	155	1671

205	155	1666

206	155	1669

189	156	1681

190	156	1680

191	156	1680

193	156	1668

196	156	1670

205	156	1671

206	156	1674

189	157	1670

192	157	1668

193	157	1672

196	157	1669

205	157	1672

206	157	1677

189	158	1665

192	158	1676

194	158	1672

197	158	1672

205	158	1676

206	158	1679

189	159	1662

193	159	1656

197	159	1673

205	159	1678

206	159	1679

189	160	1666

198	160	1680

205	160	1680

206	160	1678

189	161	1668

198	161	1678

205	161	1678

207	161	1678

190	162	1669

199	162	1680

204	162	1681

207	162	1679

189	163	1668

199	163	1681

203	163	1688

207	163	1681

189	164	1674

200	164	1685

203	164	1686

207	164	1683

189	165	1665

201	165	1725

202	165	1702

207	165	1686

182	166	1660

189	166	1669

207	166	1688

181	167	1660

183	167	1668

190	167	1673

206	167	1689

181	168	1669

184	168	1669

189	168	1671

190	168	1677

206	168	1692

182	169	1668

185	169	1670

191	169	1676

206	169	1693

183	170	1668

186	170	1671

191	170	1682

206	170	1690

217	170	1718

218	170	1709

219	170	1725

183	171	1672

186	171	1671

191	171	1684

206	171	1690

216	171	1692

219	171	1703

184	172	1673

187	172	1670

188	172	1673

189	172	1668

190	172	1674

206	172	1688

215	172	1694

219	172	1712

184	173	1686

206	173	1686

213	173	1691

214	173	1698

219	173	1755

185	174	1676

207	174	1690

213	174	1690

218	174	1720

186	175	1680

207	175	1688

213	175	1701

217	175	1701

187	176	1686

208	176	1687

211	176	1703

212	176	1714

217	176	1718

188	177	1686

209	177	1692

210	177	1706

216	177	1697

188	178	1696

216	178	1715

189	179	1671

215	179	1701

189	180	1671

215	180	1710

189	181	1675

215	181	1725

189	182	1682

214	182	1699

189	183	1689

214	183	1723

190	184	1675

213	184	1711

190	185	1692

212	185	1704

190	186	1669

211	186	1700

190	187	1673

211	187	1725

191	188	1687

210	188	1712

192	189	1678

209	189	1705

192	190	1693

208	190	1709

192	191	1702

208	191	1747

193	192	1712

207	192	1750

194	193	1691

207	193	1768

195	194	1692

207	194	1774

195	195	1702

206	195	1745

195	196	1706

206	196	1754

196	197	1698

206	197	1758

196	198	1703

206	198	1758

196	199	1712

206	199	1757

196	200	1717

206	200	1761

196	201	1721

206	201	1765

196	202	1721

206	202	1767

196	203	1727

206	203	1769

196	204	1739

206	204	1769

196	205	1750

206	205	1771

196	206	1761

206	206	1772

197	207	1745

206	207	1770

197	208	1756

207	208	1779

197	209	1765

207	209	1781

197	210	1772

206	210	1773

197	211	1773

206	211	1774

198	212	1766

206	212	1774

198	213	1775

206	213	1773

198	214	1781

199	214	1770

206	214	1777

200	215	1777

201	215	1774

202	215	1773

203	215	1774

204	215	1773

205	215	1776

206	215	1781

