196	125	1372

197	125	1358

198	125	1360

199	125	1376

196	126	1354

200	126	1383

192	127	1359

193	127	1364

196	127	1352

200	127	1365

191	128	1349

194	128	1357

196	128	1356

201	128	1378

208	128	1378

209	128	1371

210	128	1382

190	129	1356

195	129	1348

202	129	1384

207	129	1383

211	129	1386

186	130	1384

188	130	1391

189	130	1372

202	130	1377

207	130	1374

211	130	1376

186	131	1360

187	131	1406

189	131	1396

202	131	1374

207	131	1371

211	131	1373

188	132	1368

203	132	1373

207	132	1371

211	132	1372

189	133	1393

203	133	1388

207	133	1375

212	133	1408

190	134	1358

204	134	1390

207	134	1378

212	134	1410

183	135	1351

184	135	1353

185	135	1351

186	135	1350

188	135	1338

189	135	1356

205	135	1417

206	135	1407

212	135	1408

184	136	1336

187	136	1348

189	136	1347

212	136	1399

183	137	1341

188	137	1326

190	137	1363

205	137	1423

212	137	1392

183	138	1337

187	138	1341

191	138	1349

204	138	1379

206	138	1395

213	138	1416

183	139	1336

187	139	1339

191	139	1353

204	139	1380

207	139	1370

213	139	1411

183	140	1341

187	140	1341

191	140	1354

205	140	1408

206	140	1382

212	140	1396

184	141	1333

188	141	1355

191	141	1356

212	141	1399

184	142	1337

188	142	1347

191	142	1358

205	142	1415

212	142	1403

184	143	1340

189	143	1358

191	143	1360

204	143	1382

206	143	1376

212	143	1402

184	144	1345

189	144	1353

192	144	1354

204	144	1378

206	144	1374

213	144	1438

214	144	1445

215	144	1440

219	144	1398

220	144	1369

221	144	1368

222	144	1382

185	145	1338

190	145	1345

192	145	1357

205	145	1379

212	145	1412

214	145	1452

215	145	1431

216	145	1419

218	145	1391

222	145	1378

185	146	1342

191	146	1368

212	146	1413

216	146	1447

217	146	1396

222	146	1394

185	147	1352

212	147	1423

216	147	1448

221	147	1367

186	148	1343

212	148	1436

216	148	1446

221	148	1374

186	149	1346

212	149	1437

216	149	1407

221	149	1376

186	150	1350

212	150	1424

215	150	1451

221	150	1375

185	151	1422

212	151	1409

216	151	1394

221	151	1376

185	152	1415

212	152	1406

216	152	1387

221	152	1380

186	153	1415

212	153	1402

215	153	1453

221	153	1387

187	154	1390

212	154	1400

216	154	1366

221	154	1398

186	155	1415

213	155	1438

214	155	1450

215	155	1387

220	155	1368

186	156	1426

220	156	1377

187	157	1430

220	157	1387

188	158	1349

220	158	1395

188	159	1362

220	159	1405

187	160	1445

219	160	1370

187	161	1456

220	161	1444

188	162	1408

219	162	1397

187	163	1392

218	163	1382

187	164	1390

217	164	1376

188	165	1422

217	165	1405

189	166	1395

216	166	1388

188	167	1436

215	167	1377

188	168	1388

215	168	1407

189	169	1387

214	169	1399

190	170	1362

213	170	1393

190	171	1348

212	171	1402

191	172	1422

211	172	1409

191	173	1413

192	173	1436

210	173	1404

191	174	1401

193	174	1379

210	174	1425

192	175	1340

210	175	1440

192	176	1377

210	176	1455

192	177	1426

209	177	1419

193	178	1405

209	178	1433

192	179	1394

209	179	1446

192	180	1415

193	180	1405

209	180	1451

192	181	1397

194	181	1391

209	181	1455

193	182	1418

208	182	1420

192	183	1439

208	183	1426

192	184	1421

208	184	1431

193	185	1386

208	185	1437

193	186	1424

208	186	1439

194	187	1392

208	187	1441

193	188	1370

208	188	1443

192	189	1368

208	189	1445

193	190	1404

208	190	1449

193	191	1428

208	191	1451

192	192	1414

193	192	1431

194	192	1413

195	192	1398

196	192	1393

197	192	1389

198	192	1391

199	192	1393

200	192	1395

201	192	1397

202	192	1400

203	192	1403

204	192	1407

205	192	1414

206	192	1425

207	192	1437

208	192	1451

