168	174	1738

160	175	1732

161	175	1724

162	175	1722

163	175	1723

164	175	1722

165	175	1718

166	175	1718

167	175	1724

169	175	1733

170	175	1737

158	176	1737

159	176	1724

171	176	1739

172	176	1757

157	177	1718

173	177	1743

174	177	1753

157	178	1720

175	178	1755

157	179	1721

175	179	1740

156	180	1737

176	180	1745

155	181	1767

177	181	1743

178	181	1740

155	182	1756

179	182	1723

180	182	1728

155	183	1756

179	183	1728

155	184	1756

179	184	1742

154	185	1803

178	185	1755

154	186	1794

177	186	1764

154	187	1783

176	187	1764

153	188	1792

175	188	1767

153	189	1782

171	189	1751

172	189	1757

173	189	1763

174	189	1772

152	190	1797

164	190	1752

165	190	1751

166	190	1752

167	190	1752

168	190	1754

169	190	1756

170	190	1761

151	191	1822

163	191	1789

151	192	1801

162	192	1827

150	193	1819

161	193	1830

150	194	1812

160	194	1828

149	195	1834

159	195	1824

149	196	1827

158	196	1821

149	197	1819

157	197	1820

148	198	1836

157	198	1829

148	199	1832

156	199	1825

148	200	1831

156	200	1834

148	201	1833

155	201	1833

148	202	1831

154	202	1830

148	203	1830

153	203	1833

148	204	1833

149	204	1830

150	204	1829

151	204	1831

152	204	1832

153	204	1837

