236	166	1505

236	168	1601

237	168	1600

238	168	1640

253	170	1642

250	171	1639

251	171	1633

250	172	1606

251	172	1633

224	175	1570

225	175	1562

226	175	1556

227	175	1555

228	175	1560

229	175	1568

230	175	1562

231	175	1555

232	175	1557

233	175	1566

234	175	1581

235	175	1579

236	175	1576

237	175	1583

220	176	1569

221	176	1569

222	176	1561

223	176	1544

238	176	1568

239	176	1574

219	177	1565

240	177	1573

216	178	1558

217	178	1557

218	178	1548

241	178	1614

253	178	1651

216	179	1581

241	179	1586

250	179	1655

215	180	1584

242	180	1595

215	181	1566

242	181	1589

215	182	1567

242	182	1589

215	183	1551

242	183	1595

215	184	1551

242	184	1601

215	185	1556

242	185	1615

215	186	1563

241	186	1600

215	187	1552

241	187	1623

215	188	1543

241	188	1655

215	189	1541

240	189	1626

215	190	1534

239	190	1620

215	191	1541

238	191	1632

215	192	1548

237	192	1640

214	193	1577

215	193	1556

236	193	1637

216	194	1554

234	194	1605

235	194	1641

215	195	1588

233	195	1625

215	196	1558

232	196	1640

214	197	1573

231	197	1645

214	198	1555

230	198	1629

215	199	1564

229	199	1606

214	200	1593

229	200	1623

215	201	1559

229	201	1639

215	202	1561

228	202	1616

212	203	1551

213	203	1552

214	203	1561

228	203	1634

212	204	1558

214	204	1561

228	204	1651

212	205	1560

214	205	1564

227	205	1625

212	206	1562

214	206	1567

227	206	1635

212	207	1537

213	207	1567

227	207	1643

213	208	1565

227	208	1650

213	209	1570

227	209	1655

209	210	1549

210	210	1553

212	210	1577

226	210	1624

212	211	1578

226	211	1630

211	212	1581

226	212	1635

211	213	1586

226	213	1637

210	214	1592

211	214	1591

212	214	1583

213	214	1577

214	214	1571

215	214	1568

216	214	1566

217	214	1567

218	214	1567

219	214	1568

220	214	1568

221	214	1570

222	214	1574

223	214	1582

224	214	1593

225	214	1613

226	214	1642

