169	139	1467

170	139	1470

171	139	1467

180	139	1488

181	139	1487

162	140	1451

163	140	1453

164	140	1455

165	140	1459

166	140	1461

167	140	1464

168	140	1464

172	140	1469

173	140	1473

174	140	1475

175	140	1477

176	140	1480

179	140	1491

181	140	1489

159	141	1464

160	141	1459

161	141	1459

177	141	1486

178	141	1493

181	141	1487

157	142	1512

158	142	1467

181	142	1488

157	143	1472

181	143	1491

157	144	1457

181	144	1494

156	145	1457

181	145	1495

156	146	1466

181	146	1493

156	147	1464

181	147	1491

156	148	1459

181	148	1489

156	149	1456

181	149	1490

156	150	1456

180	150	1489

156	151	1458

180	151	1490

155	152	1484

180	152	1490

155	153	1483

180	153	1492

155	154	1476

179	154	1494

155	155	1469

177	155	1499

178	155	1501

154	156	1500

175	156	1491

176	156	1499

154	157	1449

173	157	1485

174	157	1493

154	158	1449

171	158	1479

172	158	1485

154	159	1460

170	159	1480

153	160	1405

169	160	1481

154	161	1452

168	161	1479

153	162	1458

168	162	1484

154	163	1462

167	163	1478

153	164	1468

167	164	1485

153	165	1464

166	165	1483

152	166	1479

166	166	1487

152	167	1471

166	167	1494

152	168	1466

166	168	1502

151	169	1478

165	169	1492

151	170	1471

165	170	1495

151	171	1470

165	171	1502

150	172	1503

164	172	1497

150	173	1478

164	173	1499

150	174	1473

164	174	1504

150	175	1471

164	175	1513

149	176	1498

163	176	1505

149	177	1481

163	177	1508

148	178	1484

163	178	1515

149	179	1476

163	179	1523

148	180	1480

163	180	1532

148	181	1484

162	181	1515

147	182	1481

162	182	1517

147	183	1491

162	183	1520

146	184	1494

147	184	1491

148	184	1481

149	184	1478

150	184	1476

151	184	1477

152	184	1476

153	184	1475

154	184	1476

155	184	1477

156	184	1481

157	184	1481

158	184	1485

159	184	1490

160	184	1498

161	184	1510

162	184	1525

