212	163	1600

216	163	1610

217	163	1608

218	163	1606

219	163	1609

210	164	1614

211	164	1598

213	164	1594

214	164	1598

215	164	1602

220	164	1614

206	165	1611

207	165	1604

208	165	1604

209	165	1603

220	165	1619

203	166	1606

204	166	1607

205	166	1609

220	166	1632

202	167	1611

219	167	1624

201	168	1621

219	168	1627

200	169	1624

219	169	1633

200	170	1631

220	170	1659

199	171	1653

220	171	1677

199	172	1619

219	172	1656

199	173	1620

219	173	1645

200	174	1635

220	174	1679

200	175	1634

220	175	1674

199	176	1651

219	176	1645

200	177	1643

219	177	1663

200	178	1644

218	178	1654

201	179	1641

217	179	1651

201	180	1649

217	180	1673

202	181	1656

216	181	1665

202	182	1660

215	182	1673

203	183	1659

214	183	1696

203	184	1667

213	184	1704

203	185	1676

213	185	1719

203	186	1683

212	186	1706

203	187	1691

212	187	1723

202	188	1710

211	188	1724

202	189	1711

210	189	1719

201	190	1714

210	190	1723

201	191	1713

209	191	1718

201	192	1714

209	192	1720

201	193	1721

202	193	1708

203	193	1703

204	193	1702

205	193	1703

206	193	1705

207	193	1707

208	193	1714

209	193	1725

