237	166	1718

235	167	1691

236	167	1715

237	167	1692

238	167	1707

235	168	1674

236	168	1712

217	180	1621

218	180	1618

219	180	1617

220	180	1620

221	180	1620

222	180	1621

223	180	1623

224	180	1624

225	180	1630

226	180	1638

227	180	1645

228	180	1647

229	180	1649

215	181	1616

216	181	1619

230	181	1629

231	181	1632

213	182	1599

214	182	1599

232	182	1636

211	183	1614

212	183	1605

232	183	1634

209	184	1599

210	184	1612

233	184	1654

209	185	1622

233	185	1652

208	186	1627

234	186	1690

208	187	1616

234	187	1694

208	188	1629

234	188	1691

208	189	1631

233	189	1657

208	190	1622

233	190	1680

208	191	1618

233	191	1715

208	192	1619

232	192	1681

208	193	1623

232	193	1708

207	194	1632

231	194	1698

208	195	1617

230	195	1709

208	196	1619

229	196	1713

208	197	1650

228	197	1713

208	198	1653

227	198	1716

209	199	1634

225	199	1679

226	199	1723

209	200	1638

224	200	1698

209	201	1632

223	201	1704

209	202	1629

222	202	1686

209	203	1628

222	203	1708

209	204	1631

221	204	1679

209	205	1632

221	205	1696

208	206	1644

221	206	1712

208	207	1648

220	207	1685

208	208	1649

220	208	1696

208	209	1651

220	209	1709

207	210	1663

220	210	1719

207	211	1648

219	211	1689

207	212	1642

219	212	1689

207	213	1646

219	213	1693

207	214	1650

219	214	1697

206	215	1666

219	215	1699

206	216	1661

207	216	1652

208	216	1645

209	216	1639

210	216	1637

211	216	1637

212	216	1638

213	216	1640

214	216	1640

215	216	1645

216	216	1651

217	216	1662

218	216	1675

219	216	1702

