195	148	1294

196	148	1286

197	148	1301

194	149	1289

198	149	1297

202	149	1317

189	150	1289

190	150	1281

191	150	1280

192	150	1283

193	150	1278

199	150	1288

200	150	1292

201	150	1293

203	150	1288

204	150	1304

187	151	1303

188	151	1280

205	151	1287

183	152	1314

184	152	1281

185	152	1275

186	152	1274

206	152	1284

182	153	1302

206	153	1270

181	154	1339

206	154	1266

181	155	1297

206	155	1270

180	156	1356

206	156	1277

180	157	1333

206	157	1290

180	158	1296

206	158	1312

180	159	1278

205	159	1281

179	160	1316

205	160	1290

179	161	1334

205	161	1305

179	162	1366

204	162	1277

179	163	1360

205	163	1327

179	164	1364

205	164	1316

179	165	1353

205	165	1300

180	166	1304

206	166	1322

180	167	1317

206	167	1320

180	168	1345

181	168	1299

206	168	1328

182	169	1299

205	169	1316

181	170	1362

204	170	1319

182	171	1351

203	171	1319

182	172	1368

202	172	1320

183	173	1352

201	173	1324

182	174	1366

198	174	1323

199	174	1329

200	174	1345

182	175	1359

196	175	1355

197	175	1364

180	176	1364

181	176	1372

195	176	1362

181	177	1369

194	177	1362

195	177	1374

180	178	1370

193	178	1366

179	179	1359

192	179	1368

178	180	1358

180	180	1370

192	180	1372

181	181	1370

192	181	1374

181	182	1370

191	182	1372

181	183	1374

190	183	1370

181	184	1374

190	184	1371

182	185	1373

183	185	1367

184	185	1365

185	185	1363

186	185	1365

187	185	1366

188	185	1366

189	185	1370

190	185	1373

