194	151	1289

195	151	1269

196	151	1272

197	151	1292

193	152	1282

198	152	1278

201	152	1290

202	152	1287

203	152	1289

204	152	1310

188	153	1276

189	153	1263

190	153	1260

191	153	1264

192	153	1268

199	153	1265

200	153	1267

205	153	1318

186	154	1302

187	154	1271

205	154	1300

182	155	1298

183	155	1270

184	155	1259

185	155	1258

205	155	1290

182	156	1260

205	156	1277

181	157	1276

205	157	1259

179	158	1328

180	158	1301

206	158	1275

179	159	1323

206	159	1264

179	160	1348

206	160	1269

180	161	1272

206	161	1287

180	162	1267

205	162	1265

179	163	1275

205	163	1277

179	164	1281

205	164	1291

179	165	1291

205	165	1305

179	166	1288

205	166	1317

179	167	1300

205	167	1324

179	168	1343

205	168	1321

180	169	1305

205	169	1313

180	170	1342

206	170	1343

181	171	1310

206	171	1345

181	172	1358

205	172	1326

181	173	1357

204	173	1331

180	174	1352

202	174	1320

203	174	1341

181	175	1363

201	175	1320

180	176	1366

196	176	1312

199	176	1322

200	176	1340

181	177	1360

194	177	1362

195	177	1366

197	177	1354

198	177	1355

181	178	1360

193	178	1363

180	179	1367

192	179	1364

179	180	1366

180	180	1365

191	180	1364

181	181	1365

190	181	1362

182	182	1364

189	182	1363

176	183	1366

182	183	1365

189	183	1366

176	184	1363

182	184	1365

188	184	1363

182	185	1365

183	185	1360

184	185	1357

185	185	1356

186	185	1358

187	185	1361

188	185	1366

