212	168	1433

216	168	1459

204	169	1424

205	169	1412

206	169	1405

207	169	1407

208	169	1414

209	169	1421

210	169	1419

211	169	1414

213	169	1419

214	169	1428

215	169	1434

217	169	1440

218	169	1453

200	170	1422

201	170	1416

202	170	1407

203	170	1406

219	170	1436

220	170	1441

221	170	1459

198	171	1409

199	171	1400

221	171	1435

197	172	1401

222	172	1453

195	173	1392

196	173	1405

222	173	1435

194	174	1450

223	174	1446

193	175	1451

224	175	1463

193	176	1455

224	176	1458

194	177	1417

224	177	1463

193	178	1439

224	178	1468

192	179	1414

194	179	1411

224	179	1473

192	180	1399

193	180	1441

224	180	1472

193	181	1422

224	181	1506

193	182	1426

223	182	1493

193	183	1467

222	183	1471

192	184	1446

193	184	1470

222	184	1497

192	185	1448

194	185	1404

221	185	1481

193	186	1411

220	186	1490

194	187	1414

219	187	1504

194	188	1429

218	188	1512

195	189	1405

216	189	1469

217	189	1509

193	190	1492

194	190	1425

215	190	1480

193	191	1499

214	191	1493

193	192	1491

213	192	1507

193	193	1455

212	193	1506

193	194	1450

211	194	1498

193	195	1478

210	195	1475

193	196	1457

210	196	1493

192	197	1412

194	197	1425

210	197	1514

192	198	1427

193	198	1429

209	198	1487

192	199	1431

209	199	1504

191	200	1430

208	200	1479

191	201	1443

208	201	1490

190	202	1431

192	202	1426

208	202	1501

190	203	1450

191	203	1445

208	203	1512

190	204	1432

192	204	1435

207	204	1488

191	205	1425

207	205	1495

191	206	1431

207	206	1497

190	207	1452

207	207	1502

189	208	1449

207	208	1504

187	209	1438

188	209	1448

207	209	1509

187	210	1400

189	210	1433

207	210	1511

186	211	1435

187	211	1408

189	211	1438

190	211	1436

191	211	1434

192	211	1429

193	211	1426

194	211	1423

195	211	1423

196	211	1424

197	211	1425

198	211	1425

199	211	1425

200	211	1425

201	211	1428

202	211	1432

203	211	1439

204	211	1450

205	211	1465

206	211	1485

207	211	1513

