214	186	1825

215	186	1817

216	186	1817

217	186	1818

218	186	1823

219	186	1824

220	186	1825

221	186	1829

222	186	1836

223	186	1841

224	186	1842

211	187	1827

212	187	1825

213	187	1820

225	187	1839

226	187	1837

209	188	1830

210	188	1820

227	188	1835

207	189	1838

208	189	1840

227	189	1839

207	190	1846

228	190	1850

207	191	1839

228	191	1856

207	192	1832

228	192	1855

207	193	1830

228	193	1857

206	194	1843

228	194	1857

206	195	1835

228	195	1877

206	196	1825

227	196	1871

206	197	1828

227	197	1896

206	198	1836

226	198	1887

206	199	1852

225	199	1896

207	200	1838

224	200	1901

207	201	1845

223	201	1908

207	202	1845

221	202	1884

222	202	1915

207	203	1843

220	203	1900

206	204	1846

219	204	1904

207	205	1847

218	205	1889

206	206	1869

218	206	1914

206	207	1859

217	207	1886

206	208	1851

217	208	1902

206	209	1856

217	209	1921

206	210	1858

216	210	1887

205	211	1885

216	211	1903

205	212	1877

216	212	1916

205	213	1863

216	213	1926

205	214	1860

215	214	1895

205	215	1858

215	215	1897

204	216	1885

215	216	1901

204	217	1884

215	217	1904

203	218	1912

204	218	1880

205	218	1858

206	218	1848

207	218	1842

208	218	1842

209	218	1843

210	218	1845

211	218	1846

212	218	1853

213	218	1865

214	218	1883

215	218	1911

