195	179	1643

196	179	1635

197	179	1630

198	179	1633

199	179	1637

200	179	1643

201	179	1647

202	179	1651

203	179	1655

204	179	1655

205	179	1657

206	179	1663

207	179	1667

192	180	1626

193	180	1632

194	180	1641

208	180	1657

209	180	1654

190	181	1630

191	181	1626

210	181	1662

188	182	1643

189	182	1638

210	182	1663

187	183	1631

211	183	1670

187	184	1640

211	184	1672

187	185	1644

211	185	1675

187	186	1642

211	186	1677

187	187	1638

212	187	1701

186	188	1638

211	188	1700

186	189	1641

211	189	1726

186	190	1657

211	190	1756

186	191	1641

210	191	1722

186	192	1679

209	192	1712

187	193	1643

208	193	1719

209	193	1756

186	194	1639

207	194	1727

186	195	1644

206	195	1725

186	196	1672

205	196	1724

186	197	1686

204	197	1731

187	198	1658

202	198	1720

203	198	1752

186	199	1643

201	199	1718

186	200	1641

201	200	1751

186	201	1658

200	201	1732

186	202	1659

200	202	1756

186	203	1662

199	203	1726

186	204	1657

199	204	1746

185	205	1662

198	205	1725

185	206	1660

198	206	1742

184	207	1666

198	207	1755

184	208	1661

197	208	1728

183	209	1681

197	209	1740

183	210	1672

197	210	1750

183	211	1673

196	211	1721

182	212	1679

196	212	1730

182	213	1677

196	213	1735

219	213	1756

220	213	1756

221	213	1756

222	213	1755

181	214	1678

196	214	1740

220	214	1756

222	214	1752

181	215	1678

196	215	1743

218	215	1755

219	215	1753

222	215	1750

180	216	1691

181	216	1680

182	216	1669

183	216	1659

184	216	1657

185	216	1654

186	216	1656

187	216	1656

188	216	1659

189	216	1660

190	216	1664

191	216	1666

192	216	1671

193	216	1678

194	216	1691

195	216	1711

196	216	1746

217	216	1755

218	216	1751

219	216	1750

220	216	1750

221	216	1749

222	216	1748

