198	184	1667

199	184	1667

200	184	1663

201	184	1659

202	184	1660

203	184	1660

204	184	1664

205	184	1666

206	184	1668

207	184	1666

208	184	1667

209	184	1672

210	184	1676

211	184	1678

212	184	1678

213	184	1679

214	184	1674

195	185	1669

196	185	1661

197	185	1659

214	185	1675

194	186	1675

215	186	1677

193	187	1678

216	187	1682

193	188	1667

216	188	1680

192	189	1663

217	189	1686

192	190	1671

217	190	1698

192	191	1675

217	191	1712

192	192	1667

217	192	1733

191	193	1625

217	193	1766

192	194	1669

216	194	1725

191	195	1668

216	195	1756

192	196	1674

215	196	1731

192	197	1678

215	197	1770

192	198	1681

213	198	1743

214	198	1776

191	199	1685

212	199	1762

191	200	1724

210	200	1734

211	200	1776

192	201	1688

208	201	1726

209	201	1758

191	202	1689

207	202	1749

191	203	1686

206	203	1768

191	204	1693

205	204	1756

191	205	1689

204	205	1731

191	206	1696

204	206	1753

191	207	1698

204	207	1774

191	208	1695

203	208	1741

190	209	1701

203	209	1758

190	210	1694

203	210	1775

190	211	1696

202	211	1748

189	212	1716

202	212	1756

189	213	1706

202	213	1763

189	214	1700

202	214	1773

188	215	1719

201	215	1749

188	216	1719

201	216	1759

187	217	1739

201	217	1761

187	218	1729

188	218	1713

189	218	1701

190	218	1693

191	218	1691

192	218	1690

193	218	1690

194	218	1690

195	218	1690

196	218	1693

197	218	1699

198	218	1707

199	218	1718

200	218	1732

201	218	1761

