181	143	1530

182	143	1530

164	144	1497

165	144	1496

166	144	1501

167	144	1502

168	144	1503

169	144	1500

170	144	1503

171	144	1506

172	144	1512

173	144	1513

174	144	1518

175	144	1521

176	144	1523

177	144	1523

179	144	1519

180	144	1526

182	144	1527

160	145	1510

161	145	1500

162	145	1498

163	145	1496

178	145	1522

182	145	1527

159	146	1523

182	146	1529

158	147	1524

182	147	1532

158	148	1503

182	148	1533

157	149	1491

182	149	1532

157	150	1504

182	150	1533

157	151	1506

181	151	1528

157	152	1502

181	152	1529

157	153	1503

181	153	1529

157	154	1508

181	154	1531

156	155	1549

181	155	1530

157	156	1501

181	156	1533

157	157	1495

180	157	1531

157	158	1497

178	158	1523

179	158	1532

157	159	1496

176	159	1523

177	159	1526

157	160	1493

174	160	1518

175	160	1527

155	161	1535

156	161	1487

172	161	1516

173	161	1522

155	162	1515

171	162	1519

155	163	1499

170	163	1518

155	164	1493

169	164	1516

155	165	1494

169	165	1524

155	166	1497

168	166	1520

154	167	1494

168	167	1530

154	168	1488

168	168	1539

153	169	1505

167	169	1531

153	170	1508

167	170	1537

153	171	1481

167	171	1545

153	172	1521

166	172	1534

153	173	1511

166	173	1541

152	174	1518

166	174	1548

152	175	1506

165	175	1539

152	176	1506

165	176	1545

152	177	1508

165	177	1549

151	178	1493

165	178	1554

151	179	1509

164	179	1546

151	180	1512

164	180	1555

150	181	1520

164	181	1557

150	182	1519

164	182	1560

150	183	1526

164	183	1566

149	184	1523

150	184	1525

151	184	1518

152	184	1516

153	184	1513

154	184	1515

155	184	1514

156	184	1515

157	184	1515

158	184	1518

159	184	1521

160	184	1524

161	184	1530

162	184	1540

163	184	1558

