212	168	1437

216	168	1464

203	169	1422

204	169	1416

205	169	1408

206	169	1405

207	169	1405

208	169	1411

209	169	1416

210	169	1413

211	169	1412

213	169	1429

214	169	1442

215	169	1442

217	169	1444

218	169	1451

200	170	1414

201	170	1409

202	170	1408

219	170	1435

220	170	1443

197	171	1412

198	171	1409

199	171	1401

221	171	1442

196	172	1422

221	172	1429

194	173	1438

195	173	1422

222	173	1445

194	174	1410

223	174	1457

194	175	1398

223	175	1444

194	176	1400

224	176	1470

193	177	1427

223	177	1449

193	178	1424

223	178	1449

193	179	1415

223	179	1452

193	180	1406

223	180	1459

193	181	1407

223	181	1484

193	182	1415

222	182	1465

193	183	1421

222	183	1493

193	184	1414

221	184	1471

192	185	1436

193	185	1413

221	185	1503

192	186	1442

194	186	1403

219	186	1474

220	186	1506

192	187	1431

193	187	1427

218	187	1485

193	188	1444

217	188	1485

193	189	1446

216	189	1481

192	190	1415

215	190	1490

192	191	1432

213	191	1474

214	191	1510

193	192	1410

212	192	1485

193	193	1418

211	193	1485

192	194	1398

210	194	1470

193	195	1423

210	195	1495

193	196	1410

209	196	1472

192	197	1413

209	197	1487

191	198	1442

209	198	1502

192	199	1452

208	199	1478

192	200	1451

208	200	1495

192	201	1434

208	201	1509

192	202	1430

207	202	1481

190	203	1451

192	203	1431

207	203	1489

190	204	1462

191	204	1434

207	204	1496

190	205	1460

207	205	1503

190	206	1447

207	206	1510

190	207	1441

206	207	1484

190	208	1429

206	208	1492

189	209	1437

206	209	1497

187	210	1454

188	210	1452

206	210	1500

187	211	1459

188	211	1448

189	211	1449

190	211	1443

191	211	1435

192	211	1430

193	211	1426

194	211	1423

195	211	1422

196	211	1423

197	211	1425

198	211	1426

199	211	1427

200	211	1428

201	211	1432

202	211	1436

203	211	1444

204	211	1454

205	211	1470

206	211	1498

