175	163	1833

167	164	1804

168	164	1803

169	164	1812

170	164	1818

173	164	1830

174	164	1825

175	164	1817

159	165	1789

160	165	1783

161	165	1782

162	165	1784

163	165	1787

164	165	1791

165	165	1795

166	165	1796

171	165	1806

172	165	1810

175	165	1815

157	166	1802

158	166	1789

175	166	1814

156	167	1802

175	167	1814

156	168	1794

175	168	1813

155	169	1803

175	169	1814

155	170	1801

175	170	1820

155	171	1797

175	171	1824

155	172	1800

174	172	1810

155	173	1803

174	173	1811

155	174	1805

174	174	1812

155	175	1797

174	175	1821

155	176	1795

172	176	1813

173	176	1828

155	177	1796

170	177	1802

171	177	1822

155	178	1793

169	178	1813

154	179	1803

168	179	1817

154	180	1793

166	180	1805

167	180	1832

154	181	1791

165	181	1809

154	182	1791

164	182	1802

153	183	1814

164	183	1824

153	184	1809

163	184	1812

153	185	1807

163	185	1824

152	186	1815

162	186	1813

152	187	1806

162	187	1824

152	188	1799

162	188	1841

151	189	1818

161	189	1826

151	190	1816

161	190	1839

150	191	1842

161	191	1853

150	192	1832

160	192	1842

150	193	1829

160	193	1853

150	194	1823

160	194	1864

149	195	1849

150	195	1819

151	195	1806

152	195	1803

153	195	1802

154	195	1802

155	195	1803

156	195	1809

157	195	1816

158	195	1825

159	195	1843

