212	170	1465

213	170	1471

215	170	1472

216	170	1473

217	170	1468

218	170	1471

208	171	1470

209	171	1467

210	171	1455

211	171	1448

214	171	1455

219	171	1466

220	171	1469

221	171	1469

222	171	1474

223	171	1490

204	172	1432

205	172	1448

206	172	1448

207	172	1446

224	172	1472

225	172	1475

203	173	1459

226	173	1477

201	174	1463

202	174	1442

227	174	1507

200	175	1447

227	175	1480

200	176	1451

228	176	1491

200	177	1450

228	177	1486

199	178	1471

228	178	1488

199	179	1463

228	179	1492

199	180	1463

228	180	1496

199	181	1459

228	181	1503

198	182	1496

228	182	1512

199	183	1468

228	183	1544

199	184	1464

227	184	1519

199	185	1458

226	185	1506

199	186	1459

226	186	1536

199	187	1470

225	187	1534

199	188	1506

224	188	1545

199	189	1507

223	189	1554

199	190	1481

222	190	1552

198	191	1485

220	191	1518

221	191	1556

199	192	1518

219	192	1538

199	193	1494

218	193	1553

199	194	1481

217	194	1556

199	195	1466

216	195	1543

198	196	1444

215	196	1521

198	197	1473

215	197	1547

197	198	1440

214	198	1514

198	199	1464

214	199	1529

199	200	1459

214	200	1547

197	201	1496

198	201	1464

213	201	1521

196	202	1470

213	202	1536

196	203	1462

213	203	1547

195	204	1449

213	204	1556

196	205	1481

212	205	1529

197	206	1472

212	206	1538

194	207	1465

196	207	1495

212	207	1544

195	208	1459

212	208	1548

194	209	1501

212	209	1550

193	210	1473

212	210	1554

193	211	1484

211	211	1525

194	212	1489

195	212	1488

196	212	1481

197	212	1474

198	212	1467

199	212	1465

200	212	1464

201	212	1463

202	212	1463

203	212	1464

204	212	1464

205	212	1465

206	212	1467

207	212	1473

208	212	1480

209	212	1490

210	212	1505

211	212	1530

240	212	1556

