176	132	1377

175	133	1386

177	133	1386

178	133	1398

179	133	1410

181	133	1399

190	133	1424

191	133	1428

192	133	1432

169	134	1368

170	134	1380

171	134	1380

173	134	1383

174	134	1382

180	134	1397

182	134	1403

183	134	1413

184	134	1420

185	134	1420

189	134	1413

192	134	1424

168	135	1394

172	135	1380

186	135	1412

187	135	1420

188	135	1418

192	135	1422

167	136	1382

192	136	1421

166	137	1388

193	137	1436

164	138	1465

165	138	1409

192	138	1423

164	139	1395

192	139	1427

164	140	1383

192	140	1430

162	141	1427

163	141	1385

192	141	1433

164	142	1386

192	142	1442

163	143	1388

191	143	1429

163	144	1390

191	144	1433

162	145	1458

191	145	1435

163	146	1387

191	146	1432

162	147	1413

190	147	1424

163	148	1386

190	148	1428

163	149	1399

190	149	1432

164	150	1378

189	150	1423

164	151	1377

188	151	1424

189	151	1434

163	152	1383

186	152	1419

187	152	1429

162	153	1404

185	153	1426

162	154	1410

183	154	1419

184	154	1429

162	155	1408

181	155	1413

182	155	1420

162	156	1396

180	156	1414

162	157	1393

178	157	1411

179	157	1419

162	158	1389

177	158	1407

160	159	1409

161	159	1391

177	159	1415

160	160	1408

176	160	1408

160	161	1413

175	161	1410

160	162	1415

175	162	1419

160	163	1404

174	163	1416

159	164	1406

174	164	1422

159	165	1405

174	165	1430

158	166	1420

173	166	1428

158	167	1424

173	167	1438

158	168	1409

172	168	1433

157	169	1420

172	169	1438

156	170	1423

172	170	1447

156	171	1436

171	171	1444

156	172	1426

171	172	1450

155	173	1446

171	173	1453

155	174	1473

170	174	1446

155	175	1431

170	175	1455

153	176	1461

154	176	1432

170	176	1461

154	177	1427

170	177	1467

153	178	1441

169	178	1461

152	179	1460

169	179	1468

152	180	1437

169	180	1471

151	181	1463

169	181	1476

151	182	1460

168	182	1468

150	183	1463

151	183	1449

152	183	1434

153	183	1428

154	183	1424

155	183	1424

156	183	1422

157	183	1421

158	183	1421

159	183	1422

160	183	1425

161	183	1427

162	183	1427

163	183	1429

164	183	1433

165	183	1437

166	183	1442

167	183	1454

168	183	1475

