168	154	1664

169	154	1662

170	154	1665

171	154	1663

172	154	1663

173	154	1660

174	154	1664

175	154	1670

185	154	1689

166	155	1661

167	155	1658

176	155	1669

177	155	1670

178	155	1670

179	155	1674

180	155	1675

181	155	1681

182	155	1686

183	155	1691

184	155	1687

185	155	1687

165	156	1668

185	156	1688

164	157	1681

185	157	1688

164	158	1674

185	158	1687

163	159	1674

185	159	1688

163	160	1670

185	160	1687

163	161	1667

185	161	1687

163	162	1667

185	162	1686

163	163	1665

185	163	1688

163	164	1659

184	164	1681

162	165	1682

184	165	1681

162	166	1689

184	166	1684

163	167	1657

183	167	1685

184	167	1691

162	168	1677

181	168	1684

182	168	1690

162	169	1683

180	169	1689

162	170	1693

178	170	1677

179	170	1692

162	171	1670

177	171	1680

162	172	1672

176	172	1683

162	173	1665

175	173	1695

161	174	1682

174	174	1699

161	175	1683

173	175	1682

161	176	1685

172	176	1677

161	177	1671

172	177	1685

160	178	1665

172	178	1696

160	179	1676

172	179	1713

160	180	1682

171	180	1701

159	181	1704

171	181	1714

159	182	1702

171	182	1730

159	183	1697

170	183	1713

159	184	1693

170	184	1721

158	185	1716

170	185	1726

159	186	1691

170	186	1733

158	187	1701

170	187	1752

158	188	1698

169	188	1731

157	189	1723

169	189	1744

157	190	1718

168	190	1722

157	191	1713

158	191	1700

159	191	1693

160	191	1690

161	191	1689

162	191	1689

163	191	1689

164	191	1691

165	191	1694

166	191	1700

167	191	1708

168	191	1729

