175	133	1335

176	133	1385

177	133	1387

178	133	1394

179	133	1363

171	134	1378

172	134	1375

173	134	1374

174	134	1371

179	134	1389

169	135	1377

170	135	1374

180	135	1388

181	135	1390

182	135	1392

183	135	1397

166	136	1373

167	136	1372

168	136	1371

184	136	1400

185	136	1387

165	137	1368

185	137	1395

163	138	1416

164	138	1373

185	138	1401

162	139	1408

185	139	1389

162	140	1385

186	140	1408

161	141	1384

186	141	1394

162	142	1374

187	142	1390

188	142	1382

189	142	1376

190	142	1382

161	143	1395

191	143	1384

161	144	1386

191	144	1383

161	145	1393

190	145	1380

161	146	1405

190	146	1395

161	147	1410

189	147	1399

160	148	1422

188	148	1405

160	149	1420

188	149	1427

161	150	1401

187	150	1434

161	151	1408

187	151	1445

159	152	1436

160	152	1419

186	152	1433

160	153	1415

185	153	1425

186	153	1438

160	154	1415

180	154	1410

181	154	1413

182	154	1419

183	154	1424

184	154	1428

159	155	1420

176	155	1415

177	155	1414

178	155	1414

179	155	1418

158	156	1428

174	156	1432

175	156	1430

159	157	1417

173	157	1451

158	158	1429

172	158	1447

157	159	1453

172	159	1456

157	160	1437

171	160	1447

157	161	1414

171	161	1452

156	162	1416

171	162	1457

156	163	1443

170	163	1453

155	164	1469

170	164	1453

155	165	1446

170	165	1454

155	166	1436

170	166	1455

155	167	1434

169	167	1452

154	168	1447

169	168	1456

154	169	1435

169	169	1460

153	170	1438

169	170	1466

152	171	1425

169	171	1473

152	172	1433

168	172	1469

152	173	1444

168	173	1473

151	174	1459

168	174	1476

151	175	1442

168	175	1475

151	176	1434

152	176	1430

153	176	1426

154	176	1427

155	176	1426

156	176	1426

157	176	1425

158	176	1426

159	176	1426

160	176	1429

161	176	1432

162	176	1435

163	176	1438

164	176	1441

165	176	1448

166	176	1457

167	176	1470

168	176	1480

