194	151	1278

195	151	1269

196	151	1274

193	152	1270

197	152	1267

198	152	1286

201	152	1286

202	152	1282

203	152	1291

204	152	1318

187	153	1298

188	153	1268

189	153	1262

190	153	1260

191	153	1264

192	153	1262

199	153	1265

200	153	1267

204	153	1290

185	154	1302

186	154	1286

205	154	1320

182	155	1302

183	155	1273

184	155	1261

205	155	1297

181	156	1283

205	156	1277

180	157	1298

205	157	1265

180	158	1298

205	158	1253

180	159	1282

206	159	1280

179	160	1326

206	160	1284

179	161	1312

205	161	1260

179	162	1276

205	162	1273

179	163	1270

205	163	1289

179	164	1269

204	164	1266

179	165	1275

204	165	1275

179	166	1283

204	166	1287

179	167	1295

204	167	1298

178	168	1350

205	168	1345

179	169	1318

205	169	1327

180	170	1314

206	170	1354

180	171	1350

206	171	1360

181	172	1325

205	172	1337

181	173	1332

204	173	1339

181	174	1344

202	174	1333

203	174	1357

181	175	1351

200	175	1309

201	175	1332

180	176	1366

196	176	1313

197	176	1310

198	176	1315

199	176	1326

180	177	1364

193	177	1356

194	177	1361

195	177	1365

180	178	1361

192	178	1359

179	179	1366

191	179	1360

180	180	1362

191	180	1366

180	181	1366

190	181	1363

181	182	1365

189	182	1362

181	183	1366

189	183	1366

181	184	1366

188	184	1363

182	185	1362

187	185	1364

188	185	1366

182	186	1366

183	186	1362

184	186	1362

185	186	1363

186	186	1366

