184	147	1581

185	147	1581

169	148	1553

170	148	1556

171	148	1559

172	148	1558

173	148	1558

174	148	1564

175	148	1567

176	148	1565

177	148	1566

178	148	1570

183	148	1588

185	148	1585

165	149	1557

166	149	1550

167	149	1551

168	149	1552

179	149	1577

180	149	1582

181	149	1585

182	149	1590

184	149	1586

164	150	1559

185	150	1583

162	151	1528

163	151	1557

185	151	1586

162	152	1561

185	152	1590

162	153	1555

185	153	1593

161	154	1555

185	154	1593

161	155	1562

184	155	1587

161	156	1569

184	156	1589

161	157	1557

184	157	1586

161	158	1555

184	158	1586

160	159	1521

184	159	1585

161	160	1561

184	160	1590

161	161	1565

183	161	1587

161	162	1552

181	162	1588

182	162	1596

161	163	1543

179	163	1581

180	163	1595

160	164	1541

177	164	1576

178	164	1589

160	165	1551

175	165	1570

176	165	1579

160	166	1552

174	166	1570

160	167	1548

173	167	1572

159	168	1552

172	168	1568

159	169	1545

172	169	1578

159	170	1554

171	170	1571

158	171	1542

171	171	1577

158	172	1566

171	172	1588

159	173	1557

171	173	1603

158	174	1555

170	174	1588

157	175	1536

170	175	1590

157	176	1559

170	176	1595

156	177	1571

169	177	1590

156	178	1534

169	178	1596

156	179	1550

169	179	1601

156	180	1572

169	180	1604

156	181	1579

168	181	1598

155	182	1567

168	182	1602

155	183	1564

168	183	1610

155	184	1576

168	184	1616

154	185	1582

167	185	1607

154	186	1572

155	186	1580

156	186	1573

157	186	1569

158	186	1569

159	186	1570

160	186	1571

161	186	1573

162	186	1575

163	186	1579

164	186	1582

165	186	1586

166	186	1593

167	186	1611

