163	170	1742

169	170	1740

170	170	1757

160	171	1748

161	171	1737

162	171	1731

164	171	1724

165	171	1729

166	171	1735

167	171	1731

168	171	1725

171	171	1760

159	172	1748

172	172	1750

173	172	1759

159	173	1740

174	173	1747

175	173	1760

158	174	1744

176	174	1750

158	175	1743

177	175	1753

157	176	1757

178	176	1750

179	176	1749

180	176	1741

181	176	1745

157	177	1753

181	177	1741

156	178	1778

180	178	1742

156	179	1770

180	179	1757

156	180	1767

179	180	1762

156	181	1764

178	181	1765

156	182	1771

178	182	1789

155	183	1799

177	183	1790

155	184	1785

176	184	1781

154	185	1796

171	185	1759

172	185	1767

173	185	1775

174	185	1777

175	185	1788

154	186	1792

166	186	1762

167	186	1761

168	186	1760

169	186	1760

170	186	1763

153	187	1818

164	187	1795

165	187	1794

153	188	1798

163	188	1806

152	189	1817

163	189	1821

152	190	1806

162	190	1809

151	191	1836

162	191	1834

151	192	1827

161	192	1829

151	193	1823

161	193	1849

150	194	1836

160	194	1837

150	195	1824

159	195	1828

149	196	1842

159	196	1841

149	197	1828

158	197	1832

148	198	1846

158	198	1842

148	199	1839

157	199	1830

148	200	1836

157	200	1838

147	201	1847

148	201	1836

149	201	1825

150	201	1821

151	201	1819

152	201	1818

153	201	1820

154	201	1821

155	201	1826

156	201	1837

157	201	1849

