207	183	1646

208	183	1649

209	183	1650

210	183	1657

211	183	1666

212	183	1666

213	183	1668

214	183	1672

202	184	1650

203	184	1648

204	184	1645

205	184	1642

206	184	1642

215	184	1675

216	184	1670

199	185	1633

200	185	1632

201	185	1637

217	185	1666

196	186	1660

197	186	1651

198	186	1642

218	186	1669

195	187	1672

218	187	1680

195	188	1660

219	188	1685

194	189	1656

219	189	1693

194	190	1665

219	190	1705

194	191	1651

219	191	1728

194	192	1654

218	192	1707

194	193	1654

218	193	1718

194	194	1654

218	194	1739

194	195	1655

217	195	1714

194	196	1659

217	196	1748

194	197	1655

216	197	1750

194	198	1650

215	198	1749

195	199	1654

214	199	1751

194	200	1674

213	200	1743

194	201	1676

211	201	1715

212	201	1752

195	202	1674

210	202	1738

195	203	1677

209	203	1746

194	204	1682

208	204	1732

194	205	1679

207	205	1711

194	206	1683

207	206	1729

194	207	1686

207	207	1753

194	208	1689

206	208	1730

194	209	1680

206	209	1746

194	210	1680

205	210	1720

193	211	1696

205	211	1729

193	212	1691

205	212	1739

192	213	1698

205	213	1748

192	214	1697

204	214	1717

192	215	1695

204	215	1725

192	216	1692

204	216	1727

191	217	1697

204	217	1731

191	218	1696

192	218	1685

193	218	1674

194	218	1673

195	218	1671

196	218	1671

197	218	1671

198	218	1673

199	218	1675

200	218	1676

201	218	1680

202	218	1688

203	218	1706

204	218	1737

