210	167	1607

211	167	1599

212	167	1595

213	167	1593

214	167	1596

215	167	1603

216	167	1607

217	167	1603

218	167	1606

208	168	1598

209	168	1601

219	168	1606

220	168	1624

206	169	1593

207	169	1592

220	169	1618

203	170	1604

204	170	1595

205	170	1593

220	170	1611

202	171	1604

220	171	1600

202	172	1598

221	172	1619

200	173	1659

201	173	1603

221	173	1611

201	174	1601

221	174	1622

200	175	1609

220	175	1607

200	176	1614

220	176	1628

200	177	1617

220	177	1647

201	178	1612

220	178	1656

200	179	1632

220	179	1654

201	180	1637

220	180	1653

201	181	1660

220	181	1658

202	182	1662

218	182	1610

219	182	1642

202	183	1673

217	183	1619

202	184	1689

216	184	1641

201	185	1694

210	185	1694

211	185	1689

212	185	1672

213	185	1656

214	185	1655

215	185	1661

216	185	1678

201	186	1697

209	186	1699

201	187	1698

209	187	1702

202	188	1698

208	188	1697

202	189	1701

207	189	1698

202	190	1703

207	190	1702

202	191	1704

206	191	1698

207	191	1704

202	192	1704

203	192	1701

204	192	1700

205	192	1703

