169	143	1439

170	143	1438

171	143	1437

172	143	1440

173	143	1442

174	143	1444

175	143	1445

176	143	1446

177	143	1446

178	143	1448

179	143	1452

180	143	1454

181	143	1454

167	144	1457

168	144	1443

182	144	1454

183	144	1463

188	144	1476

189	144	1472

190	144	1475

191	144	1478

166	145	1468

184	145	1465

185	145	1466

186	145	1470

187	145	1474

191	145	1476

165	146	1475

191	146	1475

164	147	1419

191	147	1478

164	148	1443

191	148	1478

164	149	1443

191	149	1481

163	150	1437

190	150	1475

164	151	1432

190	151	1477

163	152	1435

190	152	1478

163	153	1442

189	153	1473

163	154	1444

190	154	1481

163	155	1443

189	155	1475

163	156	1445

189	156	1476

163	157	1448

189	157	1478

163	158	1473

188	158	1473

163	159	1473

187	159	1476

188	159	1480

162	160	1468

185	160	1476

186	160	1478

163	161	1468

183	161	1470

184	161	1477

162	162	1499

182	162	1470

163	163	1447

180	163	1460

181	163	1471

162	164	1463

178	164	1456

179	164	1459

163	165	1442

177	165	1455

162	166	1450

177	166	1453

162	167	1448

176	167	1454

161	168	1453

176	168	1463

161	169	1455

175	169	1466

160	170	1431

175	170	1474

160	171	1467

174	171	1474

160	172	1465

174	172	1480

160	173	1463

173	173	1477

160	174	1462

173	174	1483

160	175	1461

173	175	1494

159	176	1462

172	176	1490

159	177	1461

172	177	1499

157	178	1462

158	178	1465

172	178	1507

157	179	1477

171	179	1504

157	180	1480

171	180	1510

156	181	1491

171	181	1520

156	182	1487

170	182	1513

155	183	1510

170	183	1523

155	184	1491

170	184	1527

154	185	1505

170	185	1534

154	186	1501

170	186	1543

154	187	1496

170	187	1551

153	188	1503

169	188	1529

153	189	1509

154	189	1494

155	189	1485

156	189	1482

157	189	1478

158	189	1479

159	189	1478

160	189	1478

161	189	1476

162	189	1477

163	189	1478

164	189	1482

165	189	1489

166	189	1494

167	189	1501

168	189	1512

169	189	1536

