179	134	1383

172	135	1366

173	135	1366

174	135	1364

175	135	1371

176	135	1368

177	135	1368

178	135	1369

179	135	1375

182	135	1357

184	135	1361

168	136	1368

169	136	1365

170	136	1361

171	136	1359

180	136	1374

181	136	1372

183	136	1377

184	136	1390

165	137	1373

166	137	1357

167	137	1352

184	137	1382

164	138	1372

185	138	1393

164	139	1361

185	139	1384

163	140	1375

185	140	1376

163	141	1365

186	141	1385

161	142	1413

162	142	1367

186	142	1383

161	143	1398

186	143	1379

161	144	1401

187	144	1377

161	145	1401

188	145	1367

189	145	1368

162	146	1376

190	146	1364

160	147	1363

161	147	1391

190	147	1365

161	148	1401

190	148	1380

161	149	1409

189	149	1379

161	150	1407

188	150	1387

161	151	1414

188	151	1419

161	152	1410

187	152	1441

161	153	1407

187	153	1457

159	154	1357

160	154	1412

184	154	1408

186	154	1440

159	155	1400

176	155	1404

177	155	1404

178	155	1406

179	155	1407

180	155	1409

181	155	1413

182	155	1417

183	155	1419

185	155	1419

160	156	1408

174	156	1426

175	156	1420

158	157	1453

159	157	1423

173	157	1447

158	158	1421

173	158	1456

157	159	1386

172	159	1451

158	160	1419

172	160	1456

156	161	1396

157	161	1425

172	161	1461

156	162	1427

171	162	1456

156	163	1444

171	163	1462

156	164	1441

170	164	1452

155	165	1438

170	165	1456

155	166	1418

170	166	1460

154	167	1425

170	167	1465

154	168	1424

169	168	1455

154	169	1427

169	169	1458

154	170	1420

169	170	1459

153	171	1428

169	171	1469

153	172	1424

168	172	1463

152	173	1437

168	173	1469

151	174	1419

168	174	1471

151	175	1435

168	175	1478

151	176	1430

167	176	1474

150	177	1452

151	177	1433

152	177	1428

153	177	1428

154	177	1424

155	177	1424

156	177	1420

157	177	1420

158	177	1421

159	177	1423

160	177	1425

161	177	1427

162	177	1429

163	177	1433

164	177	1440

165	177	1451

166	177	1462

167	177	1478

