183	135	1459

184	135	1460

171	136	1427

182	136	1458

184	136	1457

163	137	1421

164	137	1416

165	137	1416

166	137	1422

167	137	1427

168	137	1427

169	137	1424

170	137	1425

172	137	1430

173	137	1432

174	137	1434

175	137	1441

176	137	1445

177	137	1447

178	137	1443

179	137	1443

181	137	1453

184	137	1458

160	138	1431

161	138	1424

162	138	1422

180	138	1449

184	138	1457

160	139	1425

184	139	1458

158	140	1467

159	140	1423

184	140	1458

158	141	1424

184	141	1461

158	142	1421

184	142	1460

158	143	1421

183	143	1453

157	144	1428

183	144	1451

157	145	1429

183	145	1451

156	146	1464

183	146	1453

156	147	1463

182	147	1446

156	148	1416

182	148	1449

156	149	1422

182	149	1448

156	150	1411

182	150	1453

156	151	1400

181	151	1456

182	151	1458

157	152	1417

179	152	1454

180	152	1459

156	153	1429

177	153	1451

178	153	1456

155	154	1443

175	154	1451

176	154	1455

156	155	1417

173	155	1442

174	155	1450

155	156	1434

172	156	1443

155	157	1432

171	157	1443

154	158	1470

170	158	1442

154	159	1447

169	159	1438

154	160	1450

169	160	1441

154	161	1445

168	161	1436

154	162	1437

168	162	1445

154	163	1426

168	163	1455

153	164	1429

168	164	1462

153	165	1441

168	165	1470

153	166	1447

168	166	1472

152	167	1446

167	167	1460

152	168	1445

167	168	1460

152	169	1438

167	169	1467

152	170	1433

166	170	1459

151	171	1458

166	171	1462

151	172	1438

166	172	1470

151	173	1431

166	173	1478

151	174	1429

165	174	1471

151	175	1434

165	175	1471

150	176	1448

165	176	1474

150	177	1451

165	177	1478

150	178	1440

165	178	1483

149	179	1428

164	179	1472

149	180	1436

164	180	1476

149	181	1441

164	181	1479

148	182	1444

164	182	1486

148	183	1446

164	183	1492

148	184	1450

164	184	1495

147	185	1449

164	185	1497

147	186	1453

164	186	1498

147	187	1453

164	187	1503

146	188	1452

164	188	1508

145	189	1442

146	189	1458

147	189	1454

148	189	1451

149	189	1449

150	189	1447

151	189	1446

152	189	1446

153	189	1446

154	189	1447

155	189	1449

156	189	1452

157	189	1453

158	189	1452

159	189	1452

160	189	1457

161	189	1465

162	189	1477

163	189	1494

164	189	1510

