168	137	1323

169	137	1325

171	137	1362

172	137	1361

173	137	1361

178	137	1364

167	138	1331

170	138	1346

174	138	1347

175	138	1350

176	138	1357

177	138	1356

179	138	1356

180	138	1368

165	139	1347

166	139	1339

181	139	1369

164	140	1351

182	140	1357

183	140	1372

184	140	1378

163	141	1347

185	141	1362

162	142	1362

186	142	1360

187	142	1376

190	142	1357

191	142	1352

192	142	1360

162	143	1351

188	143	1359

189	143	1353

192	143	1349

161	144	1360

192	144	1350

160	145	1404

192	145	1358

160	146	1402

192	146	1374

160	147	1397

191	147	1372

160	148	1350

191	148	1386

160	149	1354

191	149	1393

160	150	1352

190	150	1395

159	151	1378

189	151	1385

159	152	1379

189	152	1399

159	153	1375

188	153	1388

157	154	1403

158	154	1405

188	154	1400

158	155	1376

187	155	1394

158	156	1371

186	156	1395

157	157	1382

184	157	1386

185	157	1395

157	158	1391

180	158	1377

181	158	1385

182	158	1393

183	158	1397

156	159	1443

176	159	1372

177	159	1376

178	159	1379

179	159	1388

156	160	1380

173	160	1391

174	160	1386

175	160	1383

155	161	1385

172	161	1402

156	162	1382

171	162	1405

155	163	1396

170	163	1410

154	164	1401

170	164	1417

153	165	1436

169	165	1412

153	166	1402

169	166	1422

152	167	1402

168	167	1425

152	168	1393

168	168	1433

151	169	1383

168	169	1440

150	170	1410

167	170	1433

150	171	1413

167	171	1439

150	172	1412

167	172	1440

149	173	1418

166	173	1438

148	174	1420

166	174	1448

148	175	1425

165	175	1445

147	176	1413

165	176	1452

147	177	1421

164	177	1445

146	178	1428

164	178	1451

146	179	1424

163	179	1445

145	180	1433

163	180	1452

144	181	1437

162	181	1446

144	182	1428

162	182	1451

144	183	1427

161	183	1442

143	184	1432

144	184	1427

145	184	1428

146	184	1427

147	184	1426

148	184	1421

149	184	1418

150	184	1416

151	184	1419

152	184	1418

153	184	1420

154	184	1420

155	184	1422

156	184	1421

157	184	1423

158	184	1426

159	184	1432

160	184	1438

161	184	1447

