198	158	1493

199	158	1486

200	158	1487

201	158	1482

205	158	1479

206	158	1480

207	158	1489

194	159	1483

195	159	1485

196	159	1491

197	159	1486

202	159	1479

203	159	1481

204	159	1474

208	159	1495

191	160	1493

192	160	1494

193	160	1489

209	160	1532

188	161	1488

189	161	1483

190	161	1483

208	161	1498

187	162	1488

208	162	1516

186	163	1513

207	163	1494

186	164	1497

207	164	1501

185	165	1510

207	165	1515

185	166	1500

206	166	1495

185	167	1499

206	167	1498

184	168	1555

206	168	1499

184	169	1560

207	169	1538

185	170	1501

207	170	1522

185	171	1491

208	171	1558

184	172	1503

185	172	1487

208	172	1557

186	173	1487

207	173	1524

186	174	1495

206	174	1518

185	175	1525

205	175	1519

186	176	1521

205	176	1550

187	177	1508

204	177	1538

187	178	1527

203	178	1533

188	179	1519

202	179	1544

188	180	1531

200	180	1556

201	180	1577

187	181	1546

199	181	1574

186	182	1556

199	182	1594

185	183	1561

198	183	1583

185	184	1563

197	184	1586

185	185	1572

196	185	1590

185	186	1577

195	186	1589

184	187	1577

195	187	1595

184	188	1578

195	188	1598

183	189	1589

194	189	1589

183	190	1596

194	190	1592

183	191	1599

184	191	1590

185	191	1580

186	191	1574

187	191	1569

188	191	1569

189	191	1570

190	191	1575

191	191	1579

192	191	1582

193	191	1587

