237	166	1664

237	167	1676

238	167	1672

240	167	1696

237	168	1677

219	179	1585

220	179	1578

221	179	1587

224	179	1595

225	179	1601

226	179	1609

218	180	1582

222	180	1587

223	180	1590

227	180	1604

228	180	1604

229	180	1607

230	180	1617

213	181	1567

214	181	1571

215	181	1577

216	181	1582

217	181	1582

231	181	1610

232	181	1619

212	182	1575

233	182	1615

210	183	1568

211	183	1589

233	183	1604

210	184	1586

234	184	1622

209	185	1575

235	185	1637

209	186	1584

235	186	1624

209	187	1586

235	187	1632

208	188	1582

235	188	1649

208	189	1593

234	189	1629

207	190	1578

234	190	1639

208	191	1585

234	191	1662

208	192	1596

233	192	1642

208	193	1590

233	193	1666

208	194	1601

232	194	1650

208	195	1618

231	195	1660

209	196	1589

230	196	1680

208	197	1591

229	197	1687

208	198	1604

227	198	1657

228	198	1696

208	199	1594

225	199	1645

226	199	1681

208	200	1577

224	200	1668

208	201	1584

223	201	1672

208	202	1590

222	202	1659

207	203	1581

222	203	1684

208	204	1600

221	204	1653

207	205	1633

221	205	1674

207	206	1621

221	206	1696

207	207	1613

220	207	1669

207	208	1610

220	208	1682

206	209	1612

220	209	1692

206	210	1608

219	210	1665

206	211	1608

219	211	1673

205	212	1612

219	212	1683

205	213	1617

219	213	1689

205	214	1621

219	214	1696

204	215	1626

218	215	1667

204	216	1632

205	216	1629

206	216	1620

207	216	1614

208	216	1608

209	216	1610

210	216	1609

211	216	1608

212	216	1608

213	216	1610

214	216	1614

215	216	1620

216	216	1629

217	216	1645

218	216	1670

