205	161	1538

206	161	1540

211	161	1531

212	161	1530

200	162	1540

201	162	1545

202	162	1546

203	162	1543

204	162	1533

207	162	1527

208	162	1531

209	162	1532

210	162	1526

213	162	1532

214	162	1551

198	163	1541

199	163	1534

214	163	1547

195	164	1539

196	164	1540

197	164	1542

214	164	1555

193	165	1525

194	165	1541

214	165	1564

193	166	1544

213	166	1544

192	167	1561

213	167	1555

192	168	1555

213	168	1574

192	169	1549

212	169	1553

191	170	1564

212	170	1561

191	171	1556

212	171	1557

191	172	1572

213	172	1587

192	173	1558

213	173	1572

192	174	1558

213	174	1568

192	175	1558

213	175	1574

192	176	1568

212	176	1565

192	177	1594

211	177	1569

193	178	1574

211	178	1599

193	179	1615

210	179	1586

194	180	1576

209	180	1582

195	181	1577

208	181	1594

195	182	1590

207	182	1627

195	183	1594

206	183	1646

195	184	1596

205	184	1633

194	185	1617

204	185	1632

193	186	1624

204	186	1653

193	187	1623

203	187	1653

192	188	1625

202	188	1646

192	189	1635

202	189	1649

192	190	1647

201	190	1641

192	191	1652

201	191	1642

192	192	1649

193	192	1638

194	192	1631

195	192	1625

196	192	1625

197	192	1625

198	192	1628

199	192	1631

200	192	1637

201	192	1648

