176	135	1363

177	135	1366

178	135	1370

168	136	1371

169	136	1367

170	136	1357

171	136	1358

172	136	1359

173	136	1362

174	136	1363

175	136	1361

179	136	1367

166	137	1363

167	137	1356

180	137	1367

181	137	1372

182	137	1374

183	137	1374

184	137	1372

164	138	1337

165	138	1356

184	138	1374

163	139	1369

185	139	1388

163	140	1370

185	140	1382

164	141	1351

185	141	1376

163	142	1354

186	142	1389

162	143	1361

186	143	1381

161	144	1391

186	144	1376

161	145	1372

187	145	1367

161	146	1380

188	146	1349

189	146	1353

162	147	1361

190	147	1362

162	148	1368

190	148	1369

162	149	1374

189	149	1364

161	150	1399

189	150	1389

160	151	1395

188	151	1408

160	152	1406

187	152	1431

160	153	1414

187	153	1451

160	154	1414

185	154	1413

186	154	1435

159	155	1383

181	155	1401

182	155	1401

183	155	1401

184	155	1405

159	156	1416

177	156	1402

178	156	1405

179	156	1408

180	156	1410

159	157	1425

174	157	1432

175	157	1421

176	157	1417

158	158	1467

173	158	1446

158	159	1444

173	159	1455

157	160	1444

172	160	1453

157	161	1396

172	161	1457

157	162	1415

171	162	1447

157	163	1416

171	163	1452

156	164	1427

171	164	1463

155	165	1415

170	165	1451

156	166	1416

170	166	1456

154	167	1387

155	167	1420

170	167	1460

154	168	1415

170	168	1467

154	169	1425

169	169	1457

154	170	1425

169	170	1462

153	171	1438

169	171	1465

153	172	1433

169	172	1469

152	173	1435

169	173	1472

152	174	1427

168	174	1463

151	175	1435

168	175	1465

150	176	1453

151	176	1443

152	176	1431

153	176	1428

154	176	1426

155	176	1424

156	176	1423

157	176	1421

158	176	1421

159	176	1420

160	176	1422

161	176	1424

162	176	1428

163	176	1430

164	176	1434

165	176	1441

166	176	1451

167	176	1462

168	176	1470

