165	164	1703

166	164	1696

167	164	1694

168	164	1695

161	165	1694

162	165	1684

163	165	1682

164	165	1684

169	165	1692

170	165	1695

171	165	1694

172	165	1693

173	165	1698

174	165	1703

179	165	1706

180	165	1705

160	166	1699

175	166	1699

176	166	1701

177	166	1707

178	166	1707

180	166	1701

159	167	1702

180	167	1704

159	168	1695

180	168	1705

158	169	1695

180	169	1710

158	170	1692

180	170	1712

158	171	1692

180	171	1715

157	172	1711

179	172	1703

157	173	1705

179	173	1705

157	174	1704

179	174	1712

157	175	1702

179	175	1716

157	176	1695

178	176	1709

157	177	1693

178	177	1716

157	178	1694

177	178	1715

157	179	1702

175	179	1717

176	179	1729

157	180	1699

173	180	1710

174	180	1728

156	181	1707

171	181	1704

172	181	1715

156	182	1702

170	182	1712

156	183	1700

169	183	1722

155	184	1721

168	184	1729

155	185	1715

167	185	1728

155	186	1716

167	186	1746

155	187	1721

166	187	1741

154	188	1734

165	188	1736

154	189	1729

165	189	1752

154	190	1722

165	190	1768

154	191	1724

164	191	1752

153	192	1735

164	192	1767

153	193	1735

163	193	1756

152	194	1765

163	194	1768

152	195	1760

163	195	1780

152	196	1756

163	196	1796

151	197	1778

162	197	1780

151	198	1768

162	198	1788

150	199	1794

161	199	1773

150	200	1783

151	200	1760

152	200	1749

153	200	1744

154	200	1741

155	200	1741

156	200	1743

157	200	1744

158	200	1746

159	200	1751

160	200	1762

161	200	1780

