163	175	1720

164	175	1720

167	175	1739

168	175	1734

169	175	1737

159	176	1718

160	176	1710

161	176	1706

162	176	1708

165	176	1701

166	176	1706

170	176	1737

158	177	1715

171	177	1734

172	177	1746

173	177	1754

157	178	1725

174	178	1746

156	179	1728

175	179	1751

156	180	1718

175	180	1736

156	181	1715

176	181	1738

155	182	1740

177	182	1729

178	182	1722

155	183	1738

179	183	1711

155	184	1734

179	184	1715

155	185	1730

179	185	1731

155	186	1732

178	186	1741

154	187	1775

177	187	1750

153	188	1799

176	188	1766

153	189	1778

175	189	1775

152	190	1788

171	190	1742

172	190	1746

173	190	1754

174	190	1764

151	191	1812

164	191	1737

165	191	1739

166	191	1737

167	191	1740

168	191	1741

169	191	1744

170	191	1748

151	192	1793

162	192	1777

163	192	1775

150	193	1815

161	193	1805

150	194	1801

160	194	1805

150	195	1799

159	195	1810

149	196	1816

158	196	1804

149	197	1815

158	197	1823

149	198	1810

157	198	1817

148	199	1823

156	199	1811

148	200	1813

156	200	1817

148	201	1813

155	201	1819

147	202	1823

148	202	1816

154	202	1820

149	203	1822

153	203	1820

150	204	1824

151	204	1822

152	204	1823

