235	167	1675

236	167	1703

237	167	1642

238	167	1700

237	168	1703

238	168	1735

215	181	1630

216	181	1631

217	181	1633

218	181	1638

219	181	1647

220	181	1649

221	181	1650

222	181	1655

209	182	1631

210	182	1628

211	182	1626

212	182	1625

213	182	1625

214	182	1628

223	182	1649

224	182	1650

225	182	1648

206	183	1616

207	183	1614

208	183	1615

225	183	1651

204	184	1634

205	184	1623

225	184	1654

203	185	1643

226	185	1663

202	186	1637

226	186	1662

202	187	1636

227	187	1669

202	188	1632

227	188	1672

202	189	1632

227	189	1678

201	190	1623

226	190	1674

201	191	1628

226	191	1694

201	192	1629

226	192	1726

201	193	1614

225	193	1699

201	194	1625

225	194	1730

201	195	1642

224	195	1722

202	196	1629

223	196	1730

202	197	1630

222	197	1729

202	198	1632

221	198	1724

202	199	1636

219	199	1695

220	199	1732

202	200	1652

218	200	1713

202	201	1642

217	201	1718

202	202	1655

216	202	1711

202	203	1651

215	203	1693

202	204	1647

215	204	1717

202	205	1642

214	205	1688

202	206	1649

214	206	1705

201	207	1670

214	207	1727

201	208	1658

213	208	1700

201	209	1656

213	209	1712

200	210	1660

213	210	1723

200	211	1666

212	211	1697

200	212	1666

212	212	1703

200	213	1667

212	213	1708

199	214	1676

212	214	1716

199	215	1682

212	215	1723

199	216	1676

200	216	1661

201	216	1653

202	216	1646

203	216	1644

204	216	1643

205	216	1645

206	216	1645

207	216	1647

208	216	1652

209	216	1662

210	216	1678

211	216	1697

212	216	1729

