206	168	1441

207	168	1431

208	168	1431

209	168	1438

210	168	1451

211	168	1452

212	168	1451

213	168	1453

214	168	1461

215	168	1441

216	168	1466

217	168	1467

203	169	1435

204	169	1427

205	169	1422

218	169	1457

219	169	1466

199	170	1438

200	170	1427

201	170	1421

202	170	1419

220	170	1446

221	170	1449

222	170	1472

197	171	1426

198	171	1427

222	171	1456

196	172	1441

223	172	1478

195	173	1461

223	173	1461

195	174	1439

224	174	1474

195	175	1428

224	175	1470

194	176	1462

224	176	1472

195	177	1422

224	177	1475

193	178	1417

194	178	1415

224	178	1478

194	179	1434

224	179	1486

194	180	1434

224	180	1496

194	181	1438

224	181	1530

194	182	1448

223	182	1502

194	183	1452

222	183	1485

193	184	1479

194	184	1437

222	184	1513

192	185	1419

193	185	1442

195	185	1420

221	185	1515

194	186	1447

219	186	1493

220	186	1525

194	187	1459

218	187	1498

195	188	1439

217	188	1496

195	189	1446

216	189	1503

194	190	1472

214	190	1490

215	190	1517

194	191	1471

213	191	1502

194	192	1482

212	192	1499

193	193	1440

211	193	1488

193	194	1460

211	194	1517

193	195	1451

210	195	1494

193	196	1475

210	196	1516

193	197	1453

209	197	1491

192	198	1468

209	198	1509

193	199	1455

209	199	1526

191	200	1451

192	200	1456

208	200	1504

191	201	1441

208	201	1516

192	202	1443

208	202	1524

191	203	1443

208	203	1528

191	204	1434

207	204	1502

190	205	1463

207	205	1510

190	206	1473

207	206	1514

189	207	1448

207	207	1524

188	208	1474

207	208	1526

187	209	1477

188	209	1478

189	209	1444

190	209	1447

191	209	1444

192	209	1442

193	209	1438

194	209	1435

195	209	1434

196	209	1435

197	209	1436

198	209	1437

199	209	1438

200	209	1440

201	209	1443

202	209	1449

203	209	1456

204	209	1465

205	209	1476

206	209	1498

207	209	1530

234	209	1530

