166	170	1750

160	171	1776

161	171	1745

162	171	1736

163	171	1731

164	171	1729

165	171	1729

167	171	1734

168	171	1742

169	171	1752

170	171	1753

171	171	1756

172	171	1764

160	172	1746

173	172	1758

159	173	1752

174	173	1752

175	173	1768

158	174	1758

176	174	1747

177	174	1762

158	175	1750

178	175	1762

158	176	1747

179	176	1747

180	176	1737

181	176	1736

157	177	1752

181	177	1737

157	178	1759

181	178	1750

156	179	1781

180	179	1753

156	180	1774

179	180	1756

156	181	1772

178	181	1766

156	182	1780

177	182	1764

156	183	1787

177	183	1778

155	184	1800

176	184	1773

155	185	1783

172	185	1761

173	185	1763

174	185	1768

175	185	1777

154	186	1794

166	186	1760

167	186	1759

168	186	1761

169	186	1764

170	186	1771

171	186	1776

154	187	1791

165	187	1784

153	188	1818

164	188	1806

153	189	1805

163	189	1802

152	190	1832

163	190	1826

152	191	1817

162	191	1824

151	192	1840

161	192	1816

151	193	1827

161	193	1832

150	194	1844

160	194	1825

150	195	1829

160	195	1838

150	196	1822

159	196	1826

149	197	1841

159	197	1841

149	198	1831

158	198	1831

148	199	1848

158	199	1842

148	200	1838

157	200	1831

148	201	1837

157	201	1838

147	202	1848

148	202	1836

149	202	1825

150	202	1821

151	202	1817

152	202	1818

153	202	1818

154	202	1825

155	202	1829

156	202	1838

157	202	1847

