206	166	1628

207	166	1625

208	166	1626

209	166	1627

210	166	1636

211	166	1637

212	166	1636

213	166	1635

202	167	1640

203	167	1640

204	167	1637

205	167	1629

214	167	1646

199	168	1654

200	168	1649

201	168	1639

215	168	1673

197	169	1642

198	169	1642

214	169	1661

196	170	1645

214	170	1672

195	171	1664

214	171	1690

195	172	1655

214	172	1705

194	173	1646

213	173	1684

194	174	1638

213	174	1682

194	175	1652

213	175	1672

194	176	1662

214	176	1711

194	177	1680

214	177	1694

194	178	1656

214	178	1694

195	179	1669

213	179	1672

195	180	1673

213	180	1694

195	181	1685

212	181	1690

196	182	1676

211	182	1683

196	183	1687

211	183	1710

197	184	1687

210	184	1711

198	185	1690

209	185	1729

198	186	1701

208	186	1750

198	187	1702

207	187	1735

197	188	1725

207	188	1748

197	189	1733

206	189	1742

197	190	1733

205	190	1745

196	191	1738

205	191	1755

196	192	1730

204	192	1746

195	193	1744

204	193	1751

195	194	1740

204	194	1757

194	195	1759

195	195	1740

196	195	1732

197	195	1727

198	195	1727

199	195	1728

200	195	1731

201	195	1733

202	195	1738

203	195	1749

