216	171	1515

217	171	1517

209	172	1515

210	172	1508

211	172	1501

212	172	1500

213	172	1502

214	172	1508

215	172	1505

218	172	1509

219	172	1517

220	172	1525

221	172	1531

222	172	1541

207	173	1508

208	173	1503

223	173	1535

224	173	1537

225	173	1544

204	174	1505

205	174	1500

206	174	1496

226	174	1546

203	175	1491

226	175	1532

202	176	1491

227	176	1551

201	177	1494

227	177	1534

201	178	1491

228	178	1545

201	179	1495

228	179	1543

200	180	1492

228	180	1551

200	181	1500

228	181	1559

200	182	1500

228	182	1560

199	183	1515

227	183	1541

200	184	1486

227	184	1558

228	184	1572

199	185	1494

226	185	1546

199	186	1498

226	186	1566

199	187	1519

226	187	1600

200	188	1491

224	188	1568

225	188	1602

200	189	1513

223	189	1577

200	190	1541

222	190	1579

200	191	1525

221	191	1582

200	192	1511

219	192	1556

220	192	1590

200	193	1530

218	193	1569

200	194	1520

217	194	1583

200	195	1514

216	195	1574

200	196	1506

215	196	1556

200	197	1502

215	197	1580

199	198	1513

214	198	1558

199	199	1521

214	199	1575

199	200	1506

214	200	1592

198	201	1494

213	201	1568

199	202	1500

213	202	1582

197	203	1491

199	203	1504

213	203	1593

198	204	1509

213	204	1600

198	205	1510

212	205	1574

197	206	1505

212	206	1583

197	207	1507

212	207	1589

197	208	1515

212	208	1594

196	209	1531

212	209	1597

196	210	1521

212	210	1600

193	211	1489

195	211	1524

196	211	1525

197	211	1528

198	211	1525

199	211	1520

200	211	1517

201	211	1516

202	211	1516

203	211	1515

204	211	1516

205	211	1516

206	211	1517

207	211	1520

208	211	1525

209	211	1536

210	211	1549

211	211	1574

