191	137	1337

175	138	1343

176	138	1348

190	138	1353

192	138	1375

169	139	1332

170	139	1330

171	139	1331

172	139	1338

173	139	1333

174	139	1332

177	139	1336

178	139	1345

179	139	1350

180	139	1352

181	139	1354

190	139	1353

192	139	1366

166	140	1331

167	140	1330

168	140	1327

182	140	1342

183	140	1351

184	140	1354

185	140	1359

189	140	1357

192	140	1365

164	141	1350

165	141	1336

186	141	1352

187	141	1359

188	141	1360

192	141	1368

163	142	1348

192	142	1373

162	143	1349

192	143	1378

162	144	1345

192	144	1384

162	145	1354

192	145	1393

162	146	1353

192	146	1402

161	147	1372

191	147	1390

162	148	1346

191	148	1400

161	149	1343

190	149	1379

162	150	1337

190	150	1385

161	151	1351

190	151	1393

161	152	1350

189	152	1379

160	153	1377

189	153	1383

160	154	1404

189	154	1389

160	155	1388

189	155	1399

160	156	1391

187	156	1386

188	156	1395

159	157	1442

186	157	1394

159	158	1404

183	158	1382

184	158	1393

185	158	1409

159	159	1388

182	159	1381

158	160	1408

179	160	1374

180	160	1381

181	160	1387

158	161	1381

177	161	1382

178	161	1383

157	162	1383

176	162	1396

156	163	1383

175	163	1394

156	164	1382

174	164	1393

156	165	1381

173	165	1394

155	166	1376

172	166	1397

155	167	1370

171	167	1399

154	168	1380

170	168	1399

154	169	1386

170	169	1412

153	170	1389

169	170	1411

151	171	1381

152	171	1390

169	171	1424

151	172	1396

168	172	1420

150	173	1411

168	173	1432

149	174	1408

168	174	1442

149	175	1396

167	175	1438

149	176	1400

167	176	1441

148	177	1405

166	177	1442

147	178	1406

166	178	1452

147	179	1407

165	179	1450

146	180	1409

164	180	1445

144	181	1430

145	181	1420

164	181	1453

144	182	1429

163	182	1448

144	183	1433

162	183	1444

144	184	1430

162	184	1451

142	185	1452

143	185	1434

161	185	1445

142	186	1452

161	186	1451

142	187	1441

160	187	1447

141	188	1433

160	188	1451

141	189	1438

142	189	1440

143	189	1437

144	189	1431

145	189	1428

146	189	1426

147	189	1427

148	189	1426

149	189	1425

150	189	1425

151	189	1427

152	189	1425

153	189	1426

154	189	1427

155	189	1430

156	189	1431

157	189	1432

158	189	1437

159	189	1445

