177	134	1363

178	134	1362

179	134	1367

172	135	1359

173	135	1358

174	135	1349

175	135	1354

176	135	1364

180	135	1363

183	135	1344

168	136	1361

169	136	1358

170	136	1355

171	136	1353

181	136	1362

182	136	1364

184	136	1380

166	137	1350

167	137	1345

185	137	1381

165	138	1355

185	138	1373

165	139	1351

186	139	1391

163	140	1366

164	140	1350

186	140	1386

162	141	1392

186	141	1378

163	142	1356

186	142	1371

163	143	1359

187	143	1388

162	144	1363

187	144	1375

162	145	1362

188	145	1359

189	145	1355

190	145	1361

162	146	1367

191	146	1361

162	147	1369

191	147	1366

162	148	1377

190	148	1365

160	149	1390

161	149	1386

190	149	1386

160	150	1362

189	150	1395

161	151	1397

188	151	1409

161	152	1408

188	152	1440

162	153	1401

187	153	1438

161	154	1402

185	154	1404

186	154	1418

187	154	1436

160	155	1420

179	155	1396

180	155	1399

182	155	1403

183	155	1405

184	155	1412

159	156	1443

175	156	1417

176	156	1410

177	156	1403

178	156	1403

181	156	1412

159	157	1398

174	157	1439

158	158	1351

174	158	1449

158	159	1391

173	159	1450

157	160	1455

173	160	1450

158	161	1415

172	161	1446

158	162	1418

172	162	1455

157	163	1423

171	163	1450

156	164	1430

171	164	1454

155	165	1426

171	165	1459

155	166	1443

170	166	1451

155	167	1433

170	167	1455

155	168	1421

170	168	1456

153	169	1446

154	169	1426

170	169	1460

153	170	1435

169	170	1456

153	171	1412

169	171	1460

152	172	1423

169	172	1465

152	173	1421

169	173	1470

151	174	1444

168	174	1463

151	175	1429

168	175	1466

150	176	1426

151	176	1433

152	176	1429

153	176	1424

154	176	1422

155	176	1419

156	176	1419

157	176	1418

158	176	1419

159	176	1419

160	176	1421

161	176	1425

162	176	1428

163	176	1431

164	176	1434

165	176	1441

166	176	1448

167	176	1458

168	176	1468

