212	166	1590

213	166	1595

214	166	1599

215	166	1603

216	166	1605

218	166	1606

210	167	1599

211	167	1592

217	167	1600

219	167	1606

220	167	1622

207	168	1602

208	168	1595

209	168	1594

220	168	1614

204	169	1598

205	169	1596

206	169	1599

221	169	1628

202	170	1604

203	170	1599

221	170	1619

202	171	1597

221	171	1612

201	172	1638

221	172	1606

201	173	1596

221	173	1607

201	174	1603

221	174	1619

201	175	1607

220	175	1605

201	176	1615

220	176	1616

201	177	1624

220	177	1629

201	178	1634

220	178	1643

202	179	1627

220	179	1648

202	180	1642

220	180	1650

202	181	1672

220	181	1652

202	182	1686

218	182	1628

219	182	1652

202	183	1697

217	183	1638

202	184	1701

216	184	1655

202	185	1701

211	185	1685

212	185	1676

213	185	1671

214	185	1667

215	185	1678

202	186	1701

210	186	1698

202	187	1698

209	187	1701

201	188	1705

208	188	1703

202	189	1699

207	189	1698

203	190	1699

207	190	1704

203	191	1704

206	191	1701

204	192	1703

205	192	1704

