239	166	1581

238	167	1575

240	167	1569

239	168	1567

213	171	1486

214	171	1479

215	171	1474

216	171	1476

217	171	1484

218	171	1490

219	171	1483

220	171	1485

221	171	1492

222	171	1504

223	171	1506

224	171	1508

225	171	1510

211	172	1470

212	172	1477

226	172	1498

227	172	1502

228	172	1511

207	173	1485

208	173	1477

209	173	1470

210	173	1466

229	173	1507

205	174	1480

206	174	1476

229	174	1492

205	175	1471

230	175	1513

204	176	1475

231	176	1524

203	177	1484

231	177	1504

203	178	1486

231	178	1501

203	179	1477

231	179	1508

202	180	1516

231	180	1512

202	181	1506

231	181	1517

202	182	1488

231	182	1526

202	183	1497

231	183	1544

202	184	1497

230	184	1534

202	185	1503

230	185	1560

202	186	1488

229	186	1539

202	187	1511

228	187	1537

203	188	1478

227	188	1548

203	189	1484

226	189	1558

203	190	1505

225	190	1557

202	191	1518

204	191	1473

224	191	1558

202	192	1441

203	192	1473

222	192	1538

223	192	1578

203	193	1484

221	193	1554

204	194	1474

220	194	1563

203	195	1489

219	195	1553

202	196	1491

218	196	1536

203	197	1476

218	197	1556

202	198	1490

218	198	1572

201	199	1481

217	199	1540

201	200	1503

217	200	1558

202	201	1488

217	201	1575

201	202	1523

216	202	1542

200	203	1500

216	203	1556

199	204	1473

216	204	1568

200	205	1493

216	205	1578

199	206	1507

215	206	1552

199	207	1496

215	207	1560

199	208	1513

215	208	1566

199	209	1503

215	209	1567

199	210	1502

215	210	1572

198	211	1518

199	211	1504

200	211	1497

201	211	1494

202	211	1490

203	211	1487

204	211	1486

205	211	1486

206	211	1487

207	211	1487

208	211	1488

209	211	1489

210	211	1493

211	211	1497

212	211	1504

213	211	1519

214	211	1542

215	211	1577

