204	182	1716

205	182	1710

206	182	1709

207	182	1707

208	182	1715

209	182	1718

210	182	1721

211	182	1719

212	182	1723

213	182	1732

214	182	1734

215	182	1734

201	183	1704

202	183	1706

203	183	1711

216	183	1734

217	183	1732

198	184	1731

199	184	1718

200	184	1712

218	184	1733

197	185	1738

219	185	1736

197	186	1724

219	186	1735

196	187	1749

220	187	1742

196	188	1716

219	188	1742

196	189	1724

219	189	1746

196	190	1720

220	190	1759

196	191	1722

220	191	1788

196	192	1723

219	192	1777

196	193	1722

219	193	1808

196	194	1719

218	194	1783

196	195	1725

217	195	1785

218	195	1827

196	196	1727

216	196	1801

196	197	1727

215	197	1812

196	198	1731

214	198	1816

196	199	1735

212	199	1783

213	199	1822

196	200	1737

211	200	1810

196	201	1732

210	201	1819

196	202	1729

209	202	1809

196	203	1729

208	203	1788

196	204	1732

208	204	1810

195	205	1751

207	205	1782

195	206	1750

207	206	1801

195	207	1746

207	207	1822

194	208	1754

206	208	1791

194	209	1759

206	209	1804

194	210	1756

206	210	1813

193	211	1770

206	211	1821

193	212	1760

205	212	1790

193	213	1755

205	213	1798

193	214	1752

205	214	1806

192	215	1764

205	215	1811

192	216	1766

193	216	1748

194	216	1737

195	216	1731

196	216	1730

197	216	1732

198	216	1733

199	216	1733

200	216	1735

201	216	1741

202	216	1750

203	216	1761

204	216	1782

205	216	1815

