205	168	1426

206	168	1421

207	168	1422

208	168	1424

209	168	1432

210	168	1432

211	168	1430

212	168	1434

213	168	1444

215	168	1442

216	168	1442

217	168	1459

201	169	1436

202	169	1433

203	169	1423

204	169	1407

214	169	1428

218	169	1450

199	170	1409

200	170	1403

219	170	1428

220	170	1434

195	171	1417

196	171	1391

197	171	1412

198	171	1404

221	171	1447

195	172	1411

221	172	1436

194	173	1412

222	173	1452

194	174	1402

223	174	1464

194	175	1407

223	175	1447

194	176	1405

223	176	1445

193	177	1417

223	177	1452

193	178	1436

223	178	1456

193	179	1416

223	179	1461

193	180	1409

223	180	1473

193	181	1404

223	181	1511

193	182	1416

222	182	1487

193	183	1417

221	183	1468

191	184	1447

192	184	1487

221	184	1496

191	185	1476

193	185	1408

220	185	1488

194	186	1408

219	186	1495

192	187	1453

193	187	1435

218	187	1510

192	188	1473

216	188	1472

217	188	1514

193	189	1446

215	189	1478

192	190	1438

214	190	1490

193	191	1491

212	191	1474

213	191	1509

192	192	1479

211	192	1480

192	193	1462

211	193	1515

192	194	1420

210	194	1495

192	195	1397

209	195	1469

192	196	1421

209	196	1486

192	197	1430

209	197	1512

192	198	1447

208	198	1488

192	199	1454

208	199	1502

191	200	1466

208	200	1515

190	201	1443

207	201	1489

191	202	1423

207	202	1497

191	203	1438

207	203	1507

190	204	1443

207	204	1512

189	205	1412

206	205	1486

190	206	1434

206	206	1489

187	207	1455

188	207	1448

189	207	1434

206	207	1495

188	208	1440

206	208	1498

188	209	1448

206	209	1500

187	210	1456

206	210	1502

187	211	1442

188	211	1442

189	211	1440

190	211	1436

191	211	1433

192	211	1430

193	211	1428

194	211	1426

195	211	1424

196	211	1425

197	211	1426

198	211	1427

199	211	1428

200	211	1429

201	211	1433

202	211	1439

203	211	1447

204	211	1457

205	211	1475

206	211	1506

