170	133	1351

171	133	1394

172	133	1390

173	133	1347

176	133	1399

177	133	1402

178	133	1407

167	134	1383

168	134	1383

169	134	1383

174	134	1396

175	134	1399

179	134	1411

165	135	1392

166	135	1384

180	135	1419

181	135	1421

182	135	1424

163	136	1363

164	136	1399

183	136	1425

163	137	1391

184	137	1416

162	138	1390

185	138	1402

189	138	1390

190	138	1387

191	138	1398

162	139	1390

186	139	1397

187	139	1386

188	139	1394

191	139	1394

162	140	1388

191	140	1394

161	141	1395

191	141	1401

161	142	1393

190	142	1404

160	143	1411

190	143	1414

159	144	1406

160	144	1417

189	144	1415

159	145	1406

161	145	1397

188	145	1415

160	146	1402

188	146	1428

160	147	1402

188	147	1441

160	148	1405

187	148	1433

158	149	1448

159	149	1416

186	149	1425

158	150	1475

186	150	1429

158	151	1442

186	151	1436

158	152	1428

185	152	1433

158	153	1442

180	153	1426

181	153	1429

182	153	1432

183	153	1433

184	153	1439

157	154	1483

176	154	1419

177	154	1418

178	154	1423

179	154	1428

157	155	1437

175	155	1425

157	156	1455

173	156	1439

174	156	1430

157	157	1431

172	157	1445

156	158	1439

171	158	1441

157	159	1432

171	159	1446

156	160	1445

170	160	1444

156	161	1435

170	161	1445

156	162	1422

170	162	1449

155	163	1433

169	163	1447

155	164	1424

169	164	1451

155	165	1438

169	165	1452

154	166	1457

169	166	1450

154	167	1457

169	167	1456

154	168	1443

168	168	1454

153	169	1470

168	169	1458

153	170	1447

168	170	1461

153	171	1432

168	171	1465

152	172	1437

168	172	1471

152	173	1438

168	173	1478

152	174	1445

168	174	1482

151	175	1455

152	175	1444

153	175	1433

154	175	1430

155	175	1428

156	175	1430

157	175	1429

158	175	1428

159	175	1428

160	175	1429

161	175	1433

162	175	1436

163	175	1440

164	175	1445

165	175	1452

166	175	1461

167	175	1473

