206	155	1435

207	155	1427

208	155	1427

209	155	1443

213	155	1430

214	155	1424

215	155	1426

216	155	1445

202	156	1441

203	156	1447

204	156	1452

205	156	1435

210	156	1422

211	156	1431

212	156	1421

217	156	1449

198	157	1449

199	157	1453

200	157	1443

201	157	1433

217	157	1441

196	158	1440

197	158	1430

217	158	1444

195	159	1435

217	159	1454

194	160	1428

217	160	1469

194	161	1416

216	161	1440

194	162	1417

216	162	1452

193	163	1423

216	163	1475

192	164	1449

215	164	1454

193	165	1422

215	165	1457

192	166	1450

215	166	1451

192	167	1403

215	167	1441

193	168	1424

216	168	1461

192	169	1452

216	169	1458

193	170	1432

216	170	1464

192	171	1465

193	171	1441

216	171	1482

194	172	1435

215	172	1470

193	173	1470

214	173	1467

194	174	1450

213	174	1461

194	175	1450

213	175	1492

194	176	1520

212	176	1489

195	177	1484

210	177	1478

211	177	1499

195	178	1484

209	178	1511

195	179	1486

208	179	1527

193	180	1486

194	180	1498

207	180	1513

193	181	1491

207	181	1525

193	182	1500

206	182	1525

192	183	1513

205	183	1531

192	184	1504

205	184	1539

192	185	1506

204	185	1528

192	186	1510

204	186	1529

191	187	1531

204	187	1537

192	188	1532

203	188	1531

192	189	1533

203	189	1537

191	190	1537

202	190	1530

191	191	1534

192	191	1526

193	191	1520

194	191	1512

195	191	1512

196	191	1514

197	191	1518

198	191	1522

199	191	1525

200	191	1527

201	191	1529

202	191	1535

