217	162	1606

218	162	1614

213	163	1607

214	163	1608

215	163	1587

216	163	1584

219	163	1598

220	163	1596

221	163	1582

222	163	1577

223	163	1581

224	163	1587

225	163	1588

211	164	1604

212	164	1600

225	164	1597

207	165	1592

208	165	1593

209	165	1594

210	165	1588

225	165	1604

207	166	1589

225	166	1614

206	167	1586

225	167	1609

206	168	1590

224	168	1601

204	169	1617

205	169	1606

224	169	1614

204	170	1613

224	170	1628

204	171	1596

224	171	1635

204	172	1596

225	172	1626

204	173	1598

225	173	1649

204	174	1605

225	174	1632

204	175	1605

225	175	1637

204	176	1610

225	176	1661

204	177	1625

224	177	1644

205	178	1617

223	178	1639

205	179	1618

222	179	1636

205	180	1599

206	180	1611

222	180	1662

207	181	1619

221	181	1651

207	182	1638

220	182	1662

208	183	1646

218	183	1680

219	183	1695

208	184	1659

217	184	1694

208	185	1663

217	185	1702

208	186	1664

216	186	1696

207	187	1675

215	187	1695

207	188	1679

215	188	1705

207	189	1681

214	189	1700

206	190	1697

214	190	1704

206	191	1697

213	191	1695

206	192	1698

213	192	1699

206	193	1700

207	193	1691

208	193	1689

209	193	1689

210	193	1692

211	193	1695

212	193	1698

