179	133	1380

174	134	1354

175	134	1338

177	134	1355

178	134	1371

180	134	1376

181	134	1387

169	135	1356

170	135	1351

171	135	1354

172	135	1357

173	135	1353

176	135	1371

182	135	1389

167	136	1360

168	136	1351

183	136	1356

184	136	1366

185	136	1371

186	136	1355

166	137	1356

186	137	1381

165	138	1370

187	138	1397

164	139	1364

187	139	1396

163	140	1368

187	140	1388

163	141	1359

188	141	1399

162	142	1412

188	142	1374

190	142	1375

191	142	1365

192	142	1375

162	143	1380

189	143	1362

193	143	1381

162	144	1388

193	144	1378

162	145	1361

192	145	1366

162	146	1364

192	146	1383

162	147	1373

191	147	1380

161	148	1404

191	148	1404

161	149	1407

190	149	1400

160	150	1424

190	150	1423

160	151	1407

189	151	1420

160	152	1383

188	152	1413

160	153	1391

188	153	1421

160	154	1386

187	154	1413

188	154	1421

160	155	1389

183	155	1397

184	155	1403

185	155	1410

186	155	1419

159	156	1396

176	156	1400

177	156	1396

178	156	1396

179	156	1396

180	156	1402

181	156	1406

182	156	1410

158	157	1416

174	157	1418

175	157	1413

158	158	1424

173	158	1426

158	159	1409

173	159	1431

158	160	1403

172	160	1429

157	161	1435

172	161	1438

156	162	1412

171	162	1436

155	163	1394

171	163	1440

155	164	1378

171	164	1445

155	165	1393

170	165	1444

154	166	1361

170	166	1445

155	167	1403

170	167	1448

154	168	1407

169	168	1439

154	169	1414

169	169	1444

153	170	1414

169	170	1448

152	171	1418

168	171	1451

151	172	1412

168	172	1456

151	173	1412

168	173	1461

151	174	1421

168	174	1465

150	175	1432

167	175	1460

150	176	1427

167	176	1468

150	177	1428

166	177	1457

149	178	1418

150	178	1429

151	178	1424

152	178	1420

153	178	1416

154	178	1416

155	178	1415

156	178	1416

157	178	1417

158	178	1419

159	178	1421

160	178	1422

161	178	1424

162	178	1426

163	178	1429

164	178	1434

165	178	1445

166	178	1463

