195	148	1305

196	148	1293

197	148	1295

198	148	1311

190	149	1298

191	149	1300

192	149	1314

193	149	1319

194	149	1302

199	149	1294

200	149	1308

201	149	1318

203	149	1310

204	149	1308

188	150	1321

189	150	1285

202	150	1276

205	150	1273

206	150	1298

185	151	1294

186	151	1293

187	151	1293

207	151	1291

183	152	1295

184	152	1277

207	152	1277

182	153	1313

207	153	1279

181	154	1360

207	154	1291

181	155	1347

206	155	1273

181	156	1331

206	156	1280

180	157	1326

206	157	1291

180	158	1313

206	158	1306

180	159	1300

205	159	1286

180	160	1294

205	160	1297

180	161	1287

205	161	1304

180	162	1300

205	162	1298

180	163	1310

206	163	1328

181	164	1286

206	164	1308

181	165	1289

207	165	1331

180	166	1338

207	166	1339

180	167	1376

206	167	1316

181	168	1337

206	168	1347

182	169	1326

205	169	1345

182	170	1360

204	170	1344

183	171	1338

203	171	1335

183	172	1363

202	172	1334

183	173	1372

200	173	1327

201	173	1347

183	174	1364

198	174	1356

199	174	1363

182	175	1380

197	175	1377

182	176	1370

196	176	1368

181	177	1378

195	177	1371

181	178	1377

194	178	1378

181	179	1372

193	179	1378

181	180	1371

192	180	1373

180	181	1380

192	181	1378

180	182	1378

192	182	1380

181	183	1378

182	183	1374

183	183	1369

184	183	1365

185	183	1362

186	183	1361

187	183	1362

188	183	1362

189	183	1363

190	183	1367

191	183	1374

