215	164	1599

210	165	1594

212	165	1596

213	165	1596

214	165	1598

216	165	1610

217	165	1605

218	165	1608

208	166	1597

209	166	1594

211	166	1595

219	166	1603

220	166	1611

205	167	1603

206	167	1603

207	167	1597

221	167	1629

204	168	1603

221	168	1618

203	169	1598

221	169	1604

202	170	1604

221	170	1597

202	171	1599

221	171	1600

201	172	1607

221	172	1612

201	173	1608

221	173	1635

201	174	1611

220	174	1609

201	175	1620

220	175	1623

201	176	1621

220	176	1637

201	177	1622

220	177	1647

201	178	1633

220	178	1649

202	179	1635

221	179	1696

202	180	1655

220	180	1654

203	181	1662

220	181	1674

203	182	1677

218	182	1659

219	182	1680

203	183	1687

217	183	1659

202	184	1697

214	184	1659

215	184	1665

216	184	1681

202	185	1709

212	185	1698

213	185	1704

203	186	1703

210	186	1698

211	186	1706

202	187	1711

209	187	1703

202	188	1711

209	188	1711

202	189	1709

208	189	1707

202	190	1710

208	190	1708

202	191	1709

208	191	1710

202	192	1710

203	192	1705

204	192	1702

205	192	1704

206	192	1709

207	192	1710

