165	170	1742

160	171	1772

161	171	1748

162	171	1743

163	171	1737

164	171	1733

166	171	1731

167	171	1740

168	171	1749

169	171	1746

170	171	1751

171	171	1760

160	172	1744

172	172	1754

159	173	1741

173	173	1744

174	173	1758

175	173	1773

158	174	1748

176	174	1762

157	175	1767

177	175	1762

157	176	1753

178	176	1757

179	176	1748

156	177	1781

180	177	1732

181	177	1740

156	178	1769

180	178	1740

157	179	1749

180	179	1754

156	180	1758

179	180	1761

156	181	1759

178	181	1766

156	182	1766

177	182	1773

155	183	1802

176	183	1770

155	184	1793

176	184	1787

155	185	1783

172	185	1759

173	185	1766

174	185	1773

175	185	1789

154	186	1795

166	186	1761

167	186	1763

168	186	1763

169	186	1765

170	186	1767

171	186	1772

153	187	1821

164	187	1787

165	187	1787

153	188	1807

163	188	1805

152	189	1829

163	189	1825

152	190	1815

162	190	1815

151	191	1842

162	191	1840

151	192	1829

161	192	1834

151	193	1820

160	193	1828

150	194	1837

160	194	1837

150	195	1830

159	195	1833

149	196	1842

158	196	1825

149	197	1833

158	197	1835

149	198	1831

158	198	1843

149	199	1830

157	199	1831

148	200	1843

157	200	1836

148	201	1839

157	201	1849

148	202	1837

149	202	1828

150	202	1825

151	202	1822

152	202	1822

153	202	1825

154	202	1828

155	202	1832

156	202	1842

