194	151	1281

195	151	1274

196	151	1282

193	152	1271

197	152	1269

201	152	1297

202	152	1297

203	152	1305

187	153	1297

188	153	1271

189	153	1264

190	153	1268

191	153	1272

192	153	1266

198	153	1266

199	153	1269

200	153	1268

204	153	1298

186	154	1303

204	154	1286

182	155	1289

183	155	1278

184	155	1270

185	155	1269

204	155	1274

181	156	1254

205	156	1290

180	157	1296

205	157	1276

180	158	1275

205	158	1266

179	159	1327

206	159	1303

180	160	1262

206	160	1301

179	161	1286

205	161	1264

178	162	1329

205	162	1280

178	163	1274

205	163	1301

178	164	1300

204	164	1274

178	165	1315

204	165	1281

179	166	1274

204	166	1294

179	167	1277

204	167	1301

178	168	1345

204	168	1303

179	169	1320

205	169	1331

180	170	1299

205	170	1325

180	171	1323

205	171	1327

181	172	1307

205	172	1344

181	173	1343

204	173	1338

181	174	1348

202	174	1334

203	174	1357

181	175	1348

200	175	1308

201	175	1331

178	176	1331

180	176	1364

196	176	1309

198	176	1313

199	176	1324

179	177	1332

193	177	1359

194	177	1363

195	177	1364

197	177	1354

178	178	1325

179	178	1364

192	178	1359

180	179	1357

191	179	1363

179	180	1363

190	180	1365

178	181	1363

189	181	1362

179	182	1364

189	182	1363

180	183	1368

189	183	1365

176	184	1356

181	184	1363

188	184	1364

189	184	1367

181	185	1368

182	185	1364

183	185	1359

184	185	1357

185	185	1358

186	185	1362

187	185	1366

