194	151	1289

195	151	1282

196	151	1298

193	152	1279

197	152	1282

202	152	1304

188	153	1294

189	153	1284

190	153	1291

191	153	1296

192	153	1276

198	153	1273

199	153	1279

200	153	1278

201	153	1273

203	153	1282

204	153	1311

186	154	1308

187	154	1274

204	154	1296

183	155	1300

184	155	1281

185	155	1273

204	155	1286

181	156	1300

182	156	1276

204	156	1275

180	157	1286

205	157	1293

181	158	1260

205	158	1280

180	159	1274

205	159	1269

180	160	1270

205	160	1266

179	161	1297

205	161	1269

178	162	1331

205	162	1286

178	163	1317

204	163	1269

178	164	1325

204	164	1278

178	165	1356

204	165	1285

178	166	1348

204	166	1301

178	167	1301

204	167	1317

178	168	1324

204	168	1318

179	169	1318

205	169	1354

180	170	1299

205	170	1340

180	171	1340

205	171	1340

181	172	1322

205	172	1352

181	173	1346

204	173	1343

180	174	1351

202	174	1335

203	174	1356

179	175	1356

201	175	1334

180	176	1364

198	176	1316

199	176	1326

200	176	1344

180	177	1364

193	177	1361

194	177	1361

195	177	1354

196	177	1349

197	177	1355

180	178	1364

192	178	1364

180	179	1370

191	179	1366

180	180	1368

190	180	1364

180	181	1369

189	181	1362

179	182	1369

180	182	1367

189	182	1364

181	183	1366

189	183	1367

181	184	1368

188	184	1366

189	184	1369

181	185	1370

182	185	1366

183	185	1365

184	185	1364

185	185	1366

186	185	1367

187	185	1370

