216	186	1813

217	186	1805

218	186	1803

219	186	1803

220	186	1806

221	186	1813

222	186	1818

223	186	1821

224	186	1823

225	186	1825

226	186	1826

227	186	1826

228	186	1827

213	187	1808

214	187	1806

215	187	1805

229	187	1831

211	188	1815

212	188	1804

230	188	1821

210	189	1825

230	189	1820

209	190	1829

231	190	1825

209	191	1816

232	191	1819

209	192	1822

231	192	1835

209	193	1825

231	193	1845

209	194	1826

231	194	1863

208	195	1852

230	195	1854

209	196	1823

230	196	1870

208	197	1848

230	197	1906

209	198	1822

229	198	1906

209	199	1826

227	199	1875

228	199	1920

209	200	1828

226	200	1872

209	201	1835

225	201	1880

209	202	1838

224	202	1890

209	203	1846

223	203	1912

209	204	1847

222	204	1915

208	205	1875

221	205	1898

209	206	1839

220	206	1871

209	207	1840

220	207	1893

209	208	1849

220	208	1917

209	209	1848

219	209	1883

208	210	1867

219	210	1897

208	211	1855

219	211	1915

208	212	1852

218	212	1878

208	213	1854

218	213	1891

207	214	1880

218	214	1896

207	215	1873

218	215	1902

207	216	1863

218	216	1902

206	217	1898

218	217	1907

206	218	1882

218	218	1910

205	219	1902

206	219	1878

207	219	1855

208	219	1841

209	219	1834

210	219	1830

211	219	1832

212	219	1832

213	219	1836

214	219	1838

215	219	1843

216	219	1853

217	219	1875

218	219	1911

