207	167	1631

208	167	1630

209	167	1633

211	167	1636

212	167	1631

213	167	1632

214	167	1638

202	168	1645

203	168	1641

204	168	1638

205	168	1634

206	168	1626

210	168	1632

215	168	1651

216	168	1693

199	169	1645

200	169	1646

201	169	1645

215	169	1660

197	170	1655

198	170	1643

215	170	1680

197	171	1648

214	171	1654

195	172	1668

196	172	1663

214	172	1664

196	173	1655

214	173	1685

195	174	1661

213	174	1662

195	175	1661

213	175	1665

195	176	1662

214	176	1700

194	177	1704

214	177	1679

195	178	1669

214	178	1669

195	179	1671

215	179	1717

195	180	1675

214	180	1683

195	181	1689

213	181	1675

195	182	1671

212	182	1675

196	183	1677

212	183	1701

197	184	1678

211	184	1690

198	185	1680

210	185	1697

198	186	1698

209	186	1721

198	187	1708

208	187	1741

198	188	1706

207	188	1732

198	189	1708

207	189	1739

197	190	1721

206	190	1741

196	191	1744

205	191	1739

195	192	1750

205	192	1744

195	193	1754

205	193	1755

195	194	1755

204	194	1745

195	195	1752

196	195	1739

197	195	1728

198	195	1723

199	195	1721

200	195	1723

201	195	1726

202	195	1732

203	195	1741

