185	158	1707

186	158	1701

187	158	1701

172	159	1677

173	159	1679

174	159	1678

175	159	1674

176	159	1678

177	159	1679

178	159	1683

179	159	1683

180	159	1686

181	159	1691

182	159	1693

183	159	1697

184	159	1704

187	159	1703

168	160	1681

169	160	1672

170	160	1669

171	160	1669

187	160	1704

167	161	1680

187	161	1705

166	162	1691

187	162	1702

166	163	1686

187	163	1703

166	164	1684

187	164	1702

165	165	1692

187	165	1708

165	166	1690

186	166	1701

165	167	1696

186	167	1704

165	168	1701

186	168	1699

166	169	1681

186	169	1699

165	170	1694

186	170	1707

165	171	1690

184	171	1698

185	171	1709

165	172	1692

183	172	1711

165	173	1687

181	173	1705

182	173	1719

164	174	1685

179	174	1691

180	174	1707

164	175	1691

178	175	1697

164	176	1686

177	176	1693

163	177	1721

176	177	1692

164	178	1680

176	178	1701

163	179	1700

175	179	1695

163	180	1700

175	180	1710

163	181	1700

175	181	1730

163	182	1698

174	182	1717

163	183	1695

174	183	1725

162	184	1708

173	184	1711

162	185	1699

173	185	1720

162	186	1693

173	186	1728

161	187	1704

173	187	1740

161	188	1708

172	188	1722

162	189	1694

172	189	1730

161	190	1707

172	190	1732

161	191	1710

172	191	1740

160	192	1740

171	192	1727

160	193	1731

161	193	1708

162	193	1697

163	193	1695

164	193	1695

165	193	1697

166	193	1699

167	193	1701

168	193	1701

169	193	1704

170	193	1713

171	193	1735

