203	186	1814

205	186	1817

206	186	1824

207	186	1824

208	186	1820

209	186	1825

210	186	1831

211	186	1835

212	186	1836

200	187	1808

201	187	1811

202	187	1811

204	187	1807

213	187	1830

214	187	1832

197	188	1818

198	188	1810

199	188	1804

215	188	1831

196	189	1824

215	189	1830

196	190	1819

216	190	1834

195	191	1825

216	191	1834

194	192	1831

216	192	1836

194	193	1837

217	193	1860

195	194	1815

217	194	1892

194	195	1829

216	195	1871

194	196	1835

215	196	1850

194	197	1842

215	197	1872

194	198	1844

214	198	1873

215	198	1916

194	199	1845

213	199	1879

194	200	1857

212	200	1885

194	201	1850

211	201	1882

195	202	1826

210	202	1884

195	203	1839

208	203	1873

209	203	1906

195	204	1842

207	204	1884

194	205	1875

206	205	1874

194	206	1873

206	206	1898

194	207	1870

206	207	1921

194	208	1871

205	208	1882

194	209	1861

205	209	1903

194	210	1851

204	210	1874

194	211	1853

204	211	1891

193	212	1881

204	212	1900

193	213	1878

204	213	1911

193	214	1871

204	214	1919

192	215	1904

203	215	1884

192	216	1891

203	216	1888

192	217	1880

193	217	1851

194	217	1840

195	217	1835

196	217	1833

197	217	1832

198	217	1832

199	217	1833

200	217	1835

201	217	1843

202	217	1859

203	217	1888

