214	164	1621

215	164	1622

205	165	1623

206	165	1618

207	165	1609

208	165	1610

209	165	1615

210	165	1621

211	165	1623

212	165	1620

213	165	1619

216	165	1628

202	166	1643

203	166	1633

204	166	1621

216	166	1630

200	167	1635

201	167	1639

216	167	1638

199	168	1628

216	168	1641

197	169	1618

198	169	1626

217	169	1691

197	170	1641

217	170	1705

196	171	1648

216	171	1684

196	172	1633

216	172	1699

196	173	1659

215	173	1657

196	174	1624

216	174	1686

196	175	1660

216	175	1670

196	176	1648

216	176	1668

196	177	1645

216	177	1679

196	178	1634

215	178	1665

197	179	1655

214	179	1663

197	180	1681

214	180	1690

198	181	1678

213	181	1684

198	182	1701

212	182	1681

199	183	1694

211	183	1686

200	184	1680

210	184	1706

200	185	1690

210	185	1742

200	186	1691

209	186	1725

199	187	1709

209	187	1737

199	188	1712

208	188	1734

198	189	1734

207	189	1737

198	190	1731

207	190	1743

198	191	1728

206	191	1734

198	192	1726

206	192	1740

197	193	1744

206	193	1749

197	194	1739

205	194	1739

197	195	1738

198	195	1725

199	195	1720

200	195	1720

201	195	1722

202	195	1724

203	195	1728

204	195	1736

205	195	1746

