207	153	1402

208	153	1409

214	153	1379

215	153	1383

216	153	1397

202	154	1409

203	154	1419

204	154	1416

205	154	1403

206	154	1388

209	154	1379

210	154	1388

211	154	1398

212	154	1390

213	154	1375

217	154	1396

197	155	1441

200	155	1402

201	155	1386

217	155	1381

196	156	1426

198	156	1397

199	156	1394

218	156	1424

195	157	1423

217	157	1388

195	158	1395

217	158	1399

194	159	1403

217	159	1423

193	160	1453

216	160	1391

192	161	1436

216	161	1411

193	162	1396

215	162	1395

192	163	1428

215	163	1402

192	164	1428

215	164	1399

191	165	1455

216	165	1436

192	166	1429

216	166	1413

192	167	1430

217	167	1439

192	168	1441

217	168	1430

192	169	1449

216	169	1409

192	170	1450

216	170	1429

193	171	1437

215	171	1423

193	172	1465

214	172	1420

194	173	1446

213	173	1415

194	174	1441

213	174	1440

194	175	1461

212	175	1435

195	176	1440

210	176	1433

211	176	1449

194	177	1449

209	177	1465

194	178	1464

208	178	1480

194	179	1462

208	179	1490

192	180	1464

193	180	1489

207	180	1481

193	181	1480

206	181	1484

207	181	1499

193	182	1478

205	182	1488

192	183	1487

205	183	1497

192	184	1480

205	184	1499

191	185	1473

204	185	1492

191	186	1482

204	186	1495

190	187	1496

191	187	1498

203	187	1484

192	188	1488

203	188	1491

192	189	1493

203	189	1497

192	190	1498

193	190	1489

194	190	1484

195	190	1478

196	190	1476

197	190	1476

198	190	1478

199	190	1481

200	190	1483

201	190	1487

202	190	1494

