173	168	1930

174	168	1927

162	169	1907

163	169	1901

164	169	1896

165	169	1897

166	169	1902

167	169	1900

168	169	1903

169	169	1907

170	169	1918

171	169	1920

172	169	1926

174	169	1921

158	170	1922

159	170	1904

160	170	1893

161	170	1893

174	170	1920

157	171	1917

174	171	1919

156	172	1919

174	172	1920

156	173	1909

174	173	1921

156	174	1908

174	174	1924

155	175	1951

174	175	1928

155	176	1954

174	176	1929

155	177	1954

174	177	1931

155	178	1950

173	178	1917

155	179	1943

173	179	1931

156	180	1900

171	180	1920

172	180	1942

155	181	1927

169	181	1911

170	181	1935

155	182	1916

168	182	1916

155	183	1905

166	183	1913

167	183	1929

154	184	1924

165	184	1918

155	185	1899

164	185	1911

154	186	1907

164	186	1925

154	187	1906

163	187	1912

154	188	1905

163	188	1923

153	189	1926

163	189	1941

153	190	1920

162	190	1926

153	191	1913

162	191	1940

152	192	1932

162	192	1959

152	193	1924

161	193	1940

152	194	1919

161	194	1954

151	195	1942

161	195	1969

151	196	1941

160	196	1943

151	197	1938

160	197	1956

150	198	1970

160	198	1966

150	199	1958

151	199	1928

152	199	1913

153	199	1908

154	199	1910

155	199	1910

156	199	1914

157	199	1918

158	199	1927

159	199	1941

160	199	1975

