169	138	1415

170	138	1411

171	138	1413

172	138	1416

173	138	1422

174	138	1420

175	138	1420

176	138	1421

168	139	1413

177	139	1423

178	139	1427

179	139	1428

180	139	1429

181	139	1431

182	139	1435

189	139	1451

190	139	1450

191	139	1452

165	140	1468

166	140	1434

167	140	1415

183	140	1438

184	140	1443

185	140	1443

188	140	1457

191	140	1454

165	141	1439

186	141	1444

187	141	1450

191	141	1454

165	142	1425

191	142	1455

164	143	1422

191	143	1455

163	144	1436

191	144	1457

163	145	1433

191	145	1459

163	146	1425

191	146	1459

162	147	1434

190	147	1453

162	148	1437

190	148	1455

162	149	1434

189	149	1447

163	150	1411

190	150	1457

163	151	1406

189	151	1451

163	152	1405

189	152	1452

163	153	1411

189	153	1454

162	154	1432

188	154	1454

163	155	1420

187	155	1452

188	155	1460

162	156	1467

185	156	1449

186	156	1455

162	157	1430

184	157	1450

162	158	1408

182	158	1448

183	158	1451

161	159	1433

180	159	1440

181	159	1450

161	160	1450

179	160	1440

161	161	1450

177	161	1430

178	161	1431

161	162	1429

176	162	1425

160	163	1444

176	163	1430

159	164	1410

175	164	1431

160	165	1427

175	165	1440

159	166	1451

174	166	1440

160	167	1428

174	167	1446

159	168	1436

173	168	1444

158	169	1442

173	169	1450

159	170	1429

173	170	1458

158	171	1428

172	171	1453

158	172	1421

172	172	1463

158	173	1425

172	173	1478

157	174	1439

171	174	1470

157	175	1440

171	175	1473

156	176	1448

171	176	1481

156	177	1440

170	177	1478

156	178	1443

170	178	1487

155	179	1454

170	179	1492

154	180	1474

169	180	1486

153	181	1473

169	181	1490

153	182	1465

169	182	1494

152	183	1474

169	183	1495

152	184	1467

153	184	1457

154	184	1456

155	184	1452

156	184	1449

157	184	1444

158	184	1442

159	184	1442

160	184	1443

161	184	1446

162	184	1448

163	184	1450

164	184	1453

165	184	1457

166	184	1463

167	184	1471

168	184	1487

169	184	1503

