179	145	1542

180	145	1541

181	145	1543

173	146	1539

174	146	1535

175	146	1535

176	146	1538

177	146	1540

178	146	1541

182	146	1547

183	146	1550

184	146	1552

185	146	1552

186	146	1552

187	146	1550

192	146	1571

193	146	1568

171	147	1534

172	147	1542

188	147	1565

189	147	1568

190	147	1571

191	147	1572

193	147	1569

171	148	1542

193	148	1569

170	149	1538

193	149	1573

170	150	1537

193	150	1573

169	151	1535

193	151	1574

169	152	1542

193	152	1573

169	153	1541

193	153	1573

169	154	1537

193	154	1572

169	155	1536

193	155	1573

168	156	1572

192	156	1570

168	157	1546

192	157	1568

169	158	1537

192	158	1567

169	159	1536

192	159	1566

169	160	1532

191	160	1566

169	161	1538

189	161	1567

190	161	1569

169	162	1553

187	162	1559

188	162	1569

169	163	1548

186	163	1558

168	164	1586

184	164	1552

185	164	1557

168	165	1533

183	165	1548

168	166	1542

182	166	1548

168	167	1556

181	167	1551

168	168	1546

181	168	1556

168	169	1544

180	169	1552

168	170	1544

180	170	1559

167	171	1535

179	171	1557

167	172	1549

179	172	1563

167	173	1550

179	173	1570

166	174	1571

178	174	1574

166	175	1560

178	175	1583

166	176	1564

178	176	1585

165	177	1594

178	177	1596

165	178	1586

177	178	1590

164	179	1592

177	179	1595

164	180	1592

177	180	1603

164	181	1596

177	181	1611

164	182	1592

176	182	1600

164	183	1582

176	183	1606

163	184	1596

176	184	1610

162	185	1609

176	185	1617

162	186	1603

176	186	1625

161	187	1622

162	187	1597

163	187	1582

164	187	1575

165	187	1571

166	187	1570

167	187	1570

168	187	1570

169	187	1572

170	187	1575

171	187	1578

172	187	1578

173	187	1584

174	187	1593

175	187	1613

