173	147	1574

174	147	1568

175	147	1568

176	147	1572

177	147	1573

178	147	1570

179	147	1569

180	147	1571

181	147	1575

182	147	1577

183	147	1578

184	147	1582

191	147	1599

171	148	1575

172	148	1574

185	148	1584

186	148	1591

187	148	1593

188	148	1596

189	148	1595

190	148	1602

191	148	1601

169	149	1548

170	149	1578

191	149	1603

169	150	1562

191	150	1603

169	151	1566

192	151	1601

169	152	1570

192	152	1599

168	153	1576

192	153	1599

168	154	1574

191	154	1598

167	155	1589

191	155	1596

168	156	1562

191	156	1594

168	157	1559

191	157	1593

168	158	1560

191	158	1596

168	159	1565

190	159	1591

168	160	1559

190	160	1597

168	161	1571

189	161	1601

190	161	1603

168	162	1547

188	162	1601

168	163	1564

186	163	1589

187	163	1601

167	164	1581

184	164	1583

185	164	1590

167	165	1583

182	165	1577

183	165	1587

167	166	1588

181	166	1576

167	167	1579

180	167	1574

167	168	1573

180	168	1579

167	169	1571

179	169	1576

166	170	1580

179	170	1583

166	171	1569

179	171	1595

166	172	1583

178	172	1584

166	173	1587

178	173	1595

166	174	1581

178	174	1604

165	175	1588

177	175	1595

165	176	1587

177	176	1601

165	177	1585

176	177	1600

165	178	1585

176	178	1609

164	179	1587

176	179	1613

164	180	1592

176	180	1618

163	181	1602

176	181	1627

163	182	1596

175	182	1622

163	183	1605

175	183	1629

162	184	1623

175	184	1635

162	185	1617

175	185	1639

162	186	1612

175	186	1644

161	187	1627

174	187	1634

161	188	1620

162	188	1608

163	188	1603

164	188	1598

165	188	1596

166	188	1594

167	188	1596

168	188	1595

169	188	1597

170	188	1599

171	188	1605

172	188	1612

173	188	1622

174	188	1641

