176	149	1610

177	149	1609

178	149	1614

170	150	1599

171	150	1596

172	150	1597

173	150	1599

174	150	1604

175	150	1605

179	150	1614

180	150	1613

181	150	1613

182	150	1616

183	150	1623

189	150	1632

169	151	1606

184	151	1625

185	151	1625

186	151	1630

187	151	1632

188	151	1631

189	151	1630

168	152	1612

189	152	1631

168	153	1610

189	153	1631

167	154	1618

189	154	1632

166	155	1626

189	155	1629

166	156	1614

189	156	1626

166	157	1604

189	157	1628

166	158	1597

189	158	1629

166	159	1602

189	159	1632

166	160	1604

188	160	1627

166	161	1601

188	161	1626

166	162	1609

188	162	1628

166	163	1613

188	163	1631

166	164	1617

186	164	1631

187	164	1634

166	165	1625

184	165	1625

185	165	1633

166	166	1613

182	166	1615

183	166	1623

166	167	1607

180	167	1614

181	167	1618

166	168	1599

179	168	1619

166	169	1593

178	169	1614

165	170	1581

178	170	1622

165	171	1597

177	171	1612

165	172	1608

177	172	1618

165	173	1606

176	173	1618

164	174	1611

176	174	1625

164	175	1616

176	175	1637

163	176	1624

175	176	1631

163	177	1606

175	177	1640

163	178	1616

175	178	1649

163	179	1620

174	179	1637

163	180	1617

174	180	1645

162	181	1628

174	181	1657

162	182	1633

174	182	1673

162	183	1635

173	183	1656

161	184	1671

173	184	1661

161	185	1651

173	185	1666

161	186	1643

173	186	1672

160	187	1657

173	187	1680

160	188	1652

172	188	1666

159	189	1667

160	189	1649

161	189	1638

162	189	1630

163	189	1627

164	189	1629

165	189	1630

166	189	1632

167	189	1632

168	189	1635

169	189	1638

170	189	1643

171	189	1655

172	189	1671

