212	162	1611

210	163	1615

211	163	1602

213	163	1603

214	163	1610

215	163	1607

216	163	1598

217	163	1596

218	163	1598

219	163	1604

206	164	1615

207	164	1608

208	164	1608

209	164	1606

220	164	1608

203	165	1610

204	165	1619

205	165	1616

220	165	1612

201	166	1619

202	166	1606

220	166	1620

200	167	1656

220	167	1633

200	168	1633

220	168	1643

200	169	1615

220	169	1662

199	170	1603

219	170	1645

199	171	1612

219	171	1664

199	172	1627

219	172	1662

199	173	1626

219	173	1640

200	174	1619

220	174	1669

199	175	1609

220	175	1661

200	176	1626

220	176	1675

200	177	1635

219	177	1656

200	178	1630

218	178	1653

201	179	1638

217	179	1654

201	180	1638

217	180	1687

202	181	1642

216	181	1679

203	182	1655

214	182	1664

215	182	1688

203	183	1666

213	183	1695

200	184	1704

202	184	1681

212	184	1699

202	185	1684

212	185	1709

201	186	1698

211	186	1707

200	187	1710

210	187	1712

200	188	1708

209	188	1710

200	189	1710

209	189	1713

200	190	1710

209	190	1715

200	191	1713

209	191	1721

200	192	1713

208	192	1709

200	193	1715

201	193	1705

202	193	1700

203	193	1698

204	193	1700

205	193	1702

206	193	1703

207	193	1705

208	193	1715

