204	169	1455

205	169	1451

206	169	1452

207	169	1459

208	169	1467

209	169	1467

210	169	1468

211	169	1470

212	169	1477

214	169	1488

215	169	1482

216	169	1487

201	170	1462

202	170	1454

203	170	1447

213	170	1465

217	170	1477

218	170	1479

219	170	1485

198	171	1446

199	171	1440

200	171	1440

220	171	1487

197	172	1445

220	172	1475

195	173	1451

196	173	1445

221	173	1496

195	174	1446

221	174	1480

194	175	1456

222	175	1493

194	176	1446

222	176	1488

193	177	1463

222	177	1489

193	178	1454

222	178	1492

192	179	1457

222	179	1496

193	180	1449

222	180	1504

192	181	1463

222	181	1506

192	182	1463

221	182	1498

192	183	1476

221	183	1517

192	184	1506

221	184	1554

192	185	1551

220	185	1544

192	186	1542

218	186	1511

219	186	1546

192	187	1473

193	187	1455

217	187	1520

194	188	1441

216	188	1522

193	189	1460

215	189	1525

193	190	1443

214	190	1535

193	191	1464

212	191	1515

213	191	1550

193	192	1471

211	192	1529

193	193	1445

210	193	1526

192	194	1468

210	194	1554

192	195	1497

209	195	1529

192	196	1469

209	196	1553

191	197	1426

193	197	1456

208	197	1520

191	198	1425

192	198	1440

208	198	1537

193	199	1455

208	199	1551

192	200	1483

207	200	1526

192	201	1472

207	201	1534

191	202	1484

207	202	1539

191	203	1493

207	203	1548

190	204	1465

206	204	1525

191	205	1477

206	205	1533

189	206	1450

190	206	1470

206	206	1540

188	207	1434

190	207	1471

206	207	1545

187	208	1444

189	208	1453

206	208	1547

189	209	1461

206	209	1549

189	210	1467

190	210	1469

191	210	1469

192	210	1466

193	210	1465

194	210	1463

195	210	1462

196	210	1463

197	210	1465

198	210	1465

199	210	1466

200	210	1466

201	210	1470

202	210	1477

203	210	1487

204	210	1502

205	210	1522

206	210	1552

