164	173	1732

159	174	1741

160	174	1726

161	174	1722

162	174	1725

163	174	1722

165	174	1721

166	174	1727

167	174	1737

168	174	1743

169	174	1739

170	174	1743

158	175	1746

171	175	1746

172	175	1753

157	176	1740

173	176	1740

174	176	1750

157	177	1728

175	177	1761

157	178	1728

175	178	1741

156	179	1738

176	179	1745

156	180	1738

177	180	1739

178	180	1736

155	181	1755

179	181	1721

180	181	1729

155	182	1757

180	182	1743

155	183	1762

179	183	1742

155	184	1761

178	184	1748

154	185	1806

177	185	1760

154	186	1798

176	186	1768

153	187	1805

175	187	1777

153	188	1785

171	188	1756

172	188	1762

173	188	1771

174	188	1776

152	189	1801

164	189	1756

165	189	1754

166	189	1753

167	189	1753

168	189	1754

169	189	1756

170	189	1761

151	190	1825

163	190	1786

151	191	1814

162	191	1827

150	192	1833

161	192	1822

150	193	1822

160	193	1821

150	194	1815

159	194	1822

150	195	1812

158	195	1819

149	196	1830

158	196	1833

149	197	1824

157	197	1827

148	198	1837

157	198	1835

148	199	1832

156	199	1831

148	200	1830

155	200	1827

148	201	1830

155	201	1836

148	202	1832

154	202	1831

148	203	1834

149	203	1832

150	203	1829

151	203	1831

152	203	1830

153	203	1833

