199	185	1693

200	185	1695

201	185	1697

202	185	1699

203	185	1704

204	185	1712

205	185	1718

192	186	1671

193	186	1688

194	186	1690

195	186	1686

196	186	1687

197	186	1685

198	186	1687

206	186	1718

207	186	1716

208	186	1709

190	187	1698

191	187	1688

209	187	1711

189	188	1694

210	188	1720

188	189	1696

210	189	1723

187	190	1697

211	190	1727

187	191	1693

211	191	1740

186	192	1730

211	192	1769

187	193	1701

210	193	1749

187	194	1700

210	194	1757

187	195	1692

210	195	1773

186	196	1693

209	196	1749

187	197	1687

209	197	1780

187	198	1692

208	198	1777

187	199	1698

207	199	1780

187	200	1704

206	200	1780

187	201	1702

205	201	1781

187	202	1699

204	202	1778

187	203	1699

202	203	1757

203	203	1792

187	204	1696

201	204	1781

187	205	1701

200	205	1772

187	206	1705

200	206	1800

187	207	1712

199	207	1766

186	208	1735

199	208	1793

186	209	1724

198	209	1768

186	210	1718

198	210	1793

185	211	1736

197	211	1759

185	212	1735

197	212	1776

185	213	1727

197	213	1792

184	214	1740

196	214	1761

184	215	1740

196	215	1768

183	216	1754

196	216	1775

183	217	1746

196	217	1783

182	218	1754

183	218	1739

184	218	1728

185	218	1718

186	218	1712

187	218	1712

188	218	1709

189	218	1710

190	218	1709

191	218	1711

192	218	1714

193	218	1721

194	218	1732

195	218	1752

196	218	1791

