205	168	1452

206	168	1450

207	168	1448

208	168	1453

209	168	1458

210	168	1464

211	168	1460

212	168	1457

213	168	1468

216	168	1477

203	169	1450

204	169	1439

214	169	1461

215	169	1465

217	169	1471

218	169	1483

198	170	1450

199	170	1436

200	170	1434

201	170	1430

202	170	1432

219	170	1466

220	170	1469

197	171	1442

221	171	1466

195	172	1443

196	172	1431

222	172	1478

194	173	1467

222	173	1472

194	174	1449

223	174	1495

194	175	1455

223	175	1483

194	176	1450

223	176	1480

194	177	1439

223	177	1485

194	178	1436

223	178	1490

194	179	1433

223	179	1500

193	180	1438

223	180	1508

193	181	1441

223	181	1513

194	182	1434

222	182	1509

193	183	1448

221	183	1495

193	184	1435

221	184	1525

193	185	1445

220	185	1529

194	186	1439

218	186	1503

219	186	1539

193	187	1459

217	187	1512

193	188	1487

216	188	1514

194	189	1451

215	189	1517

193	190	1484

213	190	1502

214	190	1534

193	191	1476

212	191	1514

193	192	1451

211	192	1518

192	193	1423

210	193	1503

193	194	1423

210	194	1528

193	195	1444

209	195	1504

193	196	1461

209	196	1523

192	197	1451

209	197	1542

191	198	1456

208	198	1513

192	199	1465

208	199	1529

192	200	1472

207	200	1510

191	201	1479

207	201	1515

191	202	1486

207	202	1523

190	203	1482

207	203	1530

189	204	1439

207	204	1540

189	205	1473

206	205	1512

189	206	1465

206	206	1519

189	207	1463

206	207	1527

187	208	1449

188	208	1466

206	208	1529

187	209	1468

206	209	1532

188	210	1466

189	210	1462

190	210	1463

191	210	1459

192	210	1456

193	210	1451

194	210	1450

195	210	1449

196	210	1450

197	210	1451

198	210	1454

199	210	1455

200	210	1457

201	210	1458

202	210	1464

203	210	1474

204	210	1488

205	210	1507

206	210	1533

234	210	1541

