210	155	1438

216	155	1433

204	156	1432

205	156	1445

208	156	1429

209	156	1407

211	156	1406

212	156	1422

215	156	1410

217	156	1396

218	156	1402

219	156	1425

203	157	1427

206	157	1422

207	157	1419

213	157	1397

214	157	1398

219	157	1407

199	158	1428

200	158	1423

201	158	1421

202	158	1418

220	158	1431

198	159	1427

220	159	1445

197	160	1437

219	160	1418

196	161	1461

219	161	1434

196	162	1423

218	162	1415

196	163	1414

218	163	1428

196	164	1411

218	164	1444

195	165	1437

217	165	1412

195	166	1429

217	166	1412

195	167	1428

218	167	1437

195	168	1421

218	168	1427

194	169	1445

219	169	1460

195	170	1430

219	170	1453

196	171	1413

219	171	1461

195	172	1424

218	172	1439

195	173	1460

217	173	1437

196	174	1456

217	174	1467

196	175	1464

216	175	1457

197	176	1444

215	176	1453

198	177	1447

214	177	1455

197	178	1480

212	178	1458

213	178	1468

198	179	1478

211	179	1493

197	180	1500

210	180	1498

197	181	1492

210	181	1503

197	182	1488

210	182	1517

196	183	1506

209	183	1514

195	184	1506

208	184	1519

195	185	1517

207	185	1514

196	186	1500

207	186	1516

195	187	1504

206	187	1509

195	188	1505

206	188	1511

195	189	1513

206	189	1516

194	190	1520

195	190	1517

205	190	1509

196	191	1515

197	191	1506

198	191	1499

199	191	1500

200	191	1500

201	191	1504

202	191	1506

203	191	1509

204	191	1511

205	191	1517

