195	150	1279

196	150	1277

194	151	1272

197	151	1265

198	151	1286

202	151	1301

188	152	1300

189	152	1275

190	152	1271

191	152	1278

192	152	1276

193	152	1270

199	152	1276

200	152	1278

201	152	1278

203	152	1277

204	152	1290

186	153	1306

187	153	1283

205	153	1304

183	154	1295

184	154	1279

185	154	1275

205	154	1289

182	155	1281

205	155	1272

181	156	1280

206	156	1292

181	157	1264

206	157	1272

180	158	1285

206	158	1266

179	159	1308

206	159	1274

179	160	1320

206	160	1297

179	161	1306

205	161	1268

179	162	1286

205	162	1278

179	163	1288

205	163	1288

178	164	1352

205	164	1304

179	165	1299

204	165	1278

179	166	1303

204	166	1284

179	167	1306

205	167	1325

179	168	1341

205	168	1310

179	169	1360

206	169	1341

180	170	1326

206	170	1342

181	171	1318

205	171	1323

181	172	1344

204	172	1324

205	172	1352

182	173	1336

203	173	1333

181	174	1367

201	174	1313

202	174	1341

181	175	1365

200	175	1322

181	176	1357

195	176	1348

196	176	1342

197	176	1339

198	176	1341

199	176	1353

181	177	1357

194	177	1364

180	178	1358

192	178	1359

193	178	1366

178	179	1348

179	179	1365

191	179	1363

178	180	1335

190	180	1358

178	181	1367

179	181	1363

180	181	1365

190	181	1363

181	182	1364

190	182	1367

181	183	1365

189	183	1364

182	184	1362

189	184	1367

176	185	1359

182	185	1366

183	185	1360

184	185	1358

185	185	1359

186	185	1360

187	185	1364

188	185	1367

