197	149	1344

198	149	1333

199	149	1333

200	149	1347

204	149	1327

205	149	1318

206	149	1322

191	150	1360

192	150	1346

193	150	1351

194	150	1363

195	150	1360

196	150	1334

201	150	1320

202	150	1325

203	150	1314

207	150	1313

208	150	1342

188	151	1363

189	151	1355

190	151	1345

208	151	1322

186	152	1343

187	152	1328

208	152	1321

184	153	1340

185	153	1335

209	153	1372

184	154	1347

208	154	1335

183	155	1376

208	155	1359

182	156	1416

207	156	1331

182	157	1370

207	157	1343

182	158	1374

207	158	1361

182	159	1344

206	159	1339

181	160	1369

206	160	1340

182	161	1347

207	161	1376

182	162	1343

207	162	1355

181	163	1384

208	163	1386

181	164	1409

208	164	1365

181	165	1386

208	165	1369

182	166	1358

207	166	1347

183	167	1344

207	167	1370

183	168	1366

206	168	1365

183	169	1409

205	169	1363

184	170	1385

204	170	1356

184	171	1398

204	171	1378

184	172	1410

203	172	1378

184	173	1422

201	173	1376

202	173	1397

183	174	1420

200	174	1400

183	175	1421

199	175	1414

183	176	1421

199	176	1427

183	177	1414

198	177	1417

183	178	1394

198	178	1433

183	179	1415

197	179	1431

182	180	1433

196	180	1431

182	181	1419

195	181	1424

182	182	1416

195	182	1426

181	183	1433

195	183	1431

182	184	1424

194	184	1427

180	185	1425

181	185	1430

194	185	1432

180	186	1419

193	186	1424

181	187	1432

193	187	1429

182	188	1430

183	188	1423

184	188	1420

185	188	1416

186	188	1416

187	188	1417

188	188	1419

189	188	1420

190	188	1421

191	188	1424

192	188	1428

