217	162	1579

211	163	1598

212	163	1596

213	163	1598

214	163	1599

215	163	1601

216	163	1598

218	163	1601

206	164	1609

207	164	1603

208	164	1601

209	164	1594

210	164	1585

219	164	1606

204	165	1627

205	165	1618

220	165	1624

201	166	1603

202	166	1605

203	166	1610

219	166	1617

200	167	1624

219	167	1628

200	168	1613

219	168	1639

199	169	1615

219	169	1653

199	170	1618

219	170	1672

198	171	1667

218	171	1645

198	172	1616

218	172	1638

198	173	1640

218	173	1627

198	174	1679

219	174	1655

198	175	1643

219	175	1654

199	176	1635

218	176	1636

199	177	1645

218	177	1656

199	178	1658

217	178	1646

199	179	1678

216	179	1645

200	180	1642

216	180	1672

201	181	1648

215	181	1668

202	182	1653

214	182	1669

202	183	1665

213	183	1695

202	184	1671

212	184	1713

201	185	1681

211	185	1697

201	186	1682

211	186	1711

201	187	1686

210	187	1708

201	188	1686

209	188	1710

200	189	1705

209	189	1721

200	190	1705

208	190	1712

200	191	1704

208	191	1718

199	192	1721

200	192	1704

201	192	1694

202	192	1689

203	192	1689

204	192	1690

205	192	1696

206	192	1702

207	192	1712

