236	166	1608

237	166	1587

236	167	1634

237	167	1655

224	179	1591

225	179	1580

226	179	1579

227	179	1584

228	179	1575

229	179	1586

230	179	1582

231	179	1582

232	179	1590

234	179	1610

235	179	1602

222	180	1585

223	180	1574

233	180	1584

236	180	1595

237	180	1599

218	181	1577

219	181	1562

220	181	1559

221	181	1562

238	181	1586

216	182	1586

217	182	1578

239	182	1590

215	183	1573

239	183	1582

214	184	1538

240	184	1596

214	185	1547

241	185	1615

215	186	1561

241	186	1604

214	187	1574

241	187	1618

214	188	1565

241	188	1642

214	189	1564

241	189	1675

214	190	1566

240	190	1631

213	191	1587

240	191	1666

213	192	1548

239	192	1629

213	193	1589

239	193	1656

213	194	1607

238	194	1644

214	195	1572

237	195	1649

214	196	1571

235	196	1632

236	196	1668

215	197	1572

234	197	1640

214	198	1588

233	198	1648

214	199	1571

231	199	1632

232	199	1668

214	200	1572

230	200	1653

214	201	1571

229	201	1662

213	202	1605

228	202	1646

213	203	1584

228	203	1676

213	204	1580

227	204	1647

213	205	1579

227	205	1669

213	206	1587

226	206	1640

212	207	1587

226	207	1656

212	208	1600

226	208	1671

212	209	1598

225	209	1649

212	210	1595

225	210	1657

208	211	1554

211	211	1597

225	211	1665

207	212	1527

210	212	1601

225	212	1672

207	213	1551

210	213	1600

224	213	1646

210	214	1605

224	214	1652

210	215	1606

224	215	1658

209	216	1609

210	216	1602

211	216	1600

212	216	1598

213	216	1597

214	216	1596

215	216	1596

216	216	1596

217	216	1595

218	216	1594

219	216	1592

220	216	1597

221	216	1606

222	216	1619

223	216	1636

224	216	1663

