202	180	1692

203	180	1692

204	180	1698

194	181	1679

195	181	1676

196	181	1679

197	181	1676

198	181	1676

199	181	1677

200	181	1684

201	181	1689

205	181	1703

206	181	1707

207	181	1704

208	181	1703

209	181	1700

192	182	1678

193	182	1671

210	182	1703

190	183	1685

191	183	1679

211	183	1706

189	184	1688

211	184	1707

189	185	1684

212	185	1714

188	186	1694

212	186	1718

188	187	1694

212	187	1723

188	188	1691

212	188	1731

187	189	1681

212	189	1755

187	190	1676

211	190	1737

187	191	1689

211	191	1752

187	192	1690

211	192	1785

188	193	1677

210	193	1763

188	194	1683

209	194	1767

187	195	1741

208	195	1782

188	196	1704

207	196	1784

188	197	1696

206	197	1785

188	198	1686

204	198	1757

205	198	1794

188	199	1688

203	199	1772

188	200	1692

202	200	1772

187	201	1721

201	201	1759

187	202	1712

201	202	1792

187	203	1706

200	203	1770

187	204	1700

200	204	1791

186	205	1716

199	205	1768

186	206	1708

199	206	1789

185	207	1719

198	207	1768

185	208	1717

198	208	1782

184	209	1730

198	209	1792

184	210	1721

197	210	1765

183	211	1731

197	211	1777

224	211	1796

183	212	1734

197	212	1786

224	212	1791

182	213	1745

197	213	1791

221	213	1796

222	213	1795

223	213	1794

224	213	1792

182	214	1735

197	214	1793

217	214	1794

218	214	1794

219	214	1792

220	214	1794

224	214	1793

181	215	1745

197	215	1795

217	215	1793

224	215	1792

180	216	1743

181	216	1730

182	216	1720

183	216	1710

184	216	1702

185	216	1697

186	216	1692

187	216	1691

188	216	1691

189	216	1693

190	216	1695

191	216	1698

192	216	1703

193	216	1711

194	216	1721

195	216	1739

196	216	1772

214	216	1796

215	216	1795

216	216	1792

217	216	1789

218	216	1790

219	216	1790

220	216	1791

221	216	1789

222	216	1787

223	216	1785

224	216	1787

