195	147	1321

193	148	1308

194	148	1296

196	148	1303

197	148	1321

188	149	1303

189	149	1295

190	149	1300

191	149	1304

192	149	1299

198	149	1302

199	149	1307

200	149	1304

201	149	1289

202	149	1281

203	149	1283

204	149	1307

186	150	1327

187	150	1298

205	150	1296

182	151	1321

183	151	1290

184	151	1281

185	151	1284

206	151	1322

181	152	1317

206	152	1300

180	153	1322

206	153	1317

180	154	1308

205	154	1288

180	155	1302

205	155	1306

179	156	1341

205	156	1326

179	157	1303

204	157	1292

179	158	1290

204	158	1307

179	159	1288

204	159	1328

179	160	1291

203	160	1290

179	161	1293

204	161	1333

178	162	1347

204	162	1316

178	163	1378

204	163	1302

178	164	1359

205	164	1327

178	165	1300

205	165	1324

179	166	1333

205	166	1330

179	167	1376

204	167	1314

180	168	1344

203	168	1317

204	168	1349

180	169	1372

202	169	1320

180	170	1365

202	170	1347

181	171	1361

201	171	1337

181	172	1363

199	172	1322

200	172	1342

181	173	1374

197	173	1333

198	173	1341

179	174	1363

181	174	1374

196	174	1372

181	175	1370

195	175	1378

180	176	1381

195	176	1385

179	177	1388

194	177	1382

179	178	1387

193	178	1382

179	179	1382

193	179	1391

177	180	1371

178	180	1391

192	180	1386

178	181	1375

192	181	1387

179	182	1391

191	182	1382

180	183	1390

181	183	1376

182	183	1367

183	183	1362

184	183	1362

185	183	1364

186	183	1364

187	183	1367

188	183	1370

189	183	1374

190	183	1379

191	183	1387

