192	186	1699

193	186	1693

194	186	1694

195	186	1693

196	186	1696

197	186	1698

198	186	1706

199	186	1708

200	186	1708

201	186	1710

202	186	1716

203	186	1724

204	186	1725

205	186	1727

206	186	1724

190	187	1694

191	187	1692

207	187	1724

208	187	1727

188	188	1692

189	188	1693

208	188	1731

187	189	1689

209	189	1738

186	190	1710

209	190	1739

185	191	1740

210	191	1767

185	192	1738

210	192	1786

186	193	1709

209	193	1756

185	194	1732

209	194	1769

185	195	1721

209	195	1798

185	196	1710

208	196	1764

185	197	1713

208	197	1789

185	198	1703

207	198	1787

185	199	1739

206	199	1793

186	200	1707

205	200	1794

186	201	1711

204	201	1790

186	202	1720

203	202	1786

186	203	1722

201	203	1762

202	203	1797

186	204	1723

200	204	1783

186	205	1719

199	205	1781

186	206	1714

198	206	1764

185	207	1748

198	207	1791

185	208	1737

197	208	1768

185	209	1732

197	209	1788

184	210	1738

196	210	1767

184	211	1730

196	211	1783

184	212	1734

196	212	1800

183	213	1757

195	213	1771

183	214	1753

195	214	1781

182	215	1774

195	215	1791

182	216	1762

195	216	1797

182	217	1761

195	217	1807

181	218	1764

182	218	1757

183	218	1740

184	218	1728

185	218	1719

186	218	1720

187	218	1720

188	218	1723

189	218	1723

190	218	1725

191	218	1728

192	218	1735

193	218	1747

194	218	1773

