205	182	1631

206	182	1629

207	182	1630

208	182	1635

209	182	1639

210	182	1639

211	182	1637

212	182	1640

213	182	1642

214	182	1645

215	182	1651

216	182	1654

201	183	1631

202	183	1630

203	183	1633

204	183	1632

217	183	1650

218	183	1652

198	184	1652

199	184	1643

200	184	1635

219	184	1649

197	185	1647

219	185	1647

196	186	1604

220	186	1657

196	187	1641

220	187	1660

196	188	1647

221	188	1671

196	189	1650

222	189	1718

195	190	1601

221	190	1693

196	191	1638

221	191	1715

195	192	1637

221	192	1746

195	193	1637

220	193	1702

195	194	1643

220	194	1729

195	195	1642

219	195	1708

195	196	1644

218	196	1709

196	197	1651

217	197	1719

195	198	1634

215	198	1700

216	198	1736

196	199	1649

214	199	1714

195	200	1646

212	200	1702

213	200	1731

196	201	1648

211	201	1729

195	202	1668

210	202	1746

195	203	1662

209	203	1724

194	204	1659

208	204	1701

195	205	1655

208	205	1722

195	206	1658

208	206	1745

194	207	1669

207	207	1716

194	208	1663

207	208	1733

194	209	1664

207	209	1745

194	210	1670

206	210	1718

193	211	1675

206	211	1724

193	212	1674

206	212	1734

193	213	1675

206	213	1742

192	214	1692

205	214	1720

192	215	1684

205	215	1724

192	216	1681

205	216	1728

191	217	1701

192	217	1680

193	217	1673

194	217	1667

195	217	1666

196	217	1665

197	217	1663

198	217	1664

199	217	1665

200	217	1668

201	217	1671

202	217	1677

203	217	1688

204	217	1705

205	217	1734

