214	169	1460

215	169	1461

206	170	1457

207	170	1446

208	170	1434

209	170	1429

210	170	1432

211	170	1443

212	170	1447

213	170	1443

216	170	1449

217	170	1458

218	170	1459

219	170	1459

220	170	1473

202	171	1458

203	171	1433

204	171	1430

205	171	1429

221	171	1461

222	171	1463

223	171	1474

200	172	1416

201	172	1435

223	172	1452

200	173	1429

224	173	1461

198	174	1435

199	174	1426

225	174	1477

197	175	1427

225	175	1463

196	176	1410

226	176	1485

196	177	1434

226	177	1483

196	178	1441

226	178	1488

196	179	1452

226	179	1493

196	180	1462

226	180	1497

195	181	1460

226	181	1502

194	182	1445

195	182	1448

225	182	1487

196	183	1440

224	183	1475

196	184	1411

224	184	1493

195	185	1398

224	185	1523

196	186	1423

223	186	1512

195	187	1412

222	187	1520

196	188	1428

221	188	1535

196	189	1453

220	189	1537

197	190	1433

218	190	1494

219	190	1536

197	191	1441

217	191	1503

197	192	1453

216	192	1521

196	193	1488

215	193	1535

196	194	1439

214	194	1530

195	195	1436

213	195	1511

195	196	1416

212	196	1490

196	197	1457

212	197	1506

195	198	1468

212	198	1523

195	199	1471

211	199	1496

195	200	1462

211	200	1516

195	201	1459

211	201	1536

193	202	1448

194	202	1475

210	202	1506

192	203	1419

210	203	1516

192	204	1416

210	204	1526

193	205	1438

210	205	1532

192	206	1449

209	206	1504

193	207	1455

209	207	1511

193	208	1453

209	208	1516

192	209	1450

209	209	1522

190	210	1476

191	210	1473

209	210	1523

189	211	1464

190	211	1473

191	211	1459

192	211	1461

193	211	1459

194	211	1453

195	211	1450

196	211	1447

197	211	1445

198	211	1446

199	211	1444

200	211	1444

201	211	1443

202	211	1446

203	211	1449

204	211	1451

205	211	1457

206	211	1466

207	211	1479

208	211	1496

209	211	1526

