171	135	1398

175	135	1399

176	135	1403

177	135	1402

178	135	1400

181	135	1414

182	135	1428

183	135	1393

185	135	1392

186	135	1414

187	135	1413

188	135	1417

189	135	1422

167	136	1392

168	136	1394

169	136	1397

170	136	1395

172	136	1392

173	136	1397

174	136	1402

179	136	1407

180	136	1412

183	136	1418

185	136	1412

190	136	1428

162	137	1405

163	137	1397

164	137	1394

165	137	1393

166	137	1391

184	137	1417

190	137	1433

161	138	1405

189	138	1427

159	139	1408

160	139	1396

188	139	1424

160	140	1401

188	140	1430

159	141	1433

188	141	1434

159	142	1432

188	142	1438

160	143	1397

187	143	1429

159	144	1405

187	144	1434

159	145	1407

187	145	1440

159	146	1413

186	146	1435

159	147	1412

186	147	1437

158	148	1388

186	148	1440

158	149	1388

185	149	1429

158	150	1408

185	150	1435

157	151	1425

184	151	1435

157	152	1448

182	152	1434

183	152	1437

157	153	1419

179	153	1435

180	153	1438

181	153	1441

157	154	1409

176	154	1429

177	154	1435

178	154	1440

156	155	1397

174	155	1427

175	155	1434

156	156	1418

173	156	1434

156	157	1425

172	157	1434

156	158	1432

171	158	1431

156	159	1432

170	159	1429

156	160	1424

170	160	1436

156	161	1419

169	161	1434

155	162	1442

169	162	1440

155	163	1416

169	163	1446

155	164	1419

169	164	1451

154	165	1423

168	165	1443

154	166	1424

168	166	1448

153	167	1429

168	167	1453

153	168	1440

168	168	1457

153	169	1429

168	169	1460

153	170	1426

168	170	1460

152	171	1466

168	171	1467

153	172	1425

167	172	1462

152	173	1436

167	173	1468

152	174	1425

167	174	1470

151	175	1414

167	175	1474

150	176	1456

167	176	1481

151	177	1441

166	177	1473

150	178	1443

166	178	1475

150	179	1435

166	179	1476

149	180	1429

166	180	1478

149	181	1441

166	181	1483

149	182	1441

165	182	1475

148	183	1427

165	183	1476

148	184	1435

165	184	1481

147	185	1456

148	185	1438

149	185	1438

150	185	1436

151	185	1437

152	185	1435

153	185	1434

154	185	1432

155	185	1434

156	185	1435

157	185	1438

158	185	1437

159	185	1440

160	185	1441

161	185	1446

162	185	1449

163	185	1456

164	185	1467

165	185	1485

