160	174	1710

161	174	1703

162	174	1703

163	174	1705

164	174	1707

165	174	1708

166	174	1705

167	174	1708

168	174	1717

169	174	1725

158	175	1711

159	175	1701

170	175	1713

171	175	1719

157	176	1709

172	176	1709

173	176	1720

174	176	1725

157	177	1696

175	177	1710

156	178	1709

176	178	1704

177	178	1701

178	178	1705

179	178	1707

180	178	1714

156	179	1709

180	179	1715

155	180	1731

179	180	1707

155	181	1723

179	181	1722

155	182	1715

178	182	1720

155	183	1713

178	183	1734

155	184	1719

178	184	1746

155	185	1722

177	185	1741

154	186	1773

176	186	1737

154	187	1748

176	187	1754

154	188	1745

173	188	1730

174	188	1736

175	188	1752

153	189	1759

170	189	1727

171	189	1734

172	189	1740

153	190	1751

166	190	1721

168	190	1730

169	190	1738

152	191	1769

164	191	1745

165	191	1743

167	191	1753

152	192	1759

163	192	1774

151	193	1770

162	193	1774

150	194	1793

161	194	1775

150	195	1787

160	195	1780

149	196	1806

160	196	1804

149	197	1797

159	197	1802

149	198	1790

158	198	1798

148	199	1812

157	199	1797

148	200	1804

157	200	1809

148	201	1800

156	201	1809

147	202	1811

155	202	1805

147	203	1811

155	203	1812

147	204	1812

154	204	1811

148	205	1814

152	205	1807

153	205	1813

149	206	1812

150	206	1811

151	206	1812

