184	135	1453

185	135	1459

169	136	1418

170	136	1419

171	136	1423

173	136	1423

183	136	1447

185	136	1455

164	137	1418

165	137	1412

166	137	1410

167	137	1413

168	137	1415

172	137	1425

174	137	1430

175	137	1430

176	137	1435

177	137	1437

178	137	1444

179	137	1445

182	137	1446

185	137	1452

161	138	1433

162	138	1423

163	138	1419

180	138	1445

181	138	1448

185	138	1451

160	139	1435

185	139	1453

159	140	1436

185	140	1457

158	141	1431

185	141	1457

158	142	1431

185	142	1454

158	143	1424

185	143	1455

158	144	1420

184	144	1448

158	145	1415

185	145	1448

157	146	1417

184	146	1446

157	147	1404

184	147	1449

158	148	1415

183	148	1442

157	149	1449

183	149	1442

157	150	1441

184	150	1451

157	151	1430

182	151	1447

183	151	1452

157	152	1424

180	152	1446

181	152	1451

156	153	1445

178	153	1449

179	153	1455

156	154	1425

176	154	1442

177	154	1451

156	155	1396

174	155	1434

175	155	1439

156	156	1404

173	156	1435

155	157	1381

172	157	1440

155	158	1389

171	158	1437

156	159	1415

170	159	1430

155	160	1412

170	160	1434

155	161	1425

169	161	1432

155	162	1428

169	162	1438

154	163	1474

169	163	1445

155	164	1416

169	164	1453

154	165	1433

168	165	1445

154	166	1425

168	166	1450

153	167	1440

168	167	1455

154	168	1416

168	168	1464

152	169	1486

153	169	1429

168	169	1470

152	170	1464

167	170	1458

152	171	1438

167	171	1459

152	172	1447

167	172	1460

152	173	1443

167	173	1461

151	174	1432

166	174	1455

151	175	1433

166	175	1458

151	176	1426

166	176	1463

151	177	1432

166	177	1469

150	178	1436

165	178	1463

150	179	1440

165	179	1469

149	180	1473

165	180	1475

149	181	1456

165	181	1480

148	182	1474

165	182	1483

148	183	1466

149	183	1452

150	183	1438

151	183	1436

152	183	1431

153	183	1432

154	183	1431

155	183	1432

156	183	1433

157	183	1432

158	183	1434

159	183	1436

160	183	1439

161	183	1442

162	183	1447

163	183	1458

164	183	1472

165	183	1488

