173	165	1861

174	165	1861

161	166	1827

162	166	1828

163	166	1826

164	166	1831

165	166	1835

166	166	1837

167	166	1836

168	166	1842

169	166	1847

170	166	1848

171	166	1850

172	166	1852

174	166	1855

157	167	1843

158	167	1828

159	167	1818

160	167	1817

174	167	1853

156	168	1839

174	168	1855

156	169	1834

174	169	1857

155	170	1846

174	170	1857

155	171	1842

174	171	1860

155	172	1841

174	172	1860

154	173	1871

174	173	1862

154	174	1873

173	174	1850

154	175	1874

173	175	1853

154	176	1885

173	176	1860

154	177	1863

172	177	1862

154	178	1848

170	178	1855

171	178	1874

154	179	1838

168	179	1844

169	179	1863

154	180	1831

167	180	1851

154	181	1831

165	181	1853

166	181	1873

153	182	1846

164	182	1851

153	183	1841

163	183	1841

153	184	1834

163	184	1847

152	185	1858

162	185	1845

152	186	1847

162	186	1856

152	187	1845

162	187	1875

152	188	1840

161	188	1865

151	189	1860

161	189	1879

151	190	1848

161	190	1885

151	191	1846

160	191	1870

150	192	1864

160	192	1888

150	193	1862

160	193	1904

149	194	1905

159	194	1879

149	195	1884

159	195	1887

149	196	1875

159	196	1896

148	197	1910

149	197	1866

150	197	1849

151	197	1842

152	197	1840

153	197	1840

154	197	1843

155	197	1847

156	197	1851

157	197	1860

158	197	1876

159	197	1906

