202	157	1471

196	158	1465

197	158	1466

200	158	1470

201	158	1454

203	158	1444

204	158	1448

205	158	1456

206	158	1449

207	158	1446

208	158	1445

209	158	1448

210	158	1457

211	158	1472

194	159	1481

195	159	1468

198	159	1460

199	159	1461

212	159	1483

192	160	1458

193	160	1455

212	160	1498

191	161	1449

211	161	1469

190	162	1440

211	162	1491

189	163	1451

210	163	1461

189	164	1451

210	164	1471

188	165	1466

210	165	1489

188	166	1462

209	166	1459

187	167	1490

209	167	1465

187	168	1473

210	168	1511

187	169	1457

210	169	1493

187	170	1465

210	170	1480

187	171	1444

211	171	1507

188	172	1449

211	172	1510

188	173	1452

210	173	1488

187	174	1448

209	174	1485

188	175	1474

209	175	1515

189	176	1488

208	176	1508

189	177	1483

207	177	1497

189	178	1512

206	178	1499

190	179	1493

205	179	1516

190	180	1493

203	180	1532

204	180	1548

189	181	1510

202	181	1545

188	182	1536

202	182	1555

188	183	1530

201	183	1549

187	184	1528

201	184	1567

187	185	1540

200	185	1570

188	186	1547

199	186	1563

187	187	1543

199	187	1568

188	188	1543

198	188	1555

187	189	1559

198	189	1564

187	190	1562

197	190	1557

186	191	1567

187	191	1556

188	191	1548

189	191	1543

190	191	1542

191	191	1540

192	191	1542

193	191	1544

194	191	1546

195	191	1548

196	191	1555

197	191	1565

