194	151	1282

195	151	1273

196	151	1280

193	152	1276

197	152	1272

201	152	1297

202	152	1297

203	152	1317

188	153	1271

189	153	1264

190	153	1269

191	153	1277

192	153	1270

198	153	1266

199	153	1270

200	153	1270

204	153	1305

186	154	1296

187	154	1266

204	154	1293

182	155	1284

183	155	1276

184	155	1268

185	155	1267

204	155	1283

182	156	1262

204	156	1271

181	157	1263

205	157	1282

180	158	1274

205	158	1272

180	159	1260

205	159	1265

180	160	1254

205	160	1266

179	161	1280

205	161	1270

179	162	1271

205	162	1288

178	163	1309

204	163	1268

178	164	1352

204	164	1276

179	165	1272

204	165	1284

179	166	1274

204	166	1299

179	167	1280

204	167	1313

179	168	1294

204	168	1313

179	169	1342

205	169	1350

180	170	1294

205	170	1336

180	171	1321

205	171	1338

180	172	1368

205	172	1356

181	173	1349

204	173	1344

179	174	1367

180	174	1367

202	174	1334

203	174	1359

179	175	1359

200	175	1310

201	175	1334

180	176	1367

195	176	1313

197	176	1309

198	176	1316

199	176	1327

180	177	1367

193	177	1359

194	177	1360

196	177	1354

178	178	1349

179	178	1366

180	178	1360

181	178	1356

182	178	1353

183	178	1351

184	178	1343

185	178	1337

186	178	1334

187	178	1337

188	178	1340

189	178	1345

190	178	1348

191	178	1354

192	178	1361

