183	159	1743

169	160	1731

174	160	1736

175	160	1737

176	160	1738

177	160	1742

178	160	1744

179	160	1745

181	160	1744

182	160	1746

183	160	1739

167	161	1719

168	161	1713

170	161	1720

171	161	1720

172	161	1719

173	161	1722

180	161	1741

183	161	1740

165	162	1730

166	162	1721

183	162	1742

164	163	1731

184	163	1751

164	164	1727

184	164	1756

163	165	1730

183	165	1748

163	166	1725

183	166	1748

162	167	1735

183	167	1752

162	168	1737

183	168	1752

162	169	1743

183	169	1752

162	170	1737

183	170	1750

162	171	1737

183	171	1761

162	172	1746

182	172	1757

162	173	1746

180	173	1748

181	173	1760

162	174	1733

178	174	1743

179	174	1755

162	175	1730

176	175	1740

177	175	1747

161	176	1748

175	176	1743

161	177	1742

174	177	1748

161	178	1737

173	178	1746

161	179	1732

172	179	1736

161	180	1729

172	180	1744

161	181	1727

171	181	1738

161	182	1724

171	182	1754

160	183	1737

171	183	1768

160	184	1732

170	184	1755

159	185	1744

170	185	1760

159	186	1736

170	186	1767

159	187	1739

169	187	1753

159	188	1742

169	188	1763

158	189	1762

169	189	1774

158	190	1757

168	190	1761

158	191	1759

168	191	1770

158	192	1756

168	192	1777

157	193	1776

158	193	1752

159	193	1740

160	193	1738

161	193	1737

162	193	1737

163	193	1737

164	193	1740

165	193	1746

166	193	1753

167	193	1765

168	193	1784

