174	166	1899

165	167	1876

166	167	1876

167	167	1873

168	167	1873

169	167	1880

172	167	1898

173	167	1894

174	167	1890

159	168	1854

160	168	1853

161	168	1854

162	168	1856

163	168	1857

164	168	1858

170	168	1878

171	168	1882

174	168	1885

157	169	1874

158	169	1863

174	169	1885

156	170	1870

174	170	1886

156	171	1863

174	171	1883

156	172	1861

174	172	1883

156	173	1860

174	173	1886

155	174	1873

174	174	1888

155	175	1875

174	175	1890

155	176	1883

173	176	1875

156	177	1860

173	177	1883

155	178	1873

172	178	1883

173	178	1900

155	179	1869

170	179	1879

171	179	1892

154	180	1899

169	180	1886

154	181	1885

168	181	1897

154	182	1878

166	182	1883

167	182	1909

154	183	1871

165	183	1887

154	184	1864

164	184	1882

154	185	1863

164	185	1904

154	186	1862

163	186	1888

153	187	1876

163	187	1910

153	188	1871

162	188	1894

152	189	1897

162	189	1910

152	190	1889

162	190	1923

151	191	1912

161	191	1900

151	192	1901

161	192	1913

151	193	1891

161	193	1937

151	194	1887

160	194	1914

150	195	1913

160	195	1922

150	196	1904

160	196	1931

150	197	1903

151	197	1881

152	197	1874

153	197	1872

154	197	1872

155	197	1874

156	197	1876

157	197	1881

158	197	1892

159	197	1912

160	197	1946

