205	169	1427

206	169	1418

207	169	1416

208	169	1420

209	169	1429

210	169	1434

211	169	1428

212	169	1423

213	169	1427

214	169	1439

215	169	1447

216	169	1444

217	169	1443

218	169	1454

202	170	1419

203	170	1412

204	170	1409

219	170	1441

220	170	1442

221	170	1451

199	171	1416

200	171	1409

201	171	1398

222	171	1456

197	172	1427

198	172	1411

222	172	1438

196	173	1428

223	173	1456

195	174	1436

223	174	1444

195	175	1420

224	175	1459

193	176	1441

194	176	1414

224	176	1451

195	177	1399

224	177	1453

193	178	1459

194	178	1420

224	178	1458

193	179	1480

224	179	1463

194	180	1414

224	180	1465

194	181	1404

224	181	1483

193	182	1422

223	182	1467

193	183	1430

223	183	1499

194	184	1403

222	184	1472

193	185	1463

222	185	1503

193	186	1455

220	186	1471

221	186	1504

194	187	1440

219	187	1482

194	188	1443

218	188	1483

194	189	1459

217	189	1478

194	190	1463

216	190	1487

194	191	1423

214	191	1464

215	191	1501

195	192	1415

213	192	1482

194	193	1406

212	193	1485

193	194	1394

212	194	1515

194	195	1438

211	195	1493

194	196	1438

210	196	1470

194	197	1429

210	197	1486

193	198	1450

210	198	1505

193	199	1441

209	199	1480

194	200	1420

209	200	1496

193	201	1430

209	201	1509

192	202	1460

208	202	1487

191	203	1426

208	203	1495

191	204	1441

208	204	1503

191	205	1446

208	205	1509

191	206	1437

208	206	1515

191	207	1434

207	207	1489

190	208	1435

207	208	1495

190	209	1450

207	209	1498

189	210	1475

207	210	1499

189	211	1437

190	211	1436

191	211	1437

192	211	1436

193	211	1431

194	211	1429

195	211	1426

196	211	1427

197	211	1426

198	211	1428

199	211	1428

200	211	1428

201	211	1429

202	211	1434

203	211	1439

204	211	1447

205	211	1458

206	211	1476

207	211	1503

