182	136	1471

183	136	1474

181	137	1468

183	137	1473

162	138	1436

163	138	1432

164	138	1431

165	138	1432

166	138	1433

167	138	1433

168	138	1435

169	138	1437

170	138	1443

171	138	1443

172	138	1444

173	138	1443

174	138	1451

175	138	1457

176	138	1462

177	138	1460

178	138	1459

180	138	1466

183	138	1470

159	139	1430

160	139	1438

161	139	1437

179	139	1464

182	139	1466

159	140	1438

182	140	1464

157	141	1441

158	141	1440

182	141	1464

157	142	1442

182	142	1465

156	143	1411

182	143	1467

156	144	1460

182	144	1468

156	145	1454

182	145	1466

156	146	1436

182	146	1465

156	147	1431

182	147	1466

156	148	1434

181	148	1464

156	149	1437

181	149	1462

155	150	1434

181	150	1462

155	151	1471

181	151	1463

155	152	1462

180	152	1465

155	153	1458

178	153	1469

179	153	1472

155	154	1449

176	154	1467

177	154	1470

155	155	1438

174	155	1460

175	155	1466

154	156	1446

172	156	1455

173	156	1461

154	157	1447

170	157	1452

171	157	1455

154	158	1440

169	158	1453

154	159	1449

169	159	1458

153	160	1503

168	160	1450

154	161	1451

168	161	1454

154	162	1441

168	162	1462

152	163	1428

153	163	1443

168	163	1471

152	164	1443

167	164	1464

153	165	1438

167	165	1469

153	166	1434

167	166	1471

152	167	1450

166	167	1467

152	168	1449

166	168	1472

152	169	1447

166	169	1475

152	170	1441

165	170	1470

151	171	1439

165	171	1478

151	172	1443

165	172	1480

150	173	1440

165	173	1485

150	174	1480

164	174	1480

150	175	1479

164	175	1486

149	176	1485

164	176	1486

149	177	1485

164	177	1488

149	178	1460

164	178	1493

149	179	1459

164	179	1501

148	180	1451

163	180	1491

148	181	1456

163	181	1495

148	182	1459

163	182	1498

147	183	1461

163	183	1502

147	184	1465

163	184	1506

146	185	1451

163	185	1509

146	186	1471

163	186	1511

146	187	1476

147	187	1467

148	187	1461

149	187	1456

150	187	1455

151	187	1457

152	187	1457

153	187	1458

154	187	1457

155	187	1458

156	187	1459

157	187	1462

158	187	1466

159	187	1471

160	187	1474

161	187	1480

162	187	1495

163	187	1514

