175	146	1526

176	146	1525

177	146	1527

178	146	1530

179	146	1532

180	146	1534

181	146	1533

182	146	1534

183	146	1535

184	146	1538

185	146	1536

186	146	1536

193	146	1553

194	146	1553

173	147	1531

174	147	1527

187	147	1543

188	147	1548

189	147	1554

191	147	1560

192	147	1560

194	147	1555

172	148	1537

190	148	1556

194	148	1559

171	149	1520

194	149	1561

170	150	1549

194	150	1563

170	151	1527

194	151	1562

170	152	1530

194	152	1562

170	153	1530

194	153	1562

169	154	1541

194	154	1561

169	155	1536

194	155	1561

169	156	1544

193	156	1557

169	157	1547

193	157	1556

169	158	1539

193	158	1554

169	159	1514

193	159	1556

169	160	1534

193	160	1562

169	161	1551

191	161	1556

192	161	1562

169	162	1578

189	162	1551

190	162	1558

169	163	1528

188	163	1552

169	164	1513

186	164	1540

187	164	1546

169	165	1525

184	165	1538

185	165	1542

169	166	1522

183	166	1539

169	167	1518

182	167	1546

169	168	1520

182	168	1551

168	169	1529

181	169	1542

168	170	1528

181	170	1545

168	171	1527

180	171	1546

168	172	1543

180	172	1554

167	173	1554

180	173	1564

167	174	1531

179	174	1561

166	175	1513

179	175	1569

166	176	1558

179	176	1579

166	177	1555

178	177	1569

166	178	1556

178	178	1575

165	179	1567

178	179	1581

165	180	1567

177	180	1579

165	181	1571

177	181	1589

165	182	1569

177	182	1593

164	183	1588

177	183	1595

164	184	1586

177	184	1602

163	185	1589

177	185	1617

163	186	1585

177	186	1629

162	187	1593

176	187	1615

162	188	1595

176	188	1621

161	189	1609

162	189	1597

163	189	1586

164	189	1576

165	189	1571

166	189	1567

167	189	1567

168	189	1567

169	189	1569

170	189	1571

171	189	1573

172	189	1575

173	189	1582

174	189	1590

175	189	1606

176	189	1628

