236	166	1620

237	167	1621

238	167	1627

236	168	1635

215	174	1540

216	174	1530

217	174	1531

218	174	1539

219	174	1551

220	174	1553

221	174	1550

222	174	1544

223	174	1547

224	174	1557

225	174	1562

226	174	1565

227	174	1575

212	175	1539

213	175	1542

214	175	1540

228	175	1562

229	175	1565

230	175	1574

209	176	1547

210	176	1523

211	176	1521

231	176	1575

207	177	1554

208	177	1534

231	177	1563

207	178	1539

232	178	1580

206	179	1544

232	179	1565

206	180	1532

233	180	1573

205	181	1532

233	181	1572

205	182	1527

233	182	1576

205	183	1511

233	183	1583

205	184	1542

232	184	1578

205	185	1522

232	185	1594

205	186	1530

232	186	1622

205	187	1527

231	187	1597

205	188	1555

231	188	1624

206	189	1528

230	189	1616

205	190	1538

228	190	1598

229	190	1629

206	191	1528

227	191	1599

206	192	1527

226	192	1598

206	193	1539

225	193	1605

205	194	1564

224	194	1618

206	195	1544

222	195	1602

223	195	1636

205	196	1562

221	196	1600

205	197	1548

221	197	1628

205	198	1576

220	198	1605

205	199	1552

220	199	1630

205	200	1542

219	200	1603

205	201	1533

219	201	1619

205	202	1542

218	202	1599

204	203	1559

218	203	1612

204	204	1543

218	204	1623

204	205	1535

218	205	1632

204	206	1549

217	206	1604

203	207	1561

217	207	1610

202	208	1566

217	208	1617

203	209	1557

217	209	1623

202	210	1553

217	210	1630

202	211	1560

217	211	1633

201	212	1562

217	212	1636

201	213	1573

216	213	1608

199	214	1538

200	214	1567

201	214	1572

202	214	1567

203	214	1560

204	214	1557

205	214	1555

206	214	1553

207	214	1552

208	214	1554

209	214	1555

210	214	1556

211	214	1555

212	214	1560

213	214	1566

214	214	1577

215	214	1590

216	214	1612

