198	185	1680

199	185	1677

200	185	1678

201	185	1680

202	185	1686

203	185	1688

204	185	1690

205	185	1691

206	185	1698

207	185	1703

193	186	1682

194	186	1678

195	186	1675

196	186	1678

197	186	1678

208	186	1703

209	186	1706

210	186	1702

191	187	1696

192	187	1693

211	187	1697

190	188	1689

212	188	1701

190	189	1694

213	189	1703

189	190	1674

213	190	1700

190	191	1686

214	191	1724

189	192	1694

214	192	1741

189	193	1694

213	193	1721

189	194	1693

214	194	1796

188	195	1704

213	195	1750

188	196	1693

213	196	1779

189	197	1687

212	197	1746

189	198	1692

212	198	1780

188	199	1723

210	199	1746

211	199	1778

189	200	1695

209	200	1771

189	201	1695

207	201	1751

208	201	1792

189	202	1700

206	202	1760

188	203	1730

204	203	1760

205	203	1794

188	204	1715

203	204	1786

188	205	1698

202	205	1784

188	206	1711

201	206	1760

188	207	1710

201	207	1786

188	208	1712

200	208	1752

187	209	1732

200	209	1775

187	210	1724

200	210	1796

187	211	1715

199	211	1765

186	212	1729

199	212	1777

186	213	1727

199	213	1790

185	214	1754

198	214	1759

185	215	1739

198	215	1772

185	216	1734

198	216	1781

184	217	1758

198	217	1790

184	218	1757

198	218	1795

183	219	1769

184	219	1747

185	219	1729

186	219	1712

187	219	1708

188	219	1707

189	219	1706

190	219	1706

191	219	1705

192	219	1708

193	219	1711

194	219	1718

195	219	1724

196	219	1735

197	219	1758

