214	185	1787

215	185	1782

216	185	1781

217	185	1777

218	185	1778

219	185	1779

220	185	1784

221	185	1784

222	185	1791

223	185	1794

224	185	1795

225	185	1790

226	185	1788

211	186	1771

212	186	1772

213	186	1771

227	186	1788

228	186	1789

209	187	1781

210	187	1774

228	187	1789

208	188	1785

229	188	1795

208	189	1786

229	189	1801

207	190	1793

229	190	1805

207	191	1794

229	191	1808

207	192	1798

230	192	1826

207	193	1799

230	193	1850

207	194	1794

229	194	1838

206	195	1792

228	195	1821

207	196	1785

228	196	1841

207	197	1788

227	197	1840

228	197	1888

207	198	1795

226	198	1854

207	199	1804

225	199	1860

207	200	1807

224	200	1862

207	201	1812

222	201	1834

223	201	1875

207	202	1819

221	202	1848

207	203	1813

220	203	1858

207	204	1814

219	204	1852

207	205	1810

219	205	1883

207	206	1804

218	206	1850

206	207	1834

218	207	1870

206	208	1828

218	208	1889

206	209	1829

217	209	1857

206	210	1819

217	210	1874

206	211	1814

217	211	1886

205	212	1838

217	212	1889

205	213	1829

216	213	1856

205	214	1825

216	214	1861

205	215	1821

216	215	1873

204	216	1843

216	216	1879

204	217	1836

205	217	1815

206	217	1805

207	217	1800

208	217	1798

209	217	1796

210	217	1795

211	217	1799

212	217	1806

213	217	1815

214	217	1826

215	217	1847

216	217	1886

