200	150	1372

201	150	1369

195	151	1382

196	151	1378

198	151	1352

199	151	1346

202	151	1331

203	151	1348

206	151	1336

207	151	1328

208	151	1330

209	151	1339

210	151	1363

193	152	1380

194	152	1365

197	152	1356

204	152	1330

205	152	1331

210	152	1340

189	153	1360

190	153	1349

191	153	1350

192	153	1355

211	153	1364

188	154	1354

211	154	1373

187	155	1350

210	155	1347

186	156	1393

210	156	1360

186	157	1372

210	157	1382

185	158	1390

209	158	1351

185	159	1357

209	159	1369

185	160	1359

208	160	1346

184	161	1410

208	161	1345

184	162	1447

209	162	1382

184	163	1435

209	163	1363

184	164	1427

210	164	1387

184	165	1376

210	165	1377

183	166	1375

184	166	1426

210	166	1379

185	167	1378

210	167	1396

186	168	1364

209	168	1380

186	169	1376

208	169	1378

187	170	1366

208	170	1413

186	171	1384

207	171	1401

186	172	1394

206	172	1391

187	173	1396

205	173	1390

187	174	1401

203	174	1390

204	174	1407

186	175	1426

202	175	1419

186	176	1442

201	176	1432

187	177	1420

201	177	1442

186	178	1441

201	178	1453

185	179	1431

200	179	1445

184	180	1450

199	180	1449

185	181	1437

198	181	1447

185	182	1430

198	182	1450

184	183	1447

197	183	1443

184	184	1438

197	184	1451

184	185	1436

196	185	1444

183	186	1434

196	186	1449

183	187	1451

184	187	1446

196	187	1453

185	188	1452

186	188	1442

187	188	1436

188	188	1433

189	188	1433

190	188	1433

191	188	1434

192	188	1434

193	188	1438

194	188	1440

195	188	1449

