237	167	1527

239	167	1672

225	177	1587

226	177	1584

227	177	1592

230	177	1601

217	178	1587

218	178	1585

219	178	1595

220	178	1575

221	178	1567

222	178	1569

223	178	1579

224	178	1583

228	178	1587

229	178	1590

231	178	1594

232	178	1602

233	178	1595

216	179	1561

234	179	1593

213	180	1571

215	180	1562

235	180	1602

211	181	1552

212	181	1555

214	181	1557

235	181	1592

211	182	1558

236	182	1603

211	183	1581

237	183	1633

210	184	1566

237	184	1622

210	185	1600

237	185	1622

210	186	1590

237	186	1627

210	187	1578

237	187	1644

211	188	1568

236	188	1627

210	189	1575

236	189	1646

210	190	1581

236	190	1676

211	191	1569

235	191	1645

210	192	1565

234	192	1638

210	193	1534

233	193	1646

211	194	1580

232	194	1650

211	195	1578

231	195	1651

211	196	1580

230	196	1655

211	197	1591

228	197	1629

229	197	1667

211	198	1597

227	198	1640

211	199	1593

226	199	1647

211	200	1569

225	200	1640

210	201	1593

225	201	1667

209	202	1519

210	202	1583

224	202	1635

209	203	1525

211	203	1581

224	203	1653

210	204	1575

224	204	1675

210	205	1584

223	205	1643

210	206	1594

223	206	1656

210	207	1594

223	207	1667

209	208	1597

222	208	1642

209	209	1591

222	209	1649

208	210	1595

222	210	1658

208	211	1598

222	211	1665

205	212	1563

208	212	1602

222	212	1672

208	213	1602

209	213	1601

210	213	1595

211	213	1594

212	213	1592

213	213	1592

214	213	1592

215	213	1594

216	213	1595

217	213	1598

218	213	1602

219	213	1612

220	213	1623

221	213	1643

222	213	1675

