208	170	1482

209	170	1486

212	170	1489

213	170	1486

214	170	1492

216	170	1497

217	170	1504

205	171	1487

206	171	1475

207	171	1469

210	171	1475

211	171	1478

215	171	1487

218	171	1498

219	171	1509

201	172	1463

202	172	1460

203	172	1461

204	172	1465

220	172	1494

221	172	1503

200	173	1464

222	173	1501

197	174	1479

198	174	1466

199	174	1466

223	174	1518

197	175	1466

223	175	1502

196	176	1486

224	176	1523

196	177	1468

224	177	1510

196	178	1457

224	178	1508

195	179	1513

224	179	1512

195	180	1483

224	180	1520

196	181	1472

224	181	1526

196	182	1465

224	182	1528

196	183	1459

224	183	1536

195	184	1504

223	184	1538

195	185	1469

223	185	1572

195	186	1489

222	186	1560

195	187	1465

220	187	1536

221	187	1565

194	188	1502

219	188	1543

195	189	1501

218	189	1538

196	190	1471

217	190	1535

196	191	1469

216	191	1547

196	192	1504

214	192	1531

215	192	1565

195	193	1491

213	193	1543

195	194	1498

212	194	1536

195	195	1497

212	195	1563

195	196	1516

211	196	1540

195	197	1527

211	197	1565

195	198	1513

210	198	1538

195	199	1488

210	199	1554

194	200	1476

210	200	1565

194	201	1439

209	201	1539

194	202	1489

209	202	1550

194	203	1483

209	203	1560

193	204	1472

209	204	1567

192	205	1519

209	205	1572

193	206	1493

208	206	1546

193	207	1490

208	207	1551

192	208	1496

208	208	1558

191	209	1453

208	209	1562

191	210	1464

208	210	1568

189	211	1475

190	211	1477

191	211	1485

192	211	1490

193	211	1492

194	211	1492

195	211	1490

196	211	1488

197	211	1487

198	211	1486

199	211	1484

200	211	1485

201	211	1486

202	211	1491

203	211	1494

204	211	1501

205	211	1509

206	211	1522

207	211	1542

208	211	1574

