237	166	1596

235	167	1595

239	167	1595

240	167	1586

216	172	1502

217	172	1519

218	172	1513

219	172	1496

220	172	1496

221	172	1503

222	172	1515

223	172	1514

224	172	1508

225	172	1506

226	172	1516

227	172	1529

228	172	1530

229	172	1527

230	172	1534

215	173	1505

231	173	1529

232	173	1533

233	173	1537

211	174	1515

212	174	1505

213	174	1496

214	174	1494

234	174	1547

210	175	1478

234	175	1528

210	176	1502

235	176	1546

209	177	1527

235	177	1525

209	178	1503

236	178	1541

209	179	1500

236	179	1537

208	180	1507

236	180	1546

207	181	1554

236	181	1562

207	182	1554

236	182	1579

208	183	1503

235	183	1541

207	184	1548

235	184	1558

207	185	1537

235	185	1598

207	186	1519

234	186	1570

207	187	1528

233	187	1564

207	188	1506

232	188	1568

208	189	1504

231	189	1575

208	190	1522

230	190	1583

208	191	1534

229	191	1587

208	192	1557

227	192	1559

228	192	1597

209	193	1497

226	193	1571

208	194	1499

225	194	1581

208	195	1502

224	195	1579

208	196	1510

223	196	1565

208	197	1513

223	197	1593

207	198	1537

222	198	1562

207	199	1528

222	199	1579

207	200	1522

222	200	1598

207	201	1526

221	201	1572

205	202	1499

206	202	1526

221	202	1588

205	203	1515

221	203	1602

204	204	1514

220	204	1574

203	205	1488

220	205	1583

203	206	1481

220	206	1588

204	207	1545

220	207	1593

203	208	1526

220	208	1599

203	209	1526

220	209	1606

247	209	1609

202	210	1471

219	210	1576

202	211	1531

203	211	1525

204	211	1527

205	211	1523

206	211	1518

207	211	1513

208	211	1511

209	211	1509

210	211	1510

211	211	1509

212	211	1510

213	211	1511

214	211	1515

215	211	1519

216	211	1527

217	211	1536

218	211	1554

219	211	1582

246	211	1609

247	211	1607

