187	153	1643

173	154	1624

174	154	1625

175	154	1622

176	154	1624

177	154	1627

178	154	1632

179	154	1632

180	154	1635

181	154	1637

182	154	1645

183	154	1649

184	154	1652

185	154	1649

186	154	1649

187	154	1646

169	155	1620

170	155	1616

171	155	1614

172	155	1617

187	155	1649

167	156	1621

168	156	1620

187	156	1649

167	157	1624

187	157	1648

166	158	1625

187	158	1651

166	159	1621

187	159	1651

165	160	1628

187	160	1655

165	161	1614

187	161	1651

165	162	1625

187	162	1648

164	163	1641

187	163	1646

164	164	1640

187	164	1648

165	165	1618

187	165	1653

165	166	1623

186	166	1649

165	167	1629

185	167	1653

164	168	1675

183	168	1649

184	168	1656

164	169	1648

181	169	1648

182	169	1658

164	170	1630

179	170	1641

180	170	1654

164	171	1622

178	171	1642

164	172	1621

177	172	1639

163	173	1645

176	173	1640

163	174	1629

176	174	1651

163	175	1629

175	175	1642

162	176	1631

175	176	1653

162	177	1642

174	177	1645

163	178	1627

174	178	1652

162	179	1636

174	179	1658

161	180	1651

173	180	1655

161	181	1638

173	181	1663

161	182	1637

173	182	1673

161	183	1638

173	183	1673

160	184	1667

172	184	1661

160	185	1619

172	185	1666

160	186	1651

172	186	1675

160	187	1653

172	187	1683

159	188	1678

172	188	1692

159	189	1661

172	189	1704

159	190	1655

171	190	1682

158	191	1676

171	191	1692

158	192	1662

171	192	1699

157	193	1667

158	193	1656

159	193	1648

160	193	1644

161	193	1644

162	193	1644

163	193	1646

164	193	1647

165	193	1647

166	193	1648

167	193	1651

168	193	1658

169	193	1668

170	193	1684

171	193	1706

