203	186	1806

204	186	1806

205	186	1810

206	186	1818

207	186	1817

208	186	1819

209	186	1822

210	186	1829

211	186	1832

212	186	1832

213	186	1833

199	187	1809

200	187	1804

201	187	1803

202	187	1800

214	187	1823

215	187	1828

197	188	1818

198	188	1804

215	188	1831

196	189	1828

216	189	1839

195	190	1827

216	190	1833

195	191	1823

216	191	1833

195	192	1820

216	192	1835

195	193	1819

217	193	1856

195	194	1817

217	194	1887

194	195	1822

216	195	1869

194	196	1828

216	196	1895

194	197	1838

215	197	1875

194	198	1846

214	198	1875

215	198	1916

195	199	1821

213	199	1883

195	200	1828

212	200	1882

195	201	1832

211	201	1884

195	202	1835

210	202	1891

195	203	1832

208	203	1880

209	203	1914

195	204	1834

207	204	1889

194	205	1866

206	205	1870

194	206	1866

206	206	1889

194	207	1861

206	207	1912

195	208	1832

205	208	1877

194	209	1860

205	209	1894

194	210	1854

205	210	1913

194	211	1851

204	211	1884

194	212	1844

204	212	1895

193	213	1864

204	213	1896

193	214	1858

204	214	1904

192	215	1890

204	215	1909

192	216	1880

193	216	1854

194	216	1838

195	216	1829

196	216	1828

197	216	1827

198	216	1828

199	216	1832

200	216	1838

201	216	1847

202	216	1859

203	216	1881

204	216	1919

