177	148	1528

178	148	1524

180	148	1531

181	148	1534

182	148	1531

183	148	1532

184	148	1535

185	148	1540

195	148	1558

196	148	1560

176	149	1526

179	149	1527

186	149	1543

187	149	1543

188	149	1544

189	149	1546

190	149	1549

193	149	1554

194	149	1561

196	149	1563

174	150	1531

175	150	1530

191	150	1557

192	150	1561

196	150	1563

173	151	1551

196	151	1564

173	152	1542

196	152	1562

172	153	1542

196	153	1563

171	154	1542

196	154	1560

171	155	1535

196	155	1562

172	156	1528

196	156	1564

172	157	1527

195	157	1560

171	158	1540

195	158	1559

171	159	1548

195	159	1556

171	160	1539

195	160	1554

171	161	1518

195	161	1555

172	162	1525

194	162	1558

172	163	1529

193	163	1561

172	164	1532

191	164	1554

192	164	1562

171	165	1566

190	165	1559

171	166	1541

188	166	1550

189	166	1561

172	167	1528

186	167	1543

187	167	1553

171	168	1541

185	168	1545

171	169	1534

184	169	1542

171	170	1529

184	170	1544

170	171	1532

183	171	1542

170	172	1546

183	172	1551

170	173	1534

182	173	1550

170	174	1538

182	174	1558

170	175	1537

182	175	1566

169	176	1540

181	176	1560

169	177	1554

181	177	1567

168	178	1586

181	178	1577

168	179	1557

180	179	1577

168	180	1541

180	180	1582

168	181	1555

180	181	1588

168	182	1560

180	182	1598

167	183	1589

179	183	1590

167	184	1588

179	184	1600

166	185	1608

179	185	1607

166	186	1599

167	186	1580

168	186	1567

169	186	1561

170	186	1558

171	186	1560

172	186	1561

173	186	1563

174	186	1562

175	186	1563

176	186	1566

177	186	1576

178	186	1595

179	186	1613

