216	163	1613

217	163	1607

218	163	1607

210	164	1604

211	164	1605

212	164	1604

213	164	1608

214	164	1610

215	164	1612

219	164	1616

205	165	1638

206	165	1625

207	165	1611

208	165	1609

209	165	1602

219	165	1622

203	166	1629

204	166	1632

219	166	1628

201	167	1611

202	167	1618

220	167	1661

200	168	1651

220	168	1650

200	169	1630

220	169	1674

199	170	1624

220	170	1685

199	171	1634

220	171	1701

199	172	1623

219	172	1681

199	173	1624

219	173	1675

199	174	1650

219	174	1663

199	175	1654

219	175	1655

199	176	1655

219	176	1665

199	177	1632

218	177	1649

200	178	1641

217	178	1648

200	179	1630

217	179	1673

201	180	1665

216	180	1666

201	181	1690

215	181	1666

202	182	1670

214	182	1677

215	182	1699

203	183	1671

213	183	1702

203	184	1671

213	184	1733

203	185	1674

212	185	1713

202	186	1698

212	186	1722

202	187	1699

211	187	1723

202	188	1696

211	188	1738

202	189	1695

210	189	1732

201	190	1710

210	190	1740

201	191	1711

209	191	1727

200	192	1728

209	192	1734

200	193	1728

201	193	1719

202	193	1711

203	193	1707

204	193	1710

205	193	1710

206	193	1715

207	193	1719

208	193	1729

