211	163	1611

212	163	1607

213	163	1608

214	163	1609

215	163	1616

218	163	1617

219	163	1625

207	164	1611

208	164	1607

209	164	1610

210	164	1613

216	164	1610

217	164	1603

220	164	1614

204	165	1602

205	165	1606

206	165	1613

220	165	1598

203	166	1599

221	166	1609

202	167	1609

221	167	1614

201	168	1618

221	168	1632

201	169	1608

220	169	1616

200	170	1638

220	170	1627

200	171	1633

220	171	1642

200	172	1631

220	172	1654

200	173	1636

220	173	1666

200	174	1629

220	174	1666

200	175	1630

220	175	1651

200	176	1648

221	176	1693

201	177	1634

220	177	1653

201	178	1651

220	178	1675

202	179	1637

219	179	1665

202	180	1637

218	180	1667

203	181	1652

217	181	1663

204	182	1659

215	182	1655

216	182	1675

204	183	1672

214	183	1689

203	184	1686

213	184	1716

202	185	1692

212	185	1705

201	186	1692

211	186	1708

201	187	1694

210	187	1709

201	188	1705

210	188	1713

201	189	1711

209	189	1710

201	190	1709

209	190	1715

201	191	1711

202	191	1701

203	191	1697

204	191	1699

205	191	1700

206	191	1702

207	191	1704

208	191	1709

