198	185	1667

199	185	1666

200	185	1666

201	185	1671

202	185	1676

203	185	1680

204	185	1678

205	185	1680

206	185	1685

207	185	1692

208	185	1695

209	185	1697

210	185	1697

195	186	1667

196	186	1667

197	186	1669

211	186	1691

212	186	1689

193	187	1670

194	187	1668

213	187	1695

191	188	1672

192	188	1668

213	188	1702

190	189	1682

214	189	1709

190	190	1681

215	190	1757

190	191	1681

214	191	1734

190	192	1684

214	192	1749

190	193	1685

213	193	1720

190	194	1678

213	194	1735

190	195	1674

213	195	1761

189	196	1705

212	196	1739

190	197	1682

212	197	1773

190	198	1680

211	198	1772

190	199	1681

210	199	1775

190	200	1682

209	200	1771

190	201	1692

208	201	1767

190	202	1690

206	202	1738

207	202	1774

190	203	1683

205	203	1760

190	204	1679

204	204	1768

190	205	1688

203	205	1757

190	206	1690

202	206	1734

190	207	1691

202	207	1754

189	208	1715

202	208	1775

189	209	1703

201	209	1750

189	210	1701

201	210	1770

188	211	1715

200	211	1743

188	212	1716

200	212	1756

188	213	1719

200	213	1762

187	214	1733

200	214	1774

187	215	1727

199	215	1748

186	216	1742

199	216	1758

186	217	1732

199	217	1764

186	218	1722

199	218	1765

185	219	1735

186	219	1719

187	219	1706

188	219	1699

189	219	1695

190	219	1693

191	219	1693

192	219	1692

193	219	1693

194	219	1694

195	219	1698

196	219	1705

197	219	1715

198	219	1734

199	219	1768

