207	186	1820

208	186	1816

209	186	1817

210	186	1827

211	186	1832

212	186	1835

201	187	1820

202	187	1813

203	187	1813

204	187	1807

205	187	1811

206	187	1814

213	187	1832

214	187	1832

198	188	1815

199	188	1809

200	188	1806

215	188	1828

197	189	1825

216	189	1831

196	190	1829

217	190	1838

196	191	1820

217	191	1838

195	192	1819

217	192	1839

195	193	1819

217	193	1845

195	194	1819

217	194	1859

195	195	1816

217	195	1888

195	196	1816

216	196	1867

195	197	1819

216	197	1886

195	198	1823

215	198	1883

195	199	1831

214	199	1888

194	200	1872

213	200	1888

195	201	1848

212	201	1883

195	202	1853

211	202	1894

196	203	1833

209	203	1873

210	203	1912

195	204	1859

208	204	1888

195	205	1859

207	205	1880

195	206	1846

207	206	1910

195	207	1845

206	207	1879

195	208	1846

206	208	1898

195	209	1850

206	209	1921

195	210	1848

205	210	1888

194	211	1870

205	211	1902

194	212	1863

205	212	1913

194	213	1858

204	213	1879

194	214	1858

204	214	1887

193	215	1885

204	215	1898

193	216	1878

194	216	1851

195	216	1836

196	216	1831

197	216	1828

198	216	1828

199	216	1829

200	216	1834

201	216	1843

202	216	1853

203	216	1874

204	216	1902

