210	164	1612

211	164	1606

212	164	1602

213	164	1601

214	164	1606

215	164	1613

217	164	1629

218	164	1630

219	164	1631

208	165	1608

209	165	1604

216	165	1610

220	165	1606

221	165	1614

205	166	1612

206	166	1614

207	166	1608

222	166	1576

203	167	1604

204	167	1599

222	167	1609

202	168	1579

222	168	1617

202	169	1619

221	169	1605

202	170	1617

221	170	1617

201	171	1617

221	171	1628

202	172	1607

221	172	1650

201	173	1608

220	173	1619

201	174	1615

220	174	1621

201	175	1617

220	175	1621

201	176	1627

221	176	1658

201	177	1611

221	177	1654

201	178	1624

221	178	1658

201	179	1653

221	179	1680

202	180	1644

220	180	1668

203	181	1647

219	181	1670

204	182	1646

217	182	1647

218	182	1672

204	183	1669

216	183	1658

204	184	1679

214	184	1687

215	184	1696

202	185	1697

203	185	1689

213	185	1708

202	186	1708

212	186	1701

202	187	1706

211	187	1705

201	188	1711

210	188	1709

201	189	1707

209	189	1708

202	190	1703

209	190	1709

202	191	1710

203	191	1697

204	191	1691

205	191	1692

206	191	1695

207	191	1699

208	191	1704

209	191	1713

