212	162	1594

213	162	1599

217	162	1596

218	162	1596

209	163	1610

210	163	1593

211	163	1591

214	163	1593

215	163	1600

216	163	1596

219	163	1596

206	164	1616

207	164	1610

208	164	1603

220	164	1614

202	165	1620

203	165	1616

204	165	1614

205	165	1611

220	165	1622

201	166	1618

219	166	1613

201	167	1618

219	167	1617

200	168	1629

220	168	1652

199	169	1619

220	169	1655

199	170	1617

220	170	1681

199	171	1606

219	171	1665

199	172	1625

219	172	1658

199	173	1632

219	173	1642

199	174	1607

220	174	1685

199	175	1641

219	175	1641

199	176	1649

219	176	1660

200	177	1634

218	177	1645

200	178	1616

217	178	1644

201	179	1640

217	179	1668

201	180	1655

216	180	1657

202	181	1653

215	181	1660

203	182	1648

214	182	1680

203	183	1659

213	183	1705

203	184	1663

212	184	1700

202	185	1679

212	185	1708

202	186	1689

211	186	1705

202	187	1695

211	187	1720

201	188	1707

210	188	1717

201	189	1702

209	189	1714

201	190	1698

209	190	1717

200	191	1708

208	191	1709

200	192	1710

201	192	1698

202	192	1693

203	192	1690

204	192	1694

205	192	1695

206	192	1698

207	192	1703

208	192	1714

