216	180	1620

220	180	1617

222	180	1622

223	180	1624

211	181	1602

212	181	1601

213	181	1599

214	181	1603

215	181	1609

217	181	1613

218	181	1612

219	181	1614

221	181	1619

224	181	1628

207	182	1600

208	182	1599

209	182	1598

210	182	1600

225	182	1621

226	182	1629

204	183	1624

205	183	1606

206	183	1602

226	183	1621

204	184	1610

227	184	1632

203	185	1599

228	185	1623

202	186	1607

228	186	1628

202	187	1614

229	187	1652

202	188	1593

229	188	1679

202	189	1610

228	189	1658

202	190	1595

228	190	1677

202	191	1603

228	191	1709

202	192	1602

227	192	1669

202	193	1600

227	193	1697

202	194	1605

226	194	1674

201	195	1657

225	195	1677

201	196	1652

224	196	1694

202	197	1621

222	197	1673

223	197	1713

202	198	1631

221	198	1679

202	199	1618

220	199	1696

202	200	1623

218	200	1679

219	200	1717

201	201	1631

217	201	1697

201	202	1628

216	202	1692

201	203	1613

215	203	1671

202	204	1621

215	204	1691

201	205	1626

215	205	1711

201	206	1630

214	206	1680

201	207	1629

214	207	1700

201	208	1628

214	208	1717

200	209	1625

213	209	1691

200	210	1631

213	210	1701

200	211	1635

213	211	1710

199	212	1647

213	212	1714

199	213	1654

212	213	1685

198	214	1647

212	214	1693

198	215	1644

212	215	1700

198	216	1646

212	216	1706

197	217	1664

198	217	1651

199	217	1645

200	217	1638

201	217	1637

202	217	1633

203	217	1634

204	217	1632

205	217	1632

206	217	1633

207	217	1636

208	217	1641

209	217	1648

210	217	1660

211	217	1679

212	217	1708

