173	168	1975

174	168	1966

162	169	1938

163	169	1937

164	169	1933

165	169	1939

166	169	1938

167	169	1936

168	169	1938

169	169	1946

170	169	1951

172	169	1953

174	169	1955

159	170	1938

160	170	1923

161	170	1920

171	170	1937

174	170	1949

157	171	1963

158	171	1942

174	171	1944

157	172	1941

174	172	1941

156	173	1947

174	173	1942

156	174	1938

174	174	1946

156	175	1935

174	175	1951

156	176	1935

174	176	1956

156	177	1940

174	177	1956

156	178	1940

174	178	1958

156	179	1934

173	179	1953

156	180	1931

171	180	1956

172	180	1971

155	181	1970

170	181	1960

155	182	1951

168	182	1934

169	182	1961

155	183	1943

166	183	1933

167	183	1947

155	184	1935

165	184	1935

155	185	1925

165	185	1958

155	186	1921

164	186	1949

154	187	1936

164	187	1972

154	188	1934

163	188	1952

153	189	1962

163	189	1972

153	190	1949

162	190	1953

153	191	1947

162	191	1964

152	192	1965

162	192	1978

152	193	1955

162	193	2000

152	194	1952

161	194	1974

152	195	1949

161	195	1987

151	196	1988

161	196	2002

151	197	1973

160	197	1977

151	198	1964

152	198	1940

153	198	1934

154	198	1931

155	198	1931

156	198	1933

157	198	1941

158	198	1949

159	198	1964

160	198	1991

