180	148	1513

181	148	1511

182	148	1508

183	148	1509

184	148	1514

195	148	1545

196	148	1544

175	149	1509

176	149	1504

177	149	1502

178	149	1502

179	149	1507

185	149	1517

186	149	1516

187	149	1516

188	149	1521

189	149	1531

194	149	1539

197	149	1537

173	150	1518

174	150	1510

190	150	1531

191	150	1534

192	150	1537

193	150	1543

196	150	1538

173	151	1516

196	151	1539

172	152	1509

196	152	1540

171	153	1511

197	153	1518

171	154	1520

197	154	1526

170	155	1527

196	155	1535

171	156	1513

196	156	1537

171	157	1511

195	157	1535

170	158	1514

195	158	1535

170	159	1501

195	159	1537

171	160	1507

194	160	1535

170	161	1516

194	161	1535

170	162	1509

194	162	1536

170	163	1522

193	163	1536

194	163	1537

170	164	1532

191	164	1536

192	164	1542

170	165	1535

190	165	1534

170	166	1522

188	166	1525

189	166	1530

170	167	1515

187	167	1529

169	168	1498

185	168	1524

186	168	1529

170	169	1507

184	169	1523

169	170	1504

183	170	1520

169	171	1511

183	171	1521

169	172	1512

182	172	1521

169	173	1518

182	173	1530

169	174	1518

181	174	1533

168	175	1542

181	175	1540

168	176	1541

181	176	1549

168	177	1526

180	177	1551

167	178	1547

180	178	1560

167	179	1535

180	179	1565

167	180	1539

179	180	1557

167	181	1541

179	181	1566

166	182	1560

179	182	1576

166	183	1552

178	183	1564

166	184	1549

178	184	1569

165	185	1567

178	185	1580

165	186	1563

178	186	1593

164	187	1564

177	187	1581

164	188	1550

177	188	1586

163	189	1559

177	189	1588

163	190	1564

164	190	1555

165	190	1551

166	190	1551

167	190	1550

168	190	1549

169	190	1549

170	190	1547

171	190	1548

172	190	1548

173	190	1553

174	190	1559

175	190	1566

176	190	1579

177	190	1593

