184	135	1365

186	135	1441

187	135	1445

189	135	1444

169	136	1420

170	136	1415

171	136	1413

172	136	1413

173	136	1418

174	136	1420

175	136	1421

176	136	1422

177	136	1425

180	136	1430

181	136	1430

185	136	1438

188	136	1454

164	137	1415

165	137	1411

166	137	1407

167	137	1408

168	137	1411

178	137	1428

179	137	1429

182	137	1436

184	137	1440

187	137	1445

161	138	1392

162	138	1421

163	138	1417

183	138	1440

187	138	1446

161	139	1416

187	139	1448

160	140	1415

187	140	1447

159	141	1476

187	141	1446

159	142	1426

186	142	1443

159	143	1454

186	143	1445

159	144	1423

186	144	1445

159	145	1421

185	145	1444

159	146	1419

185	146	1446

158	147	1435

185	147	1445

158	148	1405

185	148	1443

158	149	1414

184	149	1438

157	150	1429

184	150	1443

158	151	1407

183	151	1443

184	151	1449

158	152	1400

181	152	1442

182	152	1444

158	153	1404

179	153	1444

180	153	1448

157	154	1406

176	154	1436

177	154	1443

178	154	1450

156	155	1423

175	155	1438

157	156	1414

173	156	1431

174	156	1439

157	157	1412

172	157	1430

156	158	1436

172	158	1438

156	159	1418

171	159	1428

156	160	1427

171	160	1430

156	161	1414

170	161	1432

155	162	1439

170	162	1439

155	163	1410

170	163	1450

155	164	1407

169	164	1440

155	165	1415

169	165	1446

154	166	1456

169	166	1448

154	167	1454

168	167	1440

154	168	1438

168	168	1445

153	169	1492

168	169	1448

153	170	1453

168	170	1455

153	171	1429

168	171	1461

153	172	1428

168	172	1464

153	173	1428

168	173	1470

152	174	1441

167	174	1465

152	175	1434

167	175	1472

152	176	1429

167	176	1475

152	177	1431

167	177	1478

150	178	1488

151	178	1454

167	178	1482

149	179	1434

166	179	1471

149	180	1409

166	180	1473

149	181	1432

166	181	1476

150	182	1433

166	182	1478

149	183	1421

150	183	1435

151	183	1432

152	183	1433

153	183	1433

154	183	1432

155	183	1430

156	183	1429

157	183	1430

158	183	1433

159	183	1435

160	183	1437

161	183	1439

162	183	1441

163	183	1446

164	183	1455

165	183	1469

166	183	1483

