237	166	1594

237	168	1655

222	176	1568

223	176	1572

224	176	1580

225	176	1586

226	176	1579

227	176	1576

228	176	1576

229	176	1587

231	176	1596

232	176	1598

217	177	1564

218	177	1549

220	177	1570

221	177	1562

230	177	1583

233	177	1596

234	177	1615

235	177	1615

215	178	1572

216	178	1568

219	178	1556

236	178	1601

214	179	1574

236	179	1587

213	180	1579

237	180	1601

212	181	1597

238	181	1617

212	182	1569

238	182	1602

211	183	1554

238	183	1605

211	184	1541

238	184	1612

212	185	1557

238	185	1618

212	186	1554

238	186	1627

211	187	1569

237	187	1612

212	188	1556

237	188	1633

211	189	1559

237	189	1663

211	190	1572

236	190	1638

211	191	1577

235	191	1633

211	192	1556

234	192	1642

211	193	1623

233	193	1649

212	194	1568

232	194	1646

212	195	1572

231	195	1654

212	196	1568

229	196	1628

230	196	1665

212	197	1563

228	197	1646

212	198	1559

227	198	1647

211	199	1563

226	199	1632

211	200	1569

226	200	1657

211	201	1576

225	201	1627

211	202	1569

225	202	1645

210	203	1573

225	203	1667

209	204	1549

211	204	1581

224	204	1643

210	205	1576

224	205	1659

210	206	1576

224	206	1672

210	207	1578

223	207	1638

210	208	1593

223	208	1648

209	209	1597

223	209	1657

209	210	1573

223	210	1665

209	211	1575

223	211	1666

209	212	1582

223	212	1669

208	213	1588

222	213	1640

207	214	1593

208	214	1591

209	214	1590

210	214	1591

211	214	1587

212	214	1584

213	214	1582

214	214	1584

215	214	1584

216	214	1584

217	214	1585

218	214	1588

219	214	1596

220	214	1606

221	214	1622

222	214	1645

