173	147	1468

174	147	1467

175	147	1470

176	147	1474

177	147	1474

178	147	1472

179	147	1470

180	147	1472

181	147	1477

182	147	1482

183	147	1481

184	147	1481

185	147	1484

186	147	1482

192	147	1500

193	147	1500

170	148	1489

171	148	1474

172	148	1471

187	148	1498

188	148	1498

189	148	1494

190	148	1490

191	148	1497

193	148	1497

169	149	1505

194	149	1501

169	150	1480

194	150	1499

168	151	1487

194	151	1505

167	152	1495

193	152	1503

167	153	1484

193	153	1503

167	154	1484

193	154	1501

167	155	1485

193	155	1503

167	156	1482

193	156	1503

167	157	1476

192	157	1499

166	158	1523

192	158	1500

167	159	1472

192	159	1497

167	160	1475

192	160	1500

166	161	1482

192	161	1500

166	162	1492

191	162	1501

167	163	1481

189	163	1501

190	163	1502

167	164	1484

187	164	1495

188	164	1504

166	165	1502

186	165	1495

166	166	1506

184	166	1488

185	166	1498

166	167	1502

182	167	1481

183	167	1490

166	168	1485

181	168	1481

166	169	1473

180	169	1481

165	170	1497

180	170	1479

165	171	1507

179	171	1481

165	172	1494

179	172	1490

165	173	1487

178	173	1496

164	174	1503

178	174	1510

164	175	1483

177	175	1501

164	176	1483

177	176	1508

164	177	1488

177	177	1517

163	178	1507

176	178	1514

163	179	1501

176	179	1525

162	180	1527

176	180	1538

162	181	1506

175	181	1529

161	182	1521

175	182	1533

161	183	1517

175	183	1541

160	184	1521

174	184	1529

160	185	1526

174	185	1538

159	186	1539

174	186	1548

159	187	1527

174	187	1560

158	188	1550

173	188	1545

158	189	1541

173	189	1553

158	190	1539

173	190	1561

157	191	1556

173	191	1569

157	192	1542

173	192	1578

157	193	1537

158	193	1527

159	193	1523

160	193	1520

161	193	1516

162	193	1513

163	193	1512

164	193	1513

165	193	1515

166	193	1516

167	193	1519

168	193	1519

169	193	1523

170	193	1528

171	193	1541

172	193	1562

