207	169	1433

208	169	1431

209	169	1438

211	169	1436

212	169	1438

213	169	1435

214	169	1445

216	169	1455

217	169	1456

218	169	1470

205	170	1429

206	170	1417

210	170	1421

215	170	1434

219	170	1452

200	171	1431

201	171	1426

202	171	1418

203	171	1418

204	171	1418

220	171	1435

221	171	1442

222	171	1463

197	172	1442

198	172	1435

199	172	1421

222	172	1441

196	173	1410

223	173	1456

195	174	1450

224	174	1476

195	175	1460

224	175	1458

195	176	1437

225	176	1482

194	177	1426

225	177	1478

194	178	1422

225	178	1480

194	179	1433

225	179	1486

195	180	1417

224	180	1461

195	181	1416

224	181	1474

194	182	1439

224	182	1501

194	183	1407

223	183	1480

194	184	1439

223	184	1502

193	185	1395

222	185	1483

193	186	1370

221	186	1482

222	186	1521

194	187	1402

220	187	1488

195	188	1418

219	188	1494

194	189	1385

218	189	1495

194	190	1386

217	190	1502

193	191	1399

215	191	1478

216	191	1517

193	192	1404

214	192	1494

194	193	1456

213	193	1500

194	194	1466

212	194	1496

193	195	1458

195	195	1434

211	195	1482

195	196	1419

211	196	1505

193	197	1457

194	197	1450

211	197	1524

193	198	1457

210	198	1487

194	199	1432

210	199	1504

194	200	1435

210	200	1522

193	201	1470

209	201	1495

193	202	1439

209	202	1507

193	203	1446

209	203	1518

192	204	1448

209	204	1523

191	205	1447

208	205	1498

191	206	1420

208	206	1503

190	207	1456

208	207	1512

190	208	1455

208	208	1515

189	209	1444

208	209	1522

188	210	1460

190	210	1441

208	210	1524

190	211	1438

207	211	1494

189	212	1446

190	212	1446

191	212	1448

192	212	1444

193	212	1439

194	212	1436

195	212	1433

196	212	1434

197	212	1432

198	212	1433

199	212	1432

200	212	1434

201	212	1434

202	212	1438

203	212	1445

204	212	1454

205	212	1463

206	212	1473

207	212	1493

208	212	1525

