185	135	1348

188	135	1361

189	135	1376

190	135	1382

191	135	1384

192	135	1385

171	136	1351

173	136	1357

174	136	1353

175	136	1348

176	136	1347

177	136	1352

178	136	1356

179	136	1358

180	136	1353

181	136	1350

182	136	1353

183	136	1350

184	136	1358

186	136	1373

187	136	1384

192	136	1389

167	137	1370

168	137	1357

169	137	1345

170	137	1339

172	137	1339

192	137	1384

166	138	1358

192	138	1386

164	139	1374

165	139	1358

192	139	1393

163	140	1357

192	140	1398

162	141	1355

191	141	1384

162	142	1354

191	142	1386

162	143	1392

191	143	1389

163	144	1354

191	144	1391

161	145	1393

162	145	1365

191	145	1398

161	146	1382

191	146	1411

162	147	1367

190	147	1396

162	148	1373

190	148	1401

162	149	1376

190	149	1403

161	150	1434

190	150	1405

162	151	1392

190	151	1405

161	152	1334

189	152	1398

161	153	1356

189	153	1412

161	154	1415

187	154	1403

188	154	1414

161	155	1394

185	155	1398

186	155	1412

161	156	1382

183	156	1390

184	156	1400

160	157	1412

181	157	1386

182	157	1393

160	158	1396

179	158	1384

180	158	1389

159	159	1393

178	159	1393

160	160	1370

177	160	1396

159	161	1377

176	161	1389

158	162	1416

175	162	1389

159	163	1367

174	163	1390

158	164	1374

174	164	1400

157	165	1381

173	165	1401

156	166	1384

173	166	1412

155	167	1365

172	167	1409

155	168	1376

171	168	1408

155	169	1390

171	169	1418

155	170	1388

171	170	1425

154	171	1393

170	171	1424

153	172	1410

170	172	1432

153	173	1405

169	173	1427

152	174	1408

169	174	1441

152	175	1410

168	175	1437

151	176	1413

168	176	1444

150	177	1412

168	177	1454

149	178	1385

167	178	1445

148	179	1422

167	179	1457

148	180	1421

167	180	1462

147	181	1425

166	181	1453

147	182	1435

166	182	1461

146	183	1455

165	183	1455

146	184	1444

165	184	1466

145	185	1463

164	185	1452

144	186	1442

164	186	1461

144	187	1453

163	187	1451

144	188	1452

163	188	1457

144	189	1446

163	189	1466

144	190	1448

145	190	1436

146	190	1432

147	190	1428

148	190	1427

149	190	1424

150	190	1423

151	190	1422

152	190	1423

153	190	1422

154	190	1423

155	190	1425

156	190	1426

157	190	1427

158	190	1429

159	190	1434

160	190	1440

161	190	1449

162	190	1460

