197	147	1322

195	148	1318

196	148	1299

198	148	1305

199	148	1321

190	149	1310

191	149	1302

192	149	1309

193	149	1320

194	149	1312

200	149	1303

201	149	1312

202	149	1311

203	149	1296

204	149	1283

205	149	1286

187	150	1338

188	150	1328

189	150	1300

206	150	1274

207	150	1294

185	151	1309

186	151	1296

208	151	1316

183	152	1314

184	152	1296

208	152	1304

183	153	1292

208	153	1325

183	154	1290

207	154	1291

182	155	1310

207	155	1305

182	156	1303

207	156	1316

181	157	1314

207	157	1332

181	158	1300

206	158	1304

181	159	1300

206	159	1325

180	160	1341

205	160	1291

180	161	1317

206	161	1332

181	162	1293

206	162	1319

181	163	1303

206	163	1310

181	164	1315

207	164	1333

181	165	1328

207	165	1327

181	166	1342

207	166	1333

180	167	1377

182	167	1319

206	167	1315

181	168	1376

183	168	1313

206	168	1348

182	169	1347

205	169	1349

182	170	1375

204	170	1343

183	171	1363

203	171	1337

183	172	1379

202	172	1339

184	173	1358

199	173	1334

200	173	1342

201	173	1359

183	174	1388

198	174	1375

181	175	1386

182	175	1376

197	175	1381

182	176	1368

197	176	1384

182	177	1380

196	177	1384

182	178	1385

195	178	1388

182	179	1382

194	179	1386

179	180	1383

181	180	1384

193	180	1384

181	181	1385

193	181	1386

181	182	1388

182	182	1381

183	182	1374

184	182	1368

185	182	1366

186	182	1364

187	182	1364

188	182	1366

189	182	1368

190	182	1371

191	182	1374

192	182	1383

