160	172	1745

161	172	1741

162	172	1740

163	172	1740

164	172	1737

165	172	1738

166	172	1738

167	172	1740

168	172	1740

169	172	1739

170	172	1745

159	173	1753

171	173	1739

172	173	1755

173	173	1766

158	174	1751

174	174	1757

157	175	1748

175	175	1757

157	176	1739

176	176	1761

157	177	1737

177	177	1764

156	178	1752

178	178	1746

179	178	1744

156	179	1754

180	179	1737

156	180	1756

180	180	1742

155	181	1773

179	181	1751

155	182	1771

179	182	1779

155	183	1779

177	183	1768

178	183	1792

155	184	1789

176	184	1771

154	185	1803

176	185	1794

153	186	1823

173	186	1764

174	186	1773

175	186	1789

153	187	1804

165	187	1754

166	187	1752

167	187	1755

168	187	1756

169	187	1760

170	187	1765

171	187	1770

172	187	1776

152	188	1822

163	188	1785

164	188	1782

152	189	1808

162	189	1808

151	190	1832

162	190	1829

151	191	1820

161	191	1817

151	192	1813

161	192	1839

150	193	1828

160	193	1831

150	194	1820

159	194	1825

149	195	1835

159	195	1839

149	196	1826

158	196	1834

149	197	1821

157	197	1829

148	198	1836

157	198	1838

148	199	1829

156	199	1832

147	200	1836

156	200	1841

147	201	1837

155	201	1841

147	202	1838

154	202	1837

147	203	1841

148	203	1835

149	203	1832

150	203	1829

151	203	1832

152	203	1832

153	203	1835

154	203	1841

