237	166	1611

238	166	1607

236	167	1594

237	167	1608

239	167	1615

240	167	1620

236	168	1624

224	173	1542

225	173	1534

226	173	1538

227	173	1551

228	173	1554

229	173	1548

230	173	1547

231	173	1555

233	173	1564

234	173	1567

219	174	1553

220	174	1561

221	174	1542

222	174	1526

223	174	1522

232	174	1544

235	174	1559

236	174	1578

237	174	1567

216	175	1507

217	175	1524

218	175	1535

238	175	1551

216	176	1531

239	176	1595

215	177	1533

239	177	1558

214	178	1553

240	178	1583

213	179	1558

240	179	1561

213	180	1542

240	180	1562

250	180	1595

213	181	1537

240	181	1563

213	182	1534

240	182	1565

213	183	1538

240	183	1570

213	184	1538

240	184	1583

213	185	1527

240	185	1619

213	186	1522

239	186	1593

212	187	1555

239	187	1627

213	188	1530

238	188	1606

213	189	1539

237	189	1609

213	190	1532

236	190	1624

213	191	1549

235	191	1633

213	192	1571

234	192	1629

213	193	1555

232	193	1597

233	193	1636

213	194	1576

231	194	1618

212	195	1535

230	195	1628

211	196	1525

212	196	1563

229	196	1627

213	197	1551

228	197	1609

213	198	1541

227	198	1587

213	199	1534

227	199	1603

213	200	1538

227	200	1621

212	201	1569

226	201	1595

211	202	1572

226	202	1615

210	203	1541

212	203	1545

226	203	1629

212	204	1542

225	204	1601

210	205	1577

211	205	1554

225	205	1611

209	206	1526

225	206	1620

209	207	1559

225	207	1627

210	208	1554

225	208	1636

210	209	1552

224	209	1606

208	210	1554

209	210	1558

224	210	1610

209	211	1562

224	211	1613

207	212	1575

208	212	1567

209	212	1564

210	212	1556

211	212	1549

212	212	1543

213	212	1542

214	212	1543

215	212	1543

216	212	1543

217	212	1544

218	212	1545

219	212	1547

220	212	1552

221	212	1559

222	212	1571

223	212	1587

224	212	1617

