208	167	1631

209	167	1634

213	167	1632

214	167	1637

203	168	1647

204	168	1644

205	168	1641

206	168	1628

207	168	1629

210	168	1633

211	168	1632

212	168	1630

215	168	1646

200	169	1657

201	169	1662

202	169	1648

216	169	1691

198	170	1638

199	170	1641

215	170	1654

197	171	1638

215	171	1666

196	172	1655

215	172	1689

196	173	1658

214	173	1664

195	174	1673

214	174	1678

195	175	1669

214	175	1688

195	176	1667

214	176	1682

195	177	1665

214	177	1669

195	178	1667

215	178	1701

195	179	1669

215	179	1693

195	180	1683

214	180	1665

196	181	1666

214	181	1687

196	182	1682

213	182	1684

197	183	1678

212	183	1678

197	184	1694

212	184	1697

198	185	1688

211	185	1697

199	186	1691

210	186	1719

199	187	1703

209	187	1748

198	188	1713

208	188	1738

198	189	1715

208	189	1747

197	190	1744

207	190	1743

197	191	1744

206	191	1745

196	192	1750

205	192	1744

196	193	1740

205	193	1750

196	194	1737

204	194	1741

196	195	1741

197	195	1731

198	195	1727

199	195	1723

200	195	1723

201	195	1725

202	195	1731

203	195	1738

204	195	1748

