161	170	1694

162	170	1687

163	170	1686

164	170	1691

165	170	1693

166	170	1692

167	170	1691

168	170	1692

169	170	1693

170	170	1696

159	171	1706

160	171	1697

171	171	1691

172	171	1698

173	171	1704

175	171	1705

177	171	1720

178	171	1711

179	171	1707

158	172	1707

174	172	1699

176	172	1708

179	172	1707

157	173	1715

179	173	1707

157	174	1703

179	174	1710

156	175	1717

179	175	1716

156	176	1708

179	176	1722

156	177	1713

179	177	1729

156	178	1711

178	178	1723

155	179	1723

178	179	1733

156	180	1704

177	180	1720

156	181	1708

177	181	1724

156	182	1710

177	182	1728

156	183	1714

176	183	1728

155	184	1737

174	184	1728

175	184	1740

155	185	1734

171	185	1711

172	185	1720

173	185	1733

154	186	1745

169	186	1705

170	186	1715

155	187	1721

167	187	1719

168	187	1716

154	188	1729

166	188	1732

154	189	1727

165	189	1738

153	190	1742

164	190	1735

153	191	1741

164	191	1753

152	192	1761

163	192	1755

152	193	1753

163	193	1785

151	194	1775

162	194	1776

151	195	1769

162	195	1802

150	196	1794

161	196	1786

150	197	1786

161	197	1800

150	198	1777

160	198	1793

149	199	1798

159	199	1789

149	200	1789

159	200	1794

148	201	1806

159	201	1804

148	202	1800

158	202	1789

148	203	1798

158	203	1801

148	204	1801

157	204	1797

148	205	1803

157	205	1805

148	206	1805

149	206	1792

150	206	1786

151	206	1783

152	206	1785

153	206	1787

154	206	1789

155	206	1792

156	206	1798

