212	183	1749

213	183	1749

214	183	1747

215	183	1746

216	183	1751

217	183	1756

218	183	1763

219	183	1767

220	183	1770

221	183	1767

208	184	1745

209	184	1745

210	184	1745

211	184	1746

222	184	1769

223	184	1765

206	185	1754

207	185	1744

224	185	1768

204	186	1757

205	186	1750

224	186	1767

203	187	1764

225	187	1768

203	188	1760

225	188	1770

202	189	1761

225	189	1774

203	190	1756

225	190	1779

203	191	1757

225	191	1780

202	192	1771

226	192	1821

202	193	1766

225	193	1811

202	194	1769

225	194	1854

202	195	1777

224	195	1828

202	196	1785

223	196	1823

202	197	1779

222	197	1841

202	198	1762

221	198	1853

203	199	1765

220	199	1855

203	200	1765

218	200	1823

219	200	1864

202	201	1745

217	201	1844

202	202	1776

216	202	1854

202	203	1798

215	203	1843

202	204	1782

214	204	1822

202	205	1777

214	205	1844

202	206	1778

214	206	1859

202	207	1774

213	207	1826

202	208	1773

213	208	1848

201	209	1792

213	209	1864

201	210	1788

212	210	1830

201	211	1783

212	211	1840

200	212	1793

212	212	1846

200	213	1788

212	213	1853

200	214	1787

212	214	1857

199	215	1810

212	215	1862

199	216	1806

200	216	1785

201	216	1773

202	216	1769

203	216	1768

204	216	1768

205	216	1767

206	216	1767

207	216	1769

208	216	1774

209	216	1781

210	216	1793

211	216	1823

212	216	1865

