199	182	1698

200	182	1698

201	182	1697

202	182	1698

203	182	1698

204	182	1700

205	182	1701

206	182	1701

207	182	1700

208	182	1702

209	182	1710

210	182	1716

211	182	1720

212	182	1721

213	182	1719

196	183	1703

197	183	1696

198	183	1694

214	183	1718

215	183	1717

194	184	1703

195	184	1701

215	184	1721

193	185	1727

216	185	1721

193	186	1712

216	186	1723

192	187	1715

216	187	1729

193	188	1707

216	188	1734

192	189	1693

217	189	1744

192	190	1710

217	190	1771

192	191	1712

216	191	1765

192	192	1721

216	192	1797

192	193	1718

215	193	1768

192	194	1718

215	194	1807

192	195	1725

213	195	1768

214	195	1801

192	196	1731

212	196	1784

192	197	1731

211	197	1785

192	198	1720

210	198	1791

192	199	1713

208	199	1771

209	199	1802

192	200	1704

207	200	1801

192	201	1716

206	201	1803

192	202	1719

205	202	1783

191	203	1739

205	203	1815

191	204	1743

204	204	1792

191	205	1741

203	205	1765

191	206	1734

203	206	1787

190	207	1747

203	207	1805

190	208	1736

202	208	1779

189	209	1749

202	209	1794

189	210	1738

202	210	1804

188	211	1767

202	211	1816

188	212	1755

201	212	1781

188	213	1753

201	213	1791

187	214	1770

201	214	1798

225	214	1816

226	214	1815

227	214	1815

228	214	1816

187	215	1760

201	215	1809

222	215	1816

223	215	1816

224	215	1816

228	215	1811

186	216	1767

187	216	1751

188	216	1737

189	216	1721

190	216	1716

191	216	1711

192	216	1714

193	216	1715

194	216	1717

195	216	1719

196	216	1722

197	216	1726

198	216	1735

199	216	1747

200	216	1775

201	216	1811

220	216	1817

221	216	1815

222	216	1813

223	216	1813

224	216	1815

225	216	1813

226	216	1813

227	216	1807

228	216	1807

