194	151	1276

195	151	1271

196	151	1278

197	151	1296

188	152	1314

189	152	1297

190	152	1293

191	152	1301

192	152	1284

193	152	1270

198	152	1288

199	152	1295

200	152	1291

201	152	1288

202	152	1287

203	152	1297

204	152	1328

186	153	1313

187	153	1292

204	153	1298

183	154	1305

184	154	1296

185	154	1291

204	154	1289

182	155	1278

205	155	1311

180	156	1304

181	156	1285

205	156	1288

181	157	1275

205	157	1272

180	158	1301

206	158	1309

179	159	1278

206	159	1300

179	160	1293

205	160	1271

179	161	1291

205	161	1283

178	162	1332

205	162	1302

179	163	1276

204	163	1277

178	164	1319

204	164	1285

178	165	1330

204	165	1298

178	166	1325

204	166	1308

179	167	1295

204	167	1312

179	168	1315

205	168	1349

179	169	1339

205	169	1335

180	170	1321

205	170	1334

180	171	1324

205	171	1346

180	172	1362

204	172	1335

180	173	1371

203	173	1342

181	174	1354

201	174	1322

202	174	1355

181	175	1362

200	175	1327

180	176	1367

193	176	1357

194	176	1355

195	176	1345

196	176	1340

197	176	1341

198	176	1343

199	176	1353

180	177	1359

192	177	1365

179	178	1370

191	178	1366

180	179	1369

191	179	1372

177	180	1343

180	180	1372

190	180	1369

181	181	1369

189	181	1367

176	182	1341

181	182	1370

189	182	1371

182	183	1367

187	183	1367

188	183	1371

182	184	1367

183	184	1362

184	184	1363

185	184	1365

186	184	1370

