198	179	1670

199	179	1671

200	179	1675

201	179	1682

191	180	1664

192	180	1664

193	180	1664

194	180	1663

195	180	1662

196	180	1663

197	180	1665

202	180	1682

203	180	1684

204	180	1684

205	180	1686

189	181	1654

190	181	1654

206	181	1685

207	181	1684

187	182	1659

188	182	1656

208	182	1684

185	183	1668

186	183	1663

208	183	1684

184	184	1679

208	184	1686

185	185	1664

208	185	1692

185	186	1664

208	186	1697

184	187	1680

209	187	1709

184	188	1657

209	188	1724

184	189	1655

208	189	1713

184	190	1658

208	190	1732

184	191	1676

208	191	1763

184	192	1681

207	192	1741

184	193	1666

206	193	1742

184	194	1650

205	194	1751

184	195	1673

204	195	1752

185	196	1667

203	196	1753

184	197	1705

201	197	1726

202	197	1763

185	198	1677

200	198	1743

184	199	1719

199	199	1746

184	200	1689

198	200	1735

184	201	1683

198	201	1762

184	202	1678

197	202	1739

184	203	1679

197	203	1760

183	204	1698

196	204	1737

183	205	1689

196	205	1758

183	206	1684

196	206	1775

182	207	1696

195	207	1751

182	208	1690

195	208	1763

181	209	1713

195	209	1773

181	210	1698

194	210	1743

180	211	1706

194	211	1754

180	212	1712

194	212	1762

221	212	1774

179	213	1725

194	213	1769

220	213	1775

221	213	1773

178	214	1733

194	214	1771

216	214	1775

217	214	1773

218	214	1771

219	214	1771

221	214	1771

178	215	1717

193	215	1745

216	215	1774

221	215	1769

177	216	1716

178	216	1707

179	216	1701

180	216	1693

181	216	1685

182	216	1680

183	216	1677

184	216	1676

185	216	1675

186	216	1676

187	216	1679

188	216	1681

189	216	1684

190	216	1690

191	216	1700

192	216	1718

193	216	1748

194	216	1776

215	216	1776

216	216	1771

217	216	1769

218	216	1766

219	216	1768

220	216	1769

221	216	1769

