203	151	1391

204	151	1392

210	151	1370

211	151	1372

197	152	1398

198	152	1386

199	152	1397

200	152	1401

201	152	1380

202	152	1362

205	152	1349

206	152	1353

207	152	1370

208	152	1366

209	152	1355

212	152	1356

213	152	1380

194	153	1394

195	153	1412

196	153	1389

213	153	1364

192	154	1385

193	154	1375

214	154	1406

192	155	1363

213	155	1367

191	156	1361

213	156	1376

189	157	1378

190	157	1365

213	157	1390

189	158	1376

212	158	1369

189	159	1370

212	159	1383

188	160	1383

212	160	1403

188	161	1383

211	161	1367

188	162	1378

212	162	1406

188	163	1382

212	163	1396

188	164	1382

212	164	1385

188	165	1382

213	165	1408

188	166	1391

213	166	1397

188	167	1386

213	167	1403

188	168	1406

212	168	1390

188	169	1367

212	169	1422

189	170	1410

211	170	1419

190	171	1397

210	171	1410

190	172	1419

209	172	1403

191	173	1401

208	173	1400

190	174	1436

207	174	1411

189	175	1461

206	175	1432

190	176	1457

205	176	1463

190	177	1446

204	177	1462

188	178	1384

189	178	1434

204	178	1471

188	179	1452

203	179	1465

188	180	1448

202	180	1466

188	181	1456

201	181	1467

188	182	1471

201	182	1473

188	183	1463

200	183	1462

186	184	1465

187	184	1468

200	184	1467

187	185	1467

200	185	1473

185	186	1456

186	186	1455

199	186	1467

187	187	1466

188	187	1464

189	187	1459

190	187	1451

191	187	1447

192	187	1444

193	187	1446

194	187	1448

195	187	1453

196	187	1456

197	187	1458

198	187	1462

199	187	1470

