236	166	1657

237	166	1685

235	167	1674

236	167	1653

238	167	1677

239	167	1687

237	168	1692

219	176	1588

220	176	1599

214	177	1586

215	177	1587

216	177	1591

217	177	1598

218	177	1596

221	177	1604

222	177	1612

223	177	1613

224	177	1616

210	178	1597

211	178	1587

212	178	1584

213	178	1580

225	178	1611

226	178	1608

227	178	1611

208	179	1574

209	179	1574

228	179	1617

206	180	1568

207	180	1577

229	180	1613

205	181	1556

229	181	1617

204	182	1624

230	182	1631

204	183	1603

230	183	1630

204	184	1596

230	184	1631

204	185	1577

230	185	1635

204	186	1573

230	186	1639

204	187	1561

230	187	1658

204	188	1568

229	188	1651

204	189	1573

229	189	1679

204	190	1570

228	190	1656

204	191	1568

228	191	1688

204	192	1574

226	192	1661

227	192	1696

204	193	1589

225	193	1660

204	194	1585

224	194	1657

204	195	1606

223	195	1659

224	195	1701

204	196	1593

222	196	1671

204	197	1581

221	197	1690

204	198	1561

220	198	1696

204	199	1579

219	199	1685

204	200	1578

218	200	1663

203	201	1583

218	201	1686

203	202	1580

217	202	1659

204	203	1591

217	203	1678

203	204	1603

217	204	1698

203	205	1612

216	205	1670

202	206	1623

216	206	1685

202	207	1611

216	207	1697

202	208	1608

215	208	1671

202	209	1609

215	209	1676

201	210	1608

215	210	1679

201	211	1607

215	211	1684

240	211	1701

201	212	1608

215	212	1690

240	212	1700

200	213	1615

215	213	1697

239	213	1701

240	213	1700

199	214	1626

215	214	1698

239	214	1700

240	214	1700

199	215	1634

200	215	1625

201	215	1619

202	215	1613

203	215	1608

204	215	1605

205	215	1603

206	215	1605

207	215	1606

208	215	1610

209	215	1612

210	215	1616

211	215	1621

212	215	1630

213	215	1645

214	215	1669

238	215	1700

239	215	1697

240	215	1698

