202	179	1610

203	179	1607

204	179	1607

205	179	1607

206	179	1612

207	179	1619

208	179	1623

209	179	1625

210	179	1624

211	179	1625

212	179	1630

213	179	1634

214	179	1640

215	179	1638

216	179	1636

199	180	1608

200	180	1610

201	180	1608

217	180	1635

197	181	1612

198	181	1610

218	181	1640

195	182	1613

196	182	1609

218	182	1641

194	183	1609

219	183	1648

194	184	1590

219	184	1650

194	185	1617

219	185	1653

194	186	1618

220	186	1656

194	187	1602

219	187	1660

194	188	1602

219	188	1675

194	189	1612

219	189	1702

193	190	1669

218	190	1681

193	191	1601

218	191	1704

193	192	1619

217	192	1696

194	193	1613

216	193	1704

194	194	1611

215	194	1709

194	195	1622

214	195	1704

194	196	1634

213	196	1705

194	197	1632

211	197	1684

212	197	1715

194	198	1634

210	198	1697

194	199	1630

209	199	1698

194	200	1592

209	200	1728

194	201	1617

208	201	1707

194	202	1617

208	202	1730

194	203	1623

207	203	1700

193	204	1629

207	204	1721

193	205	1639

206	205	1699

193	206	1634

206	206	1715

193	207	1636

206	207	1730

192	208	1639

205	208	1707

192	209	1641

205	209	1714

191	210	1653

205	210	1717

191	211	1659

205	211	1723

190	212	1672

205	212	1729

227	212	1729

190	213	1662

204	213	1699

228	213	1730

229	213	1729

189	214	1670

204	214	1704

227	214	1728

229	214	1722

189	215	1669

204	215	1711

227	215	1726

229	215	1720

188	216	1661

204	216	1717

226	216	1730

229	216	1718

187	217	1664

188	217	1662

189	217	1658

190	217	1652

191	217	1645

192	217	1641

193	217	1637

194	217	1636

195	217	1637

196	217	1637

197	217	1637

198	217	1637

199	217	1641

200	217	1646

201	217	1656

202	217	1668

203	217	1688

204	217	1719

227	217	1726

228	217	1723

229	217	1719

