212	166	1598

213	166	1595

214	166	1599

215	166	1603

216	166	1610

217	166	1608

220	166	1597

209	167	1597

210	167	1599

211	167	1600

218	167	1598

219	167	1599

220	167	1604

206	168	1603

207	168	1596

208	168	1594

221	168	1623

203	169	1596

204	169	1597

205	169	1597

221	169	1624

202	170	1614

221	170	1618

202	171	1606

221	171	1601

202	172	1599

221	172	1596

201	173	1614

221	173	1597

201	174	1603

221	174	1611

201	175	1605

221	175	1634

201	176	1618

220	176	1614

201	177	1633

220	177	1626

201	178	1647

220	178	1631

201	179	1638

220	179	1632

202	180	1648

220	180	1634

202	181	1702

220	181	1647

203	182	1685

218	182	1623

219	182	1648

203	183	1699

217	183	1639

203	184	1703

216	184	1653

217	184	1672

202	185	1704

211	185	1697

212	185	1694

213	185	1689

214	185	1679

215	185	1682

202	186	1698

210	186	1701

203	187	1703

209	187	1699

203	188	1701

209	188	1706

203	189	1701

208	189	1704

203	190	1700

207	190	1701

203	191	1702

206	191	1705

203	192	1704

204	192	1703

205	192	1706

