206	186	1819

207	186	1817

208	186	1817

209	186	1815

210	186	1817

211	186	1818

212	186	1821

213	186	1823

214	186	1829

215	186	1834

216	186	1835

217	186	1837

218	186	1836

219	186	1837

203	187	1823

204	187	1815

205	187	1810

220	187	1835

201	188	1842

202	188	1827

220	188	1836

201	189	1832

221	189	1842

200	190	1836

221	190	1841

200	191	1831

221	191	1845

200	192	1829

221	192	1850

200	193	1828

221	193	1853

200	194	1830

222	194	1891

200	195	1835

221	195	1874

199	196	1837

221	196	1909

199	197	1857

220	197	1894

200	198	1828

219	198	1898

200	199	1827

218	199	1909

200	200	1839

217	200	1908

200	201	1841

215	201	1876

216	201	1920

200	202	1841

214	202	1890

200	203	1838

213	203	1903

200	204	1847

212	204	1903

200	205	1850

211	205	1889

200	206	1849

211	206	1912

200	207	1844

210	207	1874

199	208	1873

210	208	1890

199	209	1868

210	209	1904

199	210	1860

210	210	1921

199	211	1856

209	211	1893

199	212	1851

209	212	1903

198	213	1870

209	213	1912

198	214	1867

209	214	1918

198	215	1865

209	215	1925

197	216	1888

208	216	1890

197	217	1884

198	217	1857

199	217	1843

200	217	1838

201	217	1835

202	217	1837

203	217	1838

204	217	1844

205	217	1847

206	217	1854

207	217	1869

208	217	1897

