200	159	1503

198	160	1495

199	160	1491

201	160	1493

202	160	1498

203	160	1507

204	160	1506

205	160	1500

206	160	1498

207	160	1499

208	160	1509

193	161	1515

194	161	1515

195	161	1514

196	161	1512

197	161	1505

208	161	1501

190	162	1517

191	162	1519

192	162	1515

209	162	1516

188	163	1513

189	163	1511

209	163	1529

187	164	1524

208	164	1517

187	165	1521

208	165	1529

186	166	1505

208	166	1549

186	167	1512

207	167	1528

186	168	1518

207	168	1535

186	169	1523

207	169	1534

186	170	1527

207	170	1532

186	171	1527

208	171	1573

186	172	1522

208	172	1555

186	173	1525

208	173	1551

185	174	1587

208	174	1558

186	175	1547

207	175	1547

187	176	1539

206	176	1546

187	177	1552

205	177	1542

188	178	1548

205	178	1568

189	179	1540

204	179	1563

188	180	1577

201	180	1550

202	180	1561

203	180	1580

189	181	1562

200	181	1577

188	182	1578

200	182	1610

187	183	1588

199	183	1596

186	184	1605

199	184	1610

186	185	1608

198	185	1614

186	186	1603

197	186	1616

186	187	1608

196	187	1615

186	188	1607

196	188	1620

185	189	1608

195	189	1613

185	190	1612

195	190	1615

185	191	1623

186	191	1612

187	191	1600

188	191	1594

189	191	1590

190	191	1594

191	191	1596

192	191	1602

193	191	1604

194	191	1612

195	191	1622

