200	185	1706

201	185	1702

202	185	1709

192	186	1694

193	186	1703

194	186	1705

195	186	1699

196	186	1696

197	186	1698

198	186	1703

199	186	1705

203	186	1712

204	186	1718

205	186	1722

206	186	1730

207	186	1731

190	187	1698

191	187	1694

208	187	1718

188	188	1710

189	188	1702

209	188	1720

187	189	1719

209	189	1723

187	190	1707

210	190	1731

186	191	1690

211	191	1761

187	192	1703

211	192	1786

186	193	1723

210	193	1755

186	194	1717

210	194	1771

186	195	1716

209	195	1745

186	196	1705

209	196	1761

186	197	1704

209	197	1791

186	198	1699

208	198	1783

186	199	1700

207	199	1789

186	200	1691

206	200	1794

186	201	1716

205	201	1795

187	202	1706

203	202	1765

204	202	1801

187	203	1708

201	203	1758

202	203	1787

186	204	1712

200	204	1773

186	205	1722

199	205	1764

185	206	1755

199	206	1795

186	207	1723

198	207	1763

186	208	1722

198	208	1785

185	209	1743

197	209	1763

185	210	1733

197	210	1784

184	211	1732

197	211	1803

184	212	1745

196	212	1769

184	213	1742

196	213	1784

183	214	1751

196	214	1800

183	215	1742

195	215	1773

182	216	1754

195	216	1782

182	217	1761

195	217	1788

181	218	1780

195	218	1792

181	219	1769

182	219	1754

183	219	1740

184	219	1728

185	219	1722

186	219	1719

187	219	1720

188	219	1720

189	219	1720

190	219	1720

191	219	1725

192	219	1733

193	219	1745

194	219	1761

195	219	1795

