213	166	1598

209	167	1605

210	167	1609

211	167	1601

212	167	1595

214	167	1598

215	167	1603

216	167	1607

217	167	1607

218	167	1603

219	167	1606

220	167	1613

207	168	1595

208	168	1592

220	168	1616

205	169	1600

206	169	1602

220	169	1617

203	170	1593

204	170	1591

220	170	1611

202	171	1597

221	171	1628

202	172	1597

221	172	1609

201	173	1606

221	173	1604

200	174	1650

221	174	1617

200	175	1628

220	175	1604

201	176	1610

220	176	1619

200	177	1639

220	177	1636

201	178	1627

220	178	1650

200	179	1667

220	179	1657

201	180	1645

220	180	1657

202	181	1649

220	181	1659

202	182	1681

218	182	1620

219	182	1645

202	183	1702

217	183	1630

201	184	1698

216	184	1649

201	185	1697

211	185	1688

212	185	1676

213	185	1667

214	185	1666

215	185	1673

216	185	1688

201	186	1697

209	186	1700

210	186	1706

201	187	1705

208	187	1697

202	188	1700

208	188	1701

202	189	1703

207	189	1699

202	190	1700

207	190	1702

202	191	1703

206	191	1699

202	192	1704

203	192	1700

204	192	1700

205	192	1703

