207	165	1627

208	165	1624

209	165	1626

210	165	1634

211	165	1633

212	165	1629

213	165	1628

214	165	1632

202	166	1641

203	166	1639

204	166	1641

205	166	1630

206	166	1623

215	166	1642

199	167	1647

200	167	1650

201	167	1640

215	167	1649

198	168	1643

216	168	1703

196	169	1657

197	169	1649

215	169	1682

196	170	1647

214	170	1664

195	171	1661

214	171	1681

195	172	1659

214	172	1694

195	173	1660

214	173	1699

195	174	1661

214	174	1687

195	175	1657

214	175	1673

195	176	1664

215	176	1711

195	177	1667

215	177	1715

195	178	1684

214	178	1685

196	179	1672

213	179	1678

196	180	1678

213	180	1713

196	181	1673

212	181	1700

196	182	1696

211	182	1693

197	183	1707

210	183	1697

198	184	1689

209	184	1715

198	185	1698

208	185	1731

198	186	1706

208	186	1749

197	187	1722

207	187	1733

196	188	1740

207	188	1750

196	189	1740

206	189	1748

196	190	1737

205	190	1744

196	191	1735

205	191	1749

196	192	1737

205	192	1757

196	193	1736

204	193	1744

195	194	1755

204	194	1755

195	195	1753

203	195	1745

195	196	1750

196	196	1736

197	196	1730

198	196	1729

199	196	1732

200	196	1732

201	196	1735

202	196	1739

203	196	1754

