213	182	1732

214	182	1732

215	182	1737

216	182	1738

205	183	1731

206	183	1730

207	183	1729

208	183	1727

209	183	1726

210	183	1724

211	183	1727

212	183	1728

217	183	1748

218	183	1749

219	183	1750

220	183	1748

203	184	1722

204	184	1722

221	184	1742

201	185	1745

202	185	1731

222	185	1742

200	186	1740

222	186	1748

199	187	1751

223	187	1759

200	188	1734

223	188	1760

200	189	1729

223	189	1762

199	190	1733

222	190	1760

199	191	1739

223	191	1783

199	192	1739

223	192	1831

199	193	1741

222	193	1804

199	194	1734

221	194	1786

198	195	1744

221	195	1829

199	196	1750

219	196	1795

220	196	1837

199	197	1764

218	197	1799

200	198	1739

217	198	1808

199	199	1764

216	199	1814

199	200	1744

214	200	1800

215	200	1833

199	201	1746

213	201	1813

199	202	1748

212	202	1803

199	203	1761

212	203	1835

199	204	1757

211	204	1804

199	205	1758

211	205	1826

199	206	1753

210	206	1796

198	207	1769

210	207	1816

198	208	1760

210	208	1834

198	209	1761

209	209	1807

197	210	1782

209	210	1820

197	211	1776

209	211	1827

197	212	1768

209	212	1835

196	213	1785

209	213	1842

196	214	1786

208	214	1802

196	215	1785

208	215	1807

195	216	1793

196	216	1775

197	216	1760

198	216	1753

199	216	1749

200	216	1749

201	216	1749

202	216	1750

203	216	1750

204	216	1752

205	216	1758

206	216	1767

207	216	1781

208	216	1810

