194	150	1288

195	150	1289

196	150	1303

192	151	1300

193	151	1278

197	151	1291

200	151	1312

201	151	1306

202	151	1314

187	152	1300

188	152	1282

189	152	1278

190	152	1278

191	152	1278

198	152	1276

199	152	1280

203	152	1302

185	153	1311

186	153	1285

204	153	1313

182	154	1306

183	154	1283

184	154	1278

204	154	1299

181	155	1287

204	155	1278

180	156	1306

205	156	1287

179	157	1305

205	157	1272

179	158	1295

205	158	1273

179	159	1311

205	159	1286

179	160	1282

204	160	1271

178	161	1307

204	161	1280

178	162	1293

204	162	1293

178	163	1292

204	163	1306

179	164	1275

203	164	1283

178	165	1302

203	165	1291

178	166	1293

203	166	1298

178	167	1330

204	167	1328

178	168	1361

204	168	1315

179	169	1332

205	169	1348

179	170	1335

205	170	1361

180	171	1340

204	171	1340

179	172	1379

203	172	1340

179	173	1353

201	173	1326

202	173	1352

180	174	1376

200	174	1330

180	175	1377

198	175	1322

199	175	1341

179	176	1380

194	176	1361

195	176	1358

196	176	1359

197	176	1364

179	177	1370

193	177	1376

179	178	1369

191	178	1368

192	178	1378

179	179	1374

190	179	1372

179	180	1371

190	180	1375

179	181	1371

190	181	1377

179	182	1376

190	182	1379

180	183	1380

189	183	1376

181	184	1375

189	184	1379

181	185	1376

182	185	1373

183	185	1372

184	185	1371

185	185	1372

186	185	1373

187	185	1374

188	185	1377

