195	149	1286

196	149	1287

194	150	1273

197	150	1278

198	150	1294

202	150	1297

203	150	1305

188	151	1296

189	151	1276

190	151	1274

191	151	1283

192	151	1280

193	151	1270

199	151	1277

200	151	1275

201	151	1274

204	151	1297

187	152	1294

205	152	1298

184	153	1272

185	153	1269

186	153	1268

205	153	1289

182	154	1289

183	154	1262

205	154	1269

181	155	1296

206	155	1278

180	156	1352

206	156	1267

180	157	1306

206	157	1270

180	158	1301

206	158	1282

179	159	1349

205	159	1265

179	160	1313

205	160	1271

179	161	1309

205	161	1280

179	162	1299

205	162	1296

179	163	1310

204	163	1274

179	164	1319

204	164	1280

180	165	1277

205	165	1328

179	166	1359

205	166	1318

180	167	1288

205	167	1308

180	168	1302

206	168	1337

180	169	1305

206	169	1341

181	170	1321

205	170	1319

182	171	1317

204	171	1320

205	171	1347

181	172	1365

203	172	1326

181	173	1367

202	173	1331

180	174	1360

200	174	1314

201	174	1336

181	175	1361

196	175	1333

197	175	1330

198	175	1330

199	175	1342

181	176	1350

195	176	1367

181	177	1358

193	177	1358

194	177	1369

180	178	1365

192	178	1361

180	179	1363

192	179	1369

178	180	1363

179	180	1352

180	180	1365

191	180	1367

181	181	1364

190	181	1362

182	182	1364

190	182	1368

182	183	1365

189	183	1366

182	184	1367

183	184	1363

184	184	1360

185	184	1359

186	184	1361

187	184	1362

188	184	1366

189	184	1369

