205	166	1641

206	166	1631

207	166	1627

208	166	1628

209	166	1630

210	166	1634

211	166	1631

212	166	1631

213	166	1633

214	166	1639

200	167	1633

201	167	1632

202	167	1636

203	167	1639

204	167	1634

215	167	1655

198	168	1643

199	168	1640

215	168	1669

196	169	1662

197	169	1649

214	169	1661

196	170	1658

214	170	1677

195	171	1671

214	171	1694

195	172	1665

213	172	1673

195	173	1659

213	173	1680

194	174	1665

213	174	1678

195	175	1655

213	175	1668

194	176	1667

214	176	1695

194	177	1668

214	177	1690

195	178	1661

214	178	1702

195	179	1670

213	179	1683

195	180	1672

212	180	1682

195	181	1680

212	181	1707

196	182	1695

211	182	1691

197	183	1693

210	183	1689

198	184	1684

209	184	1706

198	185	1699

208	185	1727

198	186	1708

208	186	1757

197	187	1726

207	187	1732

197	188	1730

207	188	1749

196	189	1751

206	189	1744

196	190	1748

205	190	1747

196	191	1743

205	191	1757

195	192	1752

204	192	1743

195	193	1752

204	193	1753

195	194	1748

203	194	1746

195	195	1745

196	195	1737

197	195	1732

198	195	1731

199	195	1731

200	195	1732

201	195	1734

202	195	1741

203	195	1753

