195	148	1312

196	148	1298

197	148	1298

198	148	1309

202	148	1308

203	148	1295

204	148	1294

205	148	1304

189	149	1324

190	149	1307

191	149	1309

192	149	1320

193	149	1324

194	149	1307

199	149	1287

200	149	1297

201	149	1292

206	149	1295

186	150	1323

187	150	1323

188	150	1311

207	150	1307

183	151	1323

184	151	1307

185	151	1300

207	151	1304

182	152	1328

207	152	1320

182	153	1336

206	153	1302

181	154	1326

206	154	1314

181	155	1313

206	155	1327

180	156	1329

206	156	1342

180	157	1331

205	157	1322

180	158	1318

205	158	1341

179	159	1356

205	159	1341

180	160	1306

205	160	1325

179	161	1358

205	161	1315

179	162	1360

206	162	1349

180	163	1313

206	163	1335

179	164	1349

206	164	1331

180	165	1322

206	165	1338

180	166	1344

205	166	1324

180	167	1390

204	167	1321

181	168	1360

204	168	1355

181	169	1404

203	169	1345

182	170	1341

202	170	1340

181	171	1360

201	171	1339

181	172	1387

200	172	1353

182	173	1374

198	173	1367

199	173	1380

182	174	1382

197	174	1387

182	175	1379

197	175	1398

181	176	1400

196	176	1386

181	177	1396

196	177	1401

180	178	1394

194	178	1396

195	178	1402

179	179	1403

193	179	1399

179	180	1398

193	180	1402

179	181	1401

193	181	1403

179	182	1401

192	182	1397

177	183	1394

180	183	1392

192	183	1399

177	184	1392

179	184	1405

192	184	1400

179	185	1404

192	185	1405

179	186	1405

191	186	1404

180	187	1404

181	187	1397

182	187	1390

183	187	1386

184	187	1385

185	187	1387

186	187	1389

187	187	1390

188	187	1393

189	187	1396

190	187	1403

