161	168	1744

162	168	1735

163	168	1732

164	168	1735

165	168	1738

166	168	1733

167	168	1733

168	168	1739

169	168	1750

170	168	1745

159	169	1760

160	169	1748

171	169	1739

172	169	1747

158	170	1763

173	170	1746

174	170	1751

158	171	1753

175	171	1748

176	171	1754

177	171	1760

178	171	1754

179	171	1752

180	171	1758

158	172	1749

180	172	1754

157	173	1761

180	173	1762

157	174	1760

179	174	1762

156	175	1772

179	175	1774

156	176	1759

178	176	1768

156	177	1759

178	177	1781

156	178	1762

177	178	1778

156	179	1766

176	179	1775

156	180	1771

176	180	1786

155	181	1798

175	181	1782

154	182	1824

172	182	1773

173	182	1781

174	182	1788

154	183	1804

169	183	1771

170	183	1779

171	183	1790

154	184	1793

165	184	1778

166	184	1782

167	184	1782

168	184	1784

153	185	1821

164	185	1795

153	186	1806

164	186	1823

153	187	1802

163	187	1815

152	188	1813

163	188	1843

151	189	1843

162	189	1832

151	190	1831

162	190	1852

151	191	1820

161	191	1832

150	192	1840

161	192	1851

150	193	1833

160	193	1840

150	194	1829

160	194	1854

149	195	1853

159	195	1839

149	196	1842

159	196	1850

148	197	1855

158	197	1841

148	198	1845

158	198	1852

147	199	1860

148	199	1840

149	199	1827

150	199	1821

151	199	1817

152	199	1815

153	199	1815

154	199	1816

155	199	1819

156	199	1826

157	199	1837

158	199	1860

