169	152	1640

170	152	1633

171	152	1632

172	152	1633

173	152	1636

174	152	1638

175	152	1636

176	152	1637

177	152	1638

178	152	1640

179	152	1640

180	152	1641

181	152	1646

182	152	1651

186	152	1655

187	152	1660

188	152	1661

168	153	1638

183	153	1656

184	153	1659

185	153	1661

188	153	1662

167	154	1643

188	154	1663

166	155	1625

188	155	1665

166	156	1644

188	156	1662

165	157	1651

188	157	1662

165	158	1645

188	158	1665

165	159	1640

188	159	1670

165	160	1631

187	160	1663

165	161	1628

187	161	1663

165	162	1633

187	162	1661

165	163	1638

187	163	1658

165	164	1633

187	164	1661

165	165	1635

186	165	1669

165	166	1637

184	166	1660

185	166	1671

165	167	1631

182	167	1649

183	167	1660

165	168	1631

180	168	1644

181	168	1653

164	169	1615

179	169	1649

164	170	1641

177	170	1642

178	170	1653

164	171	1643

176	171	1642

164	172	1638

176	172	1645

164	173	1639

175	173	1641

163	174	1660

175	174	1652

163	175	1648

175	175	1663

163	176	1644

174	176	1657

162	177	1670

174	177	1663

162	178	1647

174	178	1677

161	179	1652

173	179	1667

162	180	1648

173	180	1678

161	181	1662

173	181	1688

161	182	1664

172	182	1675

161	183	1661

172	183	1683

160	184	1682

172	184	1694

160	185	1673

172	185	1707

160	186	1663

172	186	1723

159	187	1687

172	187	1733

159	188	1686

171	188	1702

158	189	1715

171	189	1707

158	190	1699

171	190	1715

158	191	1689

159	191	1674

160	191	1667

161	191	1662

162	191	1659

163	191	1658

164	191	1660

165	191	1663

166	191	1666

167	191	1670

168	191	1675

169	191	1683

170	191	1699

171	191	1727

