236	167	1655

239	167	1688

240	167	1668

235	168	1658

237	168	1669

222	179	1595

223	179	1599

224	179	1611

225	179	1611

226	179	1607

227	179	1606

228	179	1612

229	179	1605

230	179	1629

231	179	1629

232	179	1632

220	180	1591

221	180	1584

233	180	1623

234	180	1632

217	181	1597

218	181	1593

219	181	1588

235	181	1634

215	182	1582

216	182	1583

235	182	1617

213	183	1599

214	183	1588

236	183	1636

212	184	1618

237	184	1661

211	185	1626

237	185	1635

211	186	1620

237	186	1634

211	187	1639

237	187	1641

211	188	1606

237	188	1654

211	189	1597

237	189	1676

211	190	1605

236	190	1652

211	191	1607

236	191	1671

211	192	1594

236	192	1697

211	193	1598

235	193	1671

211	194	1612

234	194	1670

211	195	1560

233	195	1677

211	196	1594

232	196	1685

211	197	1633

231	197	1687

212	198	1609

230	198	1692

212	199	1620

228	199	1666

229	199	1701

212	200	1616

227	200	1682

212	201	1604

226	201	1671

212	202	1601

225	202	1649

210	203	1556

211	203	1581

225	203	1671

211	204	1607

225	204	1692

212	205	1616

224	205	1667

212	206	1616

224	206	1681

211	207	1631

224	207	1695

211	208	1630

223	208	1670

211	209	1627

223	209	1678

211	210	1620

223	210	1684

210	211	1619

223	211	1686

210	212	1626

223	212	1691

210	213	1634

223	213	1698

210	214	1634

211	214	1626

212	214	1621

213	214	1619

214	214	1618

215	214	1617

216	214	1615

217	214	1617

218	214	1621

219	214	1629

220	214	1638

221	214	1651

222	214	1670

