215	163	1595

216	163	1596

221	163	1591

213	164	1605

214	164	1593

217	164	1588

218	164	1599

219	164	1597

220	164	1586

222	164	1585

223	164	1594

209	165	1606

210	165	1597

211	165	1595

212	165	1596

224	165	1605

206	166	1599

207	166	1605

208	166	1604

224	166	1608

205	167	1595

224	167	1622

204	168	1580

223	168	1602

204	169	1586

223	169	1611

203	170	1641

223	170	1626

203	171	1599

224	171	1687

203	172	1603

223	172	1648

203	173	1610

223	173	1643

203	174	1608

223	174	1637

203	175	1612

224	175	1679

203	176	1617

224	176	1667

203	177	1619

223	177	1632

204	178	1611

223	178	1660

204	179	1609

222	179	1649

204	180	1621

221	180	1643

204	181	1642

220	181	1635

205	182	1657

219	182	1640

220	182	1668

206	183	1644

217	183	1642

218	183	1654

206	184	1655

216	184	1670

206	185	1669

216	185	1697

206	186	1675

215	186	1686

206	187	1676

214	187	1691

215	187	1704

206	188	1675

213	188	1696

205	189	1699

213	189	1704

205	190	1698

213	190	1708

205	191	1695

212	191	1704

205	192	1692

212	192	1706

205	193	1694

206	193	1689

207	193	1686

208	193	1685

209	193	1685

210	193	1690

211	193	1698

212	193	1708

