212	167	1598

213	167	1600

214	167	1607

215	167	1610

217	167	1616

218	167	1618

209	168	1602

210	168	1594

211	168	1594

216	168	1604

219	168	1616

206	169	1602

207	169	1598

208	169	1593

220	169	1636

204	170	1607

205	170	1601

220	170	1624

202	171	1599

203	171	1593

220	171	1616

201	172	1601

220	172	1605

201	173	1602

221	173	1642

200	174	1584

221	174	1625

200	175	1613

221	175	1637

200	176	1612

220	176	1610

200	177	1617

220	177	1636

199	178	1665

219	178	1616

200	179	1638

219	179	1623

200	180	1643

219	180	1626

201	181	1642

220	181	1668

202	182	1649

219	182	1632

202	183	1673

218	183	1619

201	184	1695

217	184	1630

202	185	1699

211	185	1669

212	185	1654

215	185	1658

216	185	1669

202	186	1698

209	186	1698

210	186	1704

213	186	1692

214	186	1694

202	187	1697

208	187	1698

201	188	1703

208	188	1704

201	189	1704

207	189	1703

202	190	1699

206	190	1697

202	191	1704

205	191	1700

203	192	1700

204	192	1702

203	193	1703

