178	160	1782

169	161	1766

170	161	1763

176	161	1792

177	161	1777

178	161	1776

162	162	1755

163	162	1751

164	162	1755

165	162	1753

166	162	1752

167	162	1751

168	162	1756

171	162	1758

172	162	1765

173	162	1772

174	162	1774

175	162	1776

178	162	1776

160	163	1758

161	163	1752

179	163	1783

159	164	1755

178	164	1774

158	165	1758

178	165	1775

158	166	1755

178	166	1781

158	167	1755

178	167	1783

157	168	1773

178	168	1785

157	169	1782

178	169	1787

157	170	1785

177	170	1773

158	171	1760

178	171	1791

157	172	1770

177	172	1782

157	173	1770

176	173	1782

177	173	1798

157	174	1766

174	174	1775

175	174	1788

157	175	1762

173	175	1780

157	176	1755

171	176	1771

172	176	1790

157	177	1753

169	177	1769

170	177	1785

157	178	1752

168	178	1768

157	179	1751

167	179	1762

156	180	1757

167	180	1775

156	181	1756

166	181	1770

155	182	1774

166	182	1780

155	183	1768

165	183	1773

154	184	1788

165	184	1790

154	185	1781

165	185	1810

154	186	1776

164	186	1792

153	187	1799

164	187	1803

153	188	1788

164	188	1811

153	189	1780

163	189	1797

153	190	1776

163	190	1807

152	191	1811

163	191	1815

152	192	1800

162	192	1798

152	193	1794

162	193	1807

151	194	1812

162	194	1820

151	195	1805

162	195	1829

150	196	1841

162	196	1838

150	197	1822

151	197	1791

152	197	1780

153	197	1777

154	197	1775

155	197	1774

156	197	1774

157	197	1777

158	197	1780

159	197	1784

160	197	1793

161	197	1813

