203	186	1807

204	186	1802

205	186	1803

206	186	1812

207	186	1812

208	186	1813

209	186	1815

210	186	1825

211	186	1827

212	186	1833

213	186	1829

199	187	1800

200	187	1804

201	187	1804

202	187	1802

214	187	1825

197	188	1826

198	188	1810

215	188	1825

195	189	1851

196	189	1830

216	189	1832

195	190	1827

216	190	1826

195	191	1819

216	191	1828

195	192	1815

216	192	1835

194	193	1812

217	193	1857

194	194	1816

217	194	1890

194	195	1824

216	195	1866

194	196	1830

216	196	1896

194	197	1827

215	197	1876

195	198	1814

215	198	1912

194	199	1835

213	199	1871

214	199	1911

195	200	1821

212	200	1877

195	201	1831

211	201	1873

195	202	1838

210	202	1879

195	203	1835

209	203	1894

195	204	1826

208	204	1911

195	205	1827

207	205	1909

194	206	1859

206	206	1884

194	207	1873

206	207	1904

194	208	1868

205	208	1870

195	209	1835

205	209	1888

194	210	1853

205	210	1906

194	211	1851

204	211	1875

193	212	1884

204	212	1885

193	213	1879

204	213	1896

193	214	1873

204	214	1902

193	215	1867

204	215	1910

192	216	1895

193	216	1857

194	216	1840

195	216	1829

196	216	1826

197	216	1824

198	216	1828

199	216	1830

200	216	1834

201	216	1841

202	216	1854

203	216	1878

204	216	1913

