206	167	1636

207	167	1633

208	167	1630

209	167	1632

210	167	1634

211	167	1630

212	167	1627

213	167	1628

214	167	1639

201	168	1642

202	168	1643

203	168	1639

204	168	1638

205	168	1630

215	168	1655

198	169	1640

199	169	1642

200	169	1645

215	169	1669

196	170	1673

197	170	1646

214	170	1655

196	171	1664

214	171	1668

195	172	1658

214	172	1685

195	173	1650

214	173	1703

195	174	1649

213	174	1675

194	175	1668

213	175	1676

194	176	1680

213	176	1669

195	177	1666

214	177	1697

195	178	1667

214	178	1683

195	179	1667

214	179	1690

194	180	1694

213	180	1672

195	181	1680

213	181	1698

196	182	1674

212	182	1688

196	183	1690

211	183	1685

196	184	1707

197	184	1683

210	184	1686

211	184	1717

198	185	1680

209	185	1695

198	186	1693

208	186	1718

198	187	1704

208	187	1756

198	188	1711

207	188	1740

197	189	1732

207	189	1751

197	190	1728

206	190	1744

196	191	1738

205	191	1744

195	192	1749

205	192	1756

195	193	1755

204	193	1748

195	194	1751

204	194	1750

195	195	1749

203	195	1744

195	196	1747

196	196	1740

197	196	1732

198	196	1729

199	196	1727

200	196	1729

201	196	1732

202	196	1736

203	196	1746

