196	148	1328

197	148	1321

198	148	1321

203	148	1313

204	148	1305

205	148	1313

190	149	1339

191	149	1327

192	149	1328

193	149	1336

194	149	1327

195	149	1311

199	149	1292

200	149	1307

201	149	1311

202	149	1301

206	149	1302

207	149	1331

187	150	1357

189	150	1334

207	150	1307

184	151	1339

185	151	1324

186	151	1313

188	151	1313

207	151	1304

183	152	1304

208	152	1352

183	153	1318

207	153	1324

182	154	1323

206	154	1309

182	155	1324

206	155	1319

180	156	1380

181	156	1333

206	156	1333

181	157	1320

206	157	1351

181	158	1310

205	158	1325

181	159	1313

205	159	1328

180	160	1364

205	160	1321

180	161	1370

206	161	1356

180	162	1365

206	162	1336

181	163	1323

207	163	1364

180	164	1398

207	164	1354

180	165	1371

206	165	1331

180	166	1332

206	166	1352

181	167	1344

205	167	1343

181	168	1378

204	168	1341

182	169	1367

203	169	1340

181	170	1403

203	170	1364

182	171	1398

202	171	1359

183	172	1374

200	172	1349

201	172	1370

182	173	1380

199	173	1373

182	174	1360

198	174	1395

182	175	1395

198	175	1415

182	176	1389

197	176	1396

181	177	1405

197	177	1414

181	178	1393

196	178	1414

181	179	1402

195	179	1412

180	180	1412

194	180	1410

180	181	1417

194	181	1412

180	182	1410

194	182	1417

179	183	1415

193	183	1413

179	184	1407

192	184	1407

180	185	1413

192	185	1412

180	186	1417

192	186	1417

181	187	1416

182	187	1407

183	187	1401

184	187	1396

185	187	1394

186	187	1394

187	187	1396

188	187	1401

189	187	1404

190	187	1407

191	187	1413

