196	147	1330

194	148	1310

195	148	1302

197	148	1306

198	148	1321

188	149	1315

189	149	1305

190	149	1302

191	149	1309

192	149	1319

193	149	1312

199	149	1300

200	149	1303

201	149	1293

202	149	1282

203	149	1279

204	149	1281

205	149	1290

185	150	1322

186	150	1310

187	150	1301

206	150	1289

183	151	1305

184	151	1293

207	151	1316

182	152	1310

207	152	1321

182	153	1290

206	153	1297

181	154	1318

206	154	1314

181	155	1305

205	155	1291

181	156	1296

205	156	1301

179	157	1334

180	157	1304

205	157	1316

179	158	1332

205	158	1336

179	159	1348

204	159	1302

180	160	1297

204	160	1302

180	161	1297

205	161	1343

179	162	1347

205	162	1325

180	163	1306

205	163	1314

179	164	1371

206	164	1335

179	165	1379

206	165	1337

179	166	1388

205	166	1317

180	167	1364

205	167	1346

181	168	1328

204	168	1344

181	169	1366

203	169	1344

182	170	1329

202	170	1335

182	171	1344

201	171	1330

182	172	1355

200	172	1341

181	173	1395

198	173	1352

199	173	1366

180	174	1393

182	174	1372

197	174	1389

181	175	1386

196	175	1389

180	176	1378

195	176	1378

179	177	1374

195	177	1392

179	178	1386

194	178	1393

180	179	1386

193	179	1393

179	180	1392

192	180	1390

178	181	1396

180	181	1389

192	181	1393

180	182	1391

191	182	1389

179	183	1393

191	183	1391

178	184	1396

179	184	1393

191	184	1395

180	185	1393

181	185	1386

182	185	1377

183	185	1375

184	185	1376

185	185	1377

186	185	1377

187	185	1379

188	185	1383

189	185	1387

190	185	1391

