211	162	1577

212	162	1566

213	162	1565

214	162	1572

215	162	1552

217	162	1564

218	162	1561

219	162	1561

220	162	1573

207	163	1580

208	163	1576

209	163	1579

210	163	1571

216	163	1563

220	163	1558

205	164	1584

206	164	1577

221	164	1576

203	165	1576

204	165	1573

221	165	1579

202	166	1569

221	166	1586

201	167	1573

220	167	1572

200	168	1597

221	168	1587

200	169	1587

221	169	1627

199	170	1605

220	170	1612

199	171	1608

220	171	1613

199	172	1615

220	172	1604

199	173	1589

220	173	1597

200	174	1594

221	174	1628

200	175	1596

221	175	1631

200	176	1600

220	176	1609

200	177	1600

219	177	1601

201	178	1594

219	178	1628

201	179	1603

218	179	1619

201	180	1625

217	180	1616

202	181	1620

216	181	1620

203	182	1615

214	182	1624

215	182	1638

203	183	1626

213	183	1652

204	184	1629

213	184	1677

203	185	1648

212	185	1661

203	186	1651

212	186	1679

202	187	1667

211	187	1678

202	188	1667

210	188	1676

202	189	1666

210	189	1683

201	190	1678

209	190	1679

201	191	1679

202	191	1665

203	191	1658

204	191	1656

205	191	1657

206	191	1660

207	191	1664

208	191	1672

209	191	1682

