168	158	1695

169	158	1688

170	158	1688

164	159	1686

165	159	1681

166	159	1678

167	159	1682

171	159	1683

172	159	1684

173	159	1683

174	159	1683

175	159	1687

176	159	1698

177	159	1706

180	159	1720

181	159	1701

182	159	1701

183	159	1704

163	160	1692

178	160	1696

179	160	1698

183	160	1700

162	161	1694

183	161	1701

162	162	1686

183	162	1702

161	163	1690

183	163	1705

161	164	1682

183	164	1705

161	165	1681

182	165	1700

160	166	1689

182	166	1704

160	167	1689

182	167	1706

160	168	1688

182	168	1708

161	169	1677

181	169	1698

160	170	1685

181	170	1698

160	171	1680

181	171	1706

160	172	1681

180	172	1707

160	173	1693

178	173	1704

179	173	1713

160	174	1692

176	174	1696

177	174	1709

160	175	1689

175	175	1698

159	176	1709

173	176	1698

174	176	1708

159	177	1694

172	177	1703

159	178	1691

171	178	1701

158	179	1715

171	179	1711

159	180	1688

170	180	1705

158	181	1715

170	181	1722

158	182	1713

169	182	1711

158	183	1705

169	183	1727

157	184	1684

169	184	1744

156	185	1720

168	185	1725

157	186	1708

168	186	1735

156	187	1729

167	187	1729

156	188	1717

167	188	1739

156	189	1716

167	189	1748

156	190	1717

167	190	1755

156	191	1721

167	191	1765

155	192	1740

167	192	1779

155	193	1737

166	193	1761

154	194	1768

166	194	1767

154	195	1756

155	195	1735

156	195	1720

157	195	1717

158	195	1715

159	195	1716

160	195	1716

161	195	1717

162	195	1720

163	195	1728

164	195	1738

165	195	1753

166	195	1776

