214	163	1619

215	163	1612

219	163	1583

220	163	1597

221	163	1602

210	164	1612

211	164	1619

212	164	1610

213	164	1605

216	164	1588

217	164	1596

218	164	1595

222	164	1602

223	164	1608

207	165	1625

208	165	1616

209	165	1611

223	165	1618

205	166	1606

206	166	1612

223	166	1615

204	167	1603

223	167	1624

204	168	1600

223	168	1641

203	169	1613

222	169	1621

202	170	1624

222	170	1636

202	171	1614

221	171	1618

201	172	1640

221	172	1621

202	173	1615

222	173	1657

202	174	1615

222	174	1642

202	175	1619

222	175	1636

202	176	1634

223	176	1679

202	177	1629

222	177	1647

202	178	1683

221	178	1636

202	179	1673

220	179	1639

203	180	1648

220	180	1669

204	181	1648

219	181	1660

205	182	1645

217	182	1642

218	182	1662

205	183	1662

216	183	1663

205	184	1668

215	184	1697

205	185	1668

214	185	1694

203	186	1684

204	186	1679

214	186	1705

203	187	1686

213	187	1708

203	188	1696

212	188	1712

203	189	1703

211	189	1709

203	190	1704

211	190	1713

203	191	1699

211	191	1716

203	192	1701

204	192	1693

205	192	1689

206	192	1689

207	192	1688

208	192	1691

209	192	1694

210	192	1704

