171	115	1509

172	115	1512

171	116	1509

173	116	1517

171	117	1512

173	117	1516

171	118	1513

173	118	1517

171	119	1514

173	119	1518

171	120	1514

173	120	1521

171	121	1515

173	121	1523

170	122	1516

173	122	1525

169	123	1509

173	123	1523

168	124	1527

173	124	1525

167	125	1529

173	125	1525

166	126	1496

173	126	1523

164	127	1478

165	127	1496

174	127	1515

162	128	1482

163	128	1485

175	128	1500

160	129	1478

161	129	1478

175	129	1494

156	130	1477

157	130	1474

158	130	1475

159	130	1476

175	130	1493

154	131	1489

155	131	1481

175	131	1494

152	132	1489

153	132	1489

176	132	1498

152	133	1492

176	133	1499

151	134	1500

176	134	1499

151	135	1490

175	135	1496

150	136	1523

175	136	1496

151	137	1485

176	137	1501

150	138	1481

176	138	1503

150	139	1510

176	139	1504

150	140	1470

175	140	1507

151	141	1482

174	141	1508

150	142	1473

174	142	1515

151	143	1482

173	143	1513

151	144	1488

172	144	1508

151	145	1514

172	145	1522

152	146	1488

171	146	1520

152	147	1493

170	147	1521

152	148	1497

169	148	1522

152	149	1483

169	149	1535

152	150	1500

168	150	1523

152	151	1494

168	151	1523

152	152	1489

167	152	1517

151	153	1519

167	153	1519

151	154	1485

167	154	1528

151	155	1468

167	155	1538

151	156	1472

166	156	1533

151	157	1502

166	157	1536

151	158	1501

166	158	1538

151	159	1498

166	159	1543

151	160	1497

166	160	1548

150	161	1495

166	161	1553

150	162	1497

166	162	1555

150	163	1498

166	163	1561

150	164	1497

166	164	1562

149	165	1483

166	165	1568

149	166	1516

165	166	1556

149	167	1513

165	167	1559

149	168	1511

165	168	1561

149	169	1511

165	169	1562

149	170	1512

150	170	1508

151	170	1504

152	170	1504

153	170	1505

154	170	1507

155	170	1507

156	170	1507

157	170	1507

158	170	1509

159	170	1511

160	170	1513

161	170	1519

162	170	1529

163	170	1541

164	170	1554

165	170	1571

