159	154	1703

158	155	1700

160	155	1704

158	156	1695

160	156	1696

158	157	1693

160	157	1693

158	158	1688

161	158	1709

157	159	1717

161	159	1714

157	160	1688

161	160	1708

157	161	1691

161	161	1712

157	162	1688

161	162	1716

157	163	1684

160	163	1696

156	164	1688

160	164	1693

156	165	1688

160	165	1694

156	166	1690

160	166	1698

156	167	1686

160	167	1706

156	168	1683

159	168	1697

152	169	1652

153	169	1653

154	169	1670

155	169	1683

159	169	1700

150	170	1660

151	170	1647

159	170	1697

147	171	1662

148	171	1651

149	171	1650

159	171	1699

146	172	1668

159	172	1702

145	173	1665

159	173	1706

143	174	1692

144	174	1667

159	174	1707

143	175	1680

159	175	1711

142	176	1695

158	176	1696

142	177	1679

158	177	1699

142	178	1680

158	178	1691

142	179	1679

158	179	1678

142	180	1683

159	180	1684

142	181	1684

159	181	1684

142	182	1687

158	182	1675

142	183	1690

158	183	1688

142	184	1697

157	184	1686

143	185	1688

157	185	1704

143	186	1696

156	186	1705

143	187	1706

156	187	1733

143	188	1719

155	188	1729

143	189	1735

155	189	1749

143	190	1725

154	190	1731

144	191	1708

154	191	1735

144	192	1706

154	192	1744

143	193	1720

154	193	1747

143	194	1714

154	194	1752

143	195	1708

154	195	1748

143	196	1707

153	196	1729

142	197	1731

153	197	1734

142	198	1734

153	198	1738

142	199	1729

153	199	1744

143	200	1715

153	200	1745

142	201	1727

153	201	1750

142	202	1730

153	202	1755

142	203	1732

153	203	1761

142	204	1735

153	204	1766

141	205	1766

153	205	1769

141	206	1768

153	206	1772

141	207	1761

153	207	1770

141	208	1756

153	208	1769

141	209	1754

153	209	1766

141	210	1752

153	210	1770

141	211	1752

153	211	1769

141	212	1753

153	212	1766

141	213	1754

153	213	1766

141	214	1754

153	214	1765

188	214	1773

141	215	1753

142	215	1736

143	215	1735

144	215	1735

145	215	1736

146	215	1735

147	215	1733

148	215	1735

149	215	1738

150	215	1743

151	215	1748

152	215	1755

153	215	1767

188	215	1768

