210	157	1714

210	158	1716

211	158	1721

210	159	1717

211	159	1721

209	160	1714

211	160	1721

209	161	1715

212	161	1727

210	162	1725

212	162	1729

210	163	1723

212	163	1731

210	164	1720

212	164	1731

209	165	1716

212	165	1734

209	166	1727

212	166	1734

209	167	1726

212	167	1733

210	168	1724

212	168	1731

209	169	1724

213	169	1741

208	170	1695

214	170	1748

206	171	1698

207	171	1691

214	171	1766

206	172	1689

213	172	1731

204	173	1705

205	173	1698

214	173	1734

203	174	1695

214	174	1702

202	175	1700

215	175	1724

201	176	1689

215	176	1717

199	177	1695

200	177	1685

215	177	1716

198	178	1696

215	178	1713

197	179	1677

216	179	1746

197	180	1705

216	180	1736

197	181	1706

217	181	1792

197	182	1703

217	182	1799

197	183	1701

216	183	1742

197	184	1698

216	184	1760

197	185	1699

215	185	1731

197	186	1705

215	186	1748

197	187	1715

214	187	1721

197	188	1714

214	188	1739

197	189	1726

214	189	1767

198	190	1719

213	190	1758

199	191	1715

213	191	1789

199	192	1723

212	192	1761

200	193	1741

212	193	1777

201	194	1731

212	194	1796

201	195	1732

211	195	1770

201	196	1734

211	196	1781

201	197	1742

211	197	1789

202	198	1738

211	198	1796

202	199	1743

211	199	1803

201	200	1758

210	200	1780

201	201	1764

210	201	1783

201	202	1768

210	202	1789

201	203	1766

210	203	1796

201	204	1765

210	204	1798

201	205	1777

210	205	1797

201	206	1787

210	206	1797

201	207	1792

210	207	1799

201	208	1787

210	208	1803

202	209	1776

210	209	1805

202	210	1780

210	210	1805

202	211	1786

210	211	1804

202	212	1793

209	212	1802

202	213	1800

203	213	1791

204	213	1790

205	213	1791

206	213	1794

207	213	1797

208	213	1799

209	213	1803

