159	154	1696

160	154	1702

158	155	1687

160	155	1692

158	156	1682

160	156	1689

159	157	1682

161	157	1707

158	158	1685

161	158	1702

158	159	1688

161	159	1699

158	160	1688

161	160	1699

158	161	1686

160	161	1689

157	162	1687

161	162	1701

157	163	1681

160	163	1688

157	164	1679

160	164	1689

157	165	1678

161	165	1715

156	166	1674

160	166	1695

156	167	1686

160	167	1700

156	168	1682

160	168	1702

153	169	1659

154	169	1670

155	169	1681

160	169	1706

149	170	1675

150	170	1666

151	170	1646

152	170	1644

159	170	1691

148	171	1652

159	171	1694

147	172	1651

159	172	1693

145	173	1673

146	173	1657

159	173	1695

144	174	1663

160	174	1724

143	175	1688

159	175	1705

143	176	1680

159	176	1705

142	177	1691

159	177	1702

142	178	1687

159	178	1696

142	179	1689

159	179	1687

142	180	1691

159	180	1675

142	181	1696

159	181	1674

143	182	1683

159	182	1680

143	183	1682

158	183	1681

143	184	1687

158	184	1698

143	185	1693

157	185	1697

143	186	1702

157	186	1721

143	187	1708

156	187	1719

144	188	1698

155	188	1716

144	189	1706

155	189	1729

144	190	1705

154	190	1714

144	191	1700

154	191	1720

144	192	1699

154	192	1724

144	193	1705

154	193	1729

143	194	1739

154	194	1732

143	195	1726

154	195	1736

143	196	1721

154	196	1740

143	197	1717

154	197	1744

142	198	1747

154	198	1750

143	199	1715

154	199	1755

143	200	1717

154	200	1761

142	201	1734

153	201	1743

142	202	1737

153	202	1743

142	203	1741

153	203	1748

142	204	1744

153	204	1752

142	205	1739

153	205	1754

142	206	1735

153	206	1755

142	207	1733

153	207	1755

142	208	1735

153	208	1757

142	209	1736

153	209	1758

141	210	1763

153	210	1761

141	211	1762

153	211	1760

141	212	1764

153	212	1762

188	212	1770

141	213	1766

153	213	1764

188	213	1767

141	214	1763

153	214	1765

188	214	1764

141	215	1761

142	215	1745

143	215	1737

144	215	1735

145	215	1733

146	215	1731

147	215	1732

148	215	1735

149	215	1738

150	215	1742

151	215	1746

152	215	1755

153	215	1763

187	215	1773

188	215	1765

