193	107	1510

194	107	1526

192	108	1498

194	108	1524

191	109	1468

195	109	1538

191	110	1476

195	110	1541

191	111	1482

194	111	1528

190	112	1465

194	112	1530

190	113	1486

194	113	1534

189	114	1468

194	114	1541

189	115	1487

193	115	1531

187	116	1486

188	116	1481

193	116	1533

184	117	1488

185	117	1489

186	117	1474

193	117	1529

181	118	1461

182	118	1470

183	118	1477

193	118	1523

174	119	1456

175	119	1457

176	119	1460

177	119	1467

178	119	1474

179	119	1476

180	119	1473

193	119	1504

171	120	1443

172	120	1467

173	120	1470

193	120	1492

171	121	1462

194	121	1497

171	122	1472

194	122	1495

169	123	1440

170	123	1456

195	123	1504

169	124	1436

195	124	1510

170	125	1463

194	125	1500

169	126	1424

194	126	1501

169	127	1448

194	127	1502

168	128	1436

194	128	1503

168	129	1474

194	129	1507

168	130	1462

194	130	1514

168	131	1443

194	131	1525

168	132	1434

194	132	1540

167	133	1437

169	133	1462

193	133	1535

168	134	1427

192	134	1538

169	135	1441

191	135	1532

168	136	1425

189	136	1513

190	136	1530

169	137	1454

187	137	1505

188	137	1517

168	138	1449

186	138	1512

168	139	1427

185	139	1513

167	140	1453

184	140	1509

167	141	1463

184	141	1519

167	142	1462

183	142	1515

166	143	1447

183	143	1520

166	144	1460

182	144	1512

166	145	1424

182	145	1522

166	146	1431

182	146	1535

165	147	1431

181	147	1528

165	148	1462

181	148	1535

165	149	1468

181	149	1540

165	150	1471

180	150	1530

164	151	1436

180	151	1536

164	152	1467

180	152	1544

163	153	1437

179	153	1530

163	154	1444

179	154	1537

162	155	1445

179	155	1543

162	156	1457

179	156	1549

162	157	1484

179	157	1551

161	158	1494

178	158	1543

161	159	1482

178	159	1551

161	160	1494

178	160	1559

161	161	1499

178	161	1558

160	162	1494

161	162	1503

162	162	1499

163	162	1499

164	162	1496

165	162	1496

166	162	1494

167	162	1494

168	162	1493

169	162	1496

170	162	1498

171	162	1500

172	162	1501

173	162	1504

174	162	1513

175	162	1521

176	162	1531

177	162	1543

178	162	1561

