159	156	1803

158	157	1793

159	157	1794

158	158	1786

159	158	1787

158	159	1783

159	159	1784

157	160	1796

159	160	1779

158	161	1780

159	161	1784

157	162	1787

159	162	1785

157	163	1784

159	163	1788

157	164	1785

159	164	1787

157	165	1786

159	165	1791

156	166	1788

159	166	1794

156	167	1788

159	167	1801

156	168	1787

158	168	1789

155	169	1809

158	169	1792

154	170	1794

158	170	1792

150	171	1773

151	171	1759

152	171	1755

153	171	1763

158	171	1796

147	172	1765

148	172	1755

149	172	1756

158	172	1800

146	173	1767

159	173	1796

144	174	1788

145	174	1767

160	174	1761

143	175	1801

159	175	1747

142	176	1813

159	176	1761

142	177	1799

158	177	1770

142	178	1788

158	178	1787

142	179	1787

158	179	1803

142	180	1789

157	180	1783

142	181	1792

157	181	1787

142	182	1794

157	182	1790

142	183	1795

156	183	1787

142	184	1796

156	184	1807

142	185	1800

155	185	1806

142	186	1809

154	186	1803

143	187	1802

154	187	1828

143	188	1822

153	188	1828

143	189	1828

153	189	1853

142	190	1852

152	190	1835

142	191	1836

152	191	1844

142	192	1831

152	192	1849

142	193	1822

152	193	1859

142	194	1820

152	194	1868

141	195	1844

151	195	1845

141	196	1839

151	196	1846

141	197	1836

151	197	1851

141	198	1833

151	198	1859

140	199	1869

151	199	1870

140	200	1870

151	200	1875

140	201	1865

151	201	1876

140	202	1863

150	202	1853

140	203	1860

150	203	1861

140	204	1859

150	204	1867

140	205	1853

150	205	1874

140	206	1856

150	206	1874

140	207	1856

150	207	1877

139	208	1882

150	208	1874

139	209	1874

150	209	1876

139	210	1872

150	210	1878

139	211	1872

150	211	1883

187	211	1881

139	212	1869

150	212	1881

186	212	1884

187	212	1878

139	213	1868

150	213	1877

186	213	1880

187	213	1877

139	214	1865

150	214	1878

185	214	1881

187	214	1873

139	215	1862

150	215	1879

185	215	1880

187	215	1870

139	216	1862

140	216	1851

141	216	1847

142	216	1848

143	216	1847

144	216	1846

145	216	1847

146	216	1851

147	216	1853

148	216	1859

149	216	1867

150	216	1881

185	216	1878

186	216	1871

187	216	1865

