169	110	1396

170	110	1396

171	110	1397

169	111	1395

172	111	1405

168	112	1394

172	112	1405

168	113	1400

172	113	1405

168	114	1401

172	114	1404

168	115	1402

172	115	1407

168	116	1401

172	116	1411

168	117	1403

171	117	1409

168	118	1404

171	118	1408

167	119	1406

172	119	1410

166	120	1388

172	120	1410

164	121	1395

165	121	1381

171	121	1409

162	122	1394

163	122	1387

171	122	1403

159	123	1373

160	123	1372

161	123	1378

171	123	1387

157	124	1373

158	124	1369

172	124	1383

152	125	1368

153	125	1367

154	125	1367

155	125	1368

156	125	1370

173	125	1382

174	125	1394

149	126	1385

150	126	1377

151	126	1371

173	126	1380

148	127	1389

173	127	1379

147	128	1396

174	128	1382

147	129	1382

175	129	1390

147	130	1374

174	130	1383

146	131	1384

175	131	1334

146	132	1385

175	132	1386

145	133	1431

175	133	1399

146	134	1383

174	134	1396

146	135	1374

174	135	1395

145	136	1396

173	136	1394

146	137	1376

173	137	1398

146	138	1374

172	138	1401

146	139	1372

172	139	1405

146	140	1385

171	140	1401

146	141	1384

170	141	1399

146	142	1392

170	142	1399

146	143	1383

168	143	1401

169	143	1399

146	144	1397

167	144	1408

147	145	1388

166	145	1410

147	146	1387

166	146	1412

146	147	1413

165	147	1405

146	148	1391

164	148	1401

146	149	1390

164	149	1400

146	150	1391

163	150	1402

146	151	1391

163	151	1406

145	152	1394

163	152	1419

145	153	1382

162	153	1419

146	154	1382

162	154	1425

144	155	1427

145	155	1394

162	155	1430

144	156	1418

162	156	1437

144	157	1410

162	157	1439

144	158	1405

161	158	1433

144	159	1402

161	159	1434

144	160	1397

161	160	1440

143	161	1401

161	161	1444

143	162	1403

161	162	1445

143	163	1403

161	163	1442

142	164	1439

160	164	1439

142	165	1426

160	165	1443

142	166	1419

160	166	1448

142	167	1411

160	167	1451

142	168	1408

160	168	1460

142	169	1406

160	169	1459

142	170	1405

160	170	1458

141	171	1411

160	171	1461

141	172	1414

160	172	1469

140	173	1428

160	173	1472

140	174	1416

160	174	1477

140	175	1417

159	175	1467

139	176	1445

159	176	1469

139	177	1432

159	177	1470

139	178	1431

159	178	1474

139	179	1431

140	179	1422

141	179	1417

142	179	1414

143	179	1409

144	179	1407

145	179	1405

146	179	1407

147	179	1407

148	179	1407

149	179	1407

150	179	1407

151	179	1410

152	179	1411

153	179	1415

154	179	1418

155	179	1425

156	179	1434

157	179	1446

158	179	1461

159	179	1479

