154	129	1368

155	129	1373

154	130	1369

156	130	1377

154	131	1370

156	131	1376

154	132	1368

156	132	1372

154	133	1367

156	133	1371

154	134	1365

156	134	1369

154	135	1366

156	135	1373

153	136	1365

156	136	1373

153	137	1362

156	137	1375

153	138	1363

156	138	1374

153	139	1365

156	139	1377

152	140	1368

156	140	1379

152	141	1366

156	141	1381

152	142	1366

155	142	1378

152	143	1367

155	143	1381

151	144	1364

155	144	1382

151	145	1364

155	145	1384

151	146	1366

155	146	1384

146	147	1337

147	147	1347

148	147	1355

150	147	1367

154	147	1380

144	148	1335

145	148	1334

149	148	1366

154	148	1381

142	149	1343

143	149	1343

154	149	1383

138	150	1346

139	150	1338

140	150	1337

141	150	1336

154	150	1382

136	151	1346

137	151	1351

155	151	1357

134	152	1342

135	152	1335

155	152	1336

133	153	1354

155	153	1328

133	154	1356

154	154	1328

132	155	1375

154	155	1352

132	156	1363

153	156	1359

132	157	1362

153	157	1363

132	158	1365

153	158	1364

131	159	1369

153	159	1372

131	160	1375

153	160	1382

131	161	1360

152	161	1372

131	162	1360

152	162	1372

131	163	1363

152	163	1369

131	164	1392

152	164	1374

131	165	1413

152	165	1384

131	166	1419

151	166	1393

132	167	1381

150	167	1395

132	168	1389

150	168	1410

132	169	1383

149	169	1410

132	170	1380

149	170	1423

133	171	1384

148	171	1422

133	172	1392

148	172	1429

133	173	1391

147	173	1422

132	174	1401

147	174	1427

132	175	1396

146	175	1421

132	176	1397

146	176	1425

131	177	1381

146	177	1429

132	178	1394

146	178	1434

131	179	1372

146	179	1438

132	180	1396

146	180	1440

131	181	1429

146	181	1443

132	182	1404

146	182	1447

130	183	1394

131	183	1402

146	183	1449

131	184	1407

146	184	1452

131	185	1399

145	185	1442

131	186	1403

145	186	1446

131	187	1411

145	187	1451

130	188	1447

145	188	1455

130	189	1414

145	189	1457

130	190	1419

145	190	1458

130	191	1399

145	191	1462

130	192	1442

145	192	1465

130	193	1435

145	193	1466

129	194	1445

145	194	1468

129	195	1421

144	195	1457

129	196	1399

144	196	1459

129	197	1423

144	197	1459

129	198	1436

144	198	1463

129	199	1436

144	199	1462

128	200	1466

144	200	1463

128	201	1451

144	201	1458

128	202	1462

144	202	1459

128	203	1456

144	203	1461

128	204	1460

144	204	1465

128	205	1462

144	205	1466

128	206	1457

144	206	1466

128	207	1451

144	207	1465

127	208	1444

128	208	1447

129	208	1449

130	208	1447

131	208	1445

132	208	1441

133	208	1443

134	208	1446

135	208	1447

136	208	1445

137	208	1444

138	208	1445

139	208	1448

140	208	1451

141	208	1453

142	208	1457

143	208	1461

144	208	1466

