209	128	1325

210	128	1310

211	128	1319

209	129	1306

212	129	1318

208	130	1310

212	130	1307

208	131	1318

213	131	1328

209	132	1300

213	132	1316

209	133	1304

213	133	1313

209	134	1307

213	134	1315

209	135	1312

214	135	1353

209	136	1315

214	136	1331

208	137	1367

214	137	1321

209	138	1314

215	138	1350

209	139	1313

215	139	1339

209	140	1315

215	140	1342

208	141	1340

215	141	1352

208	142	1344

215	142	1349

209	143	1330

215	143	1344

210	144	1309

215	144	1341

210	145	1312

215	145	1350

210	146	1317

215	146	1370

210	147	1304

214	147	1325

206	148	1300

207	148	1285

208	148	1283

209	148	1286

214	148	1313

204	149	1357

205	149	1303

215	149	1327

203	150	1360

216	150	1316

202	151	1378

217	151	1305

202	152	1317

218	152	1289

200	153	1309

201	153	1303

219	153	1309

199	154	1309

219	154	1303

195	155	1367

196	155	1331

197	155	1318

198	155	1303

219	155	1303

195	156	1310

219	156	1304

194	157	1311

219	157	1305

193	158	1327

219	158	1306

193	159	1323

219	159	1302

192	160	1372

220	160	1331

193	161	1309

220	161	1321

192	162	1380

220	162	1324

192	163	1372

220	163	1330

191	164	1364

220	164	1340

191	165	1351

219	165	1317

192	166	1359

219	166	1336

191	167	1386

193	167	1325

218	167	1317

193	168	1335

218	168	1329

193	169	1325

218	169	1346

194	170	1300

217	170	1319

193	171	1374

217	171	1334

194	172	1330

216	172	1329

194	173	1386

216	173	1360

195	174	1368

215	174	1360

196	175	1337

214	175	1359

196	176	1370

214	176	1383

197	177	1364

213	177	1358

197	178	1349

213	178	1376

196	179	1392

212	179	1362

194	180	1387

197	180	1356

212	180	1382

197	181	1368

211	181	1372

197	182	1360

211	182	1387

196	183	1388

210	183	1380

196	184	1381

210	184	1390

196	185	1387

209	185	1381

196	186	1388

209	186	1383

196	187	1386

209	187	1386

196	188	1389

209	188	1387

194	189	1385

195	189	1379

209	189	1390

195	190	1376

209	190	1394

194	191	1393

208	191	1387

195	192	1393

208	192	1394

195	193	1396

207	193	1389

195	194	1392

206	194	1392

196	195	1392

206	195	1396

197	196	1392

205	196	1396

198	197	1389

204	197	1394

198	198	1394

203	198	1392

204	198	1396

192	199	1373

199	199	1395

200	199	1393

201	199	1393

202	199	1395

192	200	1381

192	205	1344

