157	161	1892

158	161	1897

157	162	1874

158	162	1879

158	163	1872

157	164	1872

158	164	1873

157	165	1875

158	165	1876

157	166	1873

158	166	1875

157	167	1874

158	167	1876

156	168	1881

158	168	1871

156	169	1884

158	169	1873

156	170	1878

158	170	1875

155	171	1899

158	171	1881

156	172	1873

158	172	1882

155	173	1877

158	173	1884

155	174	1873

158	174	1889

153	175	1852

154	175	1869

157	175	1877

149	176	1852

150	176	1846

151	176	1838

152	176	1833

157	176	1876

147	177	1857

148	177	1841

157	177	1868

145	178	1883

146	178	1857

157	178	1841

143	179	1953

144	179	1877

157	179	1828

143	180	1921

157	180	1835

143	181	1903

157	181	1859

143	182	1883

157	182	1866

142	183	1887

157	183	1870

142	184	1883

157	184	1868

142	185	1887

157	185	1866

142	186	1900

157	186	1867

142	187	1913

157	187	1881

143	188	1881

156	188	1880

143	189	1889

155	189	1889

143	190	1902

154	190	1891

144	191	1901

153	191	1896

144	192	1915

153	192	1919

144	193	1917

153	193	1934

143	194	1939

153	194	1951

143	195	1924

152	195	1925

143	196	1914

152	196	1932

143	197	1911

152	197	1936

142	198	1951

152	198	1942

142	199	1944

152	199	1952

142	200	1938

151	200	1926

142	201	1935

151	201	1932

142	202	1932

151	202	1937

142	203	1931

151	203	1947

142	204	1930

150	204	1932

142	205	1930

150	205	1937

141	206	1959

150	206	1940

142	207	1930

150	207	1940

141	208	1955

150	208	1941

141	209	1950

150	209	1944

141	210	1946

150	210	1943

141	211	1943

150	211	1948

141	212	1942

150	212	1946

141	213	1941

150	213	1951

141	214	1939

150	214	1949

141	215	1943

150	215	1953

141	216	1943

142	216	1933

143	216	1930

144	216	1925

145	216	1926

146	216	1926

147	216	1929

148	216	1931

149	216	1939

150	216	1950

