216	131	1329

217	131	1326

215	132	1326

218	132	1323

215	133	1320

219	133	1332

215	134	1318

219	134	1326

215	135	1320

220	135	1356

215	136	1328

220	136	1340

215	137	1334

220	137	1333

212	138	1394

215	138	1340

220	138	1330

215	139	1340

220	139	1329

215	140	1347

220	140	1330

215	141	1332

220	141	1333

215	142	1324

220	142	1337

211	143	1404

212	143	1399

213	143	1411

215	143	1339

221	143	1394

212	144	1401

214	144	1390

221	144	1388

215	145	1341

220	145	1341

216	146	1323

220	146	1340

216	147	1326

220	147	1341

216	148	1325

220	148	1345

216	149	1324

220	149	1349

215	150	1309

220	150	1347

211	151	1359

212	151	1312

213	151	1299

214	151	1293

220	151	1331

209	152	1409

210	152	1387

220	152	1301

209	153	1373

221	153	1305

208	154	1371

222	154	1309

205	155	1386

206	155	1364

207	155	1342

223	155	1314

204	156	1355

224	156	1324

203	157	1341

224	157	1309

201	158	1331

202	158	1311

224	158	1310

199	159	1310

200	159	1308

224	159	1313

199	160	1319

224	160	1313

199	161	1320

225	161	1349

198	162	1371

225	162	1342

197	163	1408

225	163	1338

197	164	1406

225	164	1333

197	165	1408

225	165	1332

198	166	1343

225	166	1340

198	167	1341

225	167	1357

197	168	1367

224	168	1335

196	169	1405

197	169	1370

224	169	1357

198	170	1354

223	170	1335

198	171	1385

223	171	1349

199	172	1322

222	172	1328

199	173	1348

222	173	1345

199	174	1369

221	174	1337

199	175	1382

221	175	1363

200	176	1355

220	176	1367

200	177	1396

219	177	1369

201	178	1377

218	178	1364

202	179	1349

218	179	1384

201	180	1378

217	180	1367

201	181	1360

217	181	1392

199	182	1393

200	182	1398

216	182	1381

201	183	1372

216	183	1398

200	184	1375

215	184	1393

200	185	1368

215	185	1409

200	186	1395

214	186	1401

200	187	1376

214	187	1408

199	188	1407

213	188	1394

199	189	1384

213	189	1398

199	190	1378

213	190	1403

197	191	1384

198	191	1401

213	191	1408

198	192	1405

213	192	1412

199	193	1405

212	193	1405

199	194	1408

211	194	1405

199	195	1411

211	195	1412

199	196	1407

200	196	1406

210	196	1412

201	197	1405

209	197	1408

201	198	1409

208	198	1408

201	199	1412

207	199	1409

202	200	1410

206	200	1411

203	201	1408

205	201	1410

196	202	1402

203	202	1412

204	202	1412

