163	114	1436

164	114	1442

162	115	1433

164	115	1442

162	116	1438

164	116	1445

162	117	1438

164	117	1444

161	118	1441

164	118	1446

161	119	1441

164	119	1446

160	120	1437

164	120	1451

160	121	1441

164	121	1454

159	122	1442

163	122	1452

158	123	1436

163	123	1452

155	124	1418

156	124	1416

157	124	1431

163	124	1458

154	125	1411

162	125	1457

150	126	1416

151	126	1411

152	126	1409

153	126	1410

162	126	1461

146	127	1407

147	127	1408

148	127	1408

149	127	1411

162	127	1463

144	128	1407

145	128	1408

161	128	1454

139	129	1403

140	129	1402

141	129	1399

142	129	1400

143	129	1402

161	129	1444

138	130	1412

161	130	1429

137	131	1419

161	131	1421

136	132	1418

161	132	1421

135	133	1429

162	133	1428

135	134	1416

161	134	1424

135	135	1417

161	135	1425

135	136	1414

161	136	1427

135	137	1412

161	137	1432

134	138	1420

161	138	1435

135	139	1413

161	139	1437

134	140	1388

160	140	1436

135	141	1415

160	141	1441

135	142	1413

159	142	1447

135	143	1411

158	143	1448

135	144	1414

157	144	1447

135	145	1425

156	145	1442

135	146	1430

155	146	1441

136	147	1417

155	147	1458

136	148	1419

154	148	1465

136	149	1422

153	149	1467

136	150	1426

153	150	1476

136	151	1427

152	151	1463

135	152	1443

152	152	1467

136	153	1432

151	153	1460

135	154	1474

151	154	1467

135	155	1435

151	155	1475

135	156	1427

152	156	1495

135	157	1428

152	157	1493

135	158	1399

152	158	1493

135	159	1403

152	159	1495

135	160	1440

152	160	1497

135	161	1449

152	161	1502

135	162	1450

152	162	1509

135	163	1456

152	163	1510

135	164	1460

152	164	1509

135	165	1463

152	165	1511

135	166	1462

152	166	1514

135	167	1458

152	167	1515

135	168	1462

152	168	1516

135	169	1464

151	169	1502

135	170	1463

151	170	1504

135	171	1467

136	171	1464

137	171	1461

138	171	1461

139	171	1461

140	171	1460

141	171	1460

142	171	1458

143	171	1459

144	171	1461

145	171	1464

146	171	1467

147	171	1470

148	171	1475

149	171	1483

150	171	1491

151	171	1504

