205	134	1280

206	134	1275

207	134	1274

208	134	1275

209	134	1284

210	134	1315

204	135	1303

210	135	1303

204	136	1300

210	136	1294

204	137	1319

210	137	1292

205	138	1280

211	138	1330

204	139	1300

210	139	1296

204	140	1292

210	140	1302

204	141	1307

210	141	1305

205	142	1286

211	142	1349

205	143	1291

211	143	1343

205	144	1293

210	144	1315

205	145	1275

210	145	1327

200	146	1281

201	146	1255

202	146	1253

203	146	1256

204	146	1255

210	146	1337

199	147	1297

210	147	1338

199	148	1274

210	148	1323

196	149	1330

197	149	1300

198	149	1283

210	149	1283

196	150	1273

211	150	1283

193	151	1317

194	151	1293

195	151	1265

211	151	1255

192	152	1307

212	152	1258

189	153	1270

190	153	1289

191	153	1277

213	153	1284

188	154	1309

213	154	1277

187	155	1317

213	155	1272

187	156	1284

214	156	1308

186	157	1303

214	157	1314

187	158	1270

214	158	1310

186	159	1295

214	159	1302

184	160	1346

186	160	1285

214	160	1300

186	161	1288

214	161	1301

185	162	1367

214	162	1309

186	163	1283

214	163	1330

186	164	1289

213	164	1305

184	165	1348

185	165	1353

212	165	1291

186	166	1296

212	166	1306

186	167	1304

212	167	1325

186	168	1318

211	168	1299

186	169	1358

211	169	1317

186	170	1306

210	170	1301

187	171	1328

210	171	1324

188	172	1313

209	172	1321

188	173	1336

208	173	1328

189	174	1329

208	174	1357

189	175	1339

207	175	1342

188	176	1328

189	176	1327

207	176	1361

190	177	1330

206	177	1345

190	178	1364

206	178	1362

191	179	1322

205	179	1349

189	180	1349

191	180	1320

205	180	1363

189	181	1367

190	181	1333

204	181	1355

189	182	1357

204	182	1365

189	183	1334

204	183	1369

188	184	1367

203	184	1358

188	185	1315

203	185	1361

189	186	1342

203	186	1366

189	187	1363

203	187	1369

189	188	1364

202	188	1357

189	189	1356

202	189	1358

189	190	1348

202	190	1365

188	191	1343

201	191	1363

188	192	1324

189	192	1337

190	192	1350

191	192	1347

192	192	1345

193	192	1341

194	192	1343

195	192	1343

196	192	1344

197	192	1346

198	192	1352

199	192	1359

200	192	1364

201	192	1369

