156	135	1424

157	135	1428

156	136	1425

158	136	1435

156	137	1427

158	137	1432

156	138	1431

158	138	1434

156	139	1431

158	139	1436

156	140	1431

158	140	1439

156	141	1430

158	141	1437

155	142	1431

158	142	1437

155	143	1433

158	143	1437

155	144	1433

158	144	1440

155	145	1434

158	145	1441

154	146	1434

157	146	1441

154	147	1432

157	147	1443

154	148	1432

157	148	1444

154	149	1432

157	149	1446

153	150	1434

157	150	1451

152	151	1432

157	151	1453

148	152	1403

149	152	1405

150	152	1414

151	152	1428

156	152	1442

145	153	1409

146	153	1407

147	153	1404

156	153	1442

142	154	1401

143	154	1400

144	154	1403

156	154	1441

140	155	1414

141	155	1405

156	155	1423

138	156	1409

139	156	1404

156	156	1401

136	157	1431

137	157	1418

156	157	1402

136	158	1426

155	158	1408

135	159	1434

155	159	1431

134	160	1437

155	160	1439

134	161	1444

155	161	1439

134	162	1486

155	162	1439

134	163	1473

155	163	1444

134	164	1479

155	164	1443

135	165	1436

154	165	1428

134	166	1460

154	166	1427

134	167	1467

154	167	1431

135	168	1442

154	168	1439

135	169	1441

153	169	1447

135	170	1446

153	170	1460

135	171	1476

152	171	1459

135	172	1474

152	172	1474

135	173	1478

151	173	1478

136	174	1471

150	174	1478

136	175	1477

150	175	1486

136	176	1459

149	176	1482

136	177	1454

149	177	1488

136	178	1457

149	178	1490

135	179	1477

149	179	1496

135	180	1487

149	180	1499

135	181	1476

148	181	1493

135	182	1478

148	182	1495

135	183	1477

148	183	1498

134	184	1512

148	184	1498

134	185	1483

148	185	1500

134	186	1474

148	186	1502

134	187	1480

148	187	1508

133	188	1514

148	188	1514

133	189	1515

148	189	1521

134	190	1477

147	190	1509

134	191	1482

147	191	1513

133	192	1504

147	192	1518

133	193	1496

147	193	1522

133	194	1497

147	194	1525

133	195	1495

147	195	1527

133	196	1492

147	196	1528

132	197	1513

147	197	1531

132	198	1510

147	198	1533

132	199	1504

146	199	1521

132	200	1506

147	200	1535

131	201	1487

147	201	1534

131	202	1517

147	202	1531

131	203	1519

147	203	1532

131	204	1518

147	204	1533

131	205	1521

146	205	1527

131	206	1519

147	206	1535

131	207	1520

146	207	1527

130	208	1534

131	208	1517

132	208	1509

133	208	1505

134	208	1504

135	208	1502

136	208	1502

137	208	1500

138	208	1500

139	208	1501

140	208	1504

141	208	1506

142	208	1506

143	208	1510

144	208	1513

145	208	1519

146	208	1526

190	208	1535

