167	138	1428

168	138	1433

167	139	1434

169	139	1439

167	140	1436

169	140	1443

167	141	1437

169	141	1443

167	142	1436

169	142	1440

167	143	1436

169	143	1439

167	144	1440

169	144	1440

166	145	1440

169	145	1444

166	146	1438

169	146	1444

166	147	1434

169	147	1446

166	148	1435

169	148	1448

166	149	1437

169	149	1453

165	150	1438

168	150	1446

165	151	1439

168	151	1450

165	152	1440

168	152	1450

164	153	1439

168	153	1453

164	154	1441

168	154	1454

160	155	1412

161	155	1414

162	155	1422

163	155	1437

168	155	1457

158	156	1415

159	156	1410

167	156	1452

154	157	1406

155	157	1405

156	157	1409

157	157	1412

167	157	1445

151	158	1421

152	158	1408

153	158	1406

167	158	1419

150	159	1416

167	159	1397

148	160	1420

149	160	1415

167	160	1400

147	161	1424

167	161	1419

146	162	1431

166	162	1424

145	163	1439

166	163	1428

145	164	1437

166	164	1429

145	165	1438

166	165	1433

145	166	1438

166	166	1439

145	167	1438

166	167	1439

145	168	1438

166	168	1439

144	169	1453

166	169	1439

145	170	1445

166	170	1443

145	171	1447

166	171	1449

145	172	1453

165	172	1453

145	173	1455

164	173	1458

145	174	1475

163	174	1457

145	175	1469

162	175	1461

146	176	1448

162	176	1479

146	177	1463

161	177	1484

146	178	1457

160	178	1485

145	179	1467

160	179	1497

145	180	1472

159	180	1496

146	181	1462

159	181	1503

145	182	1463

158	182	1492

145	183	1461

158	183	1498

144	184	1490

158	184	1502

144	185	1438

158	185	1509

145	186	1459

158	186	1517

143	187	1434

144	187	1460

157	187	1505

144	188	1464

157	188	1508

143	189	1460

157	189	1511

143	190	1478

157	190	1512

143	191	1482

157	191	1518

143	192	1490

156	192	1509

143	193	1492

156	193	1515

142	194	1523

156	194	1520

142	195	1490

156	195	1522

142	196	1495

156	196	1524

142	197	1498

155	197	1516

142	198	1496

155	198	1521

141	199	1502

155	199	1523

141	200	1502

155	200	1526

141	201	1504

154	201	1515

140	202	1501

154	202	1517

140	203	1514

154	203	1521

140	204	1512

154	204	1520

140	205	1508

154	205	1520

140	206	1511

154	206	1521

140	207	1515

154	207	1525

139	208	1525

154	208	1526

139	209	1523

153	209	1519

139	210	1527

153	210	1521

140	211	1520

153	211	1526

140	212	1519

152	212	1522

139	213	1526

140	213	1518

141	213	1515

142	213	1513

143	213	1512

144	213	1509

145	213	1510

146	213	1512

147	213	1514

148	213	1512

149	213	1511

150	213	1511

151	213	1516

152	213	1524

