219	121	1549

220	121	1538

221	121	1541

218	122	1547

222	122	1554

217	123	1515

222	123	1561

216	124	1506

221	124	1542

214	125	1561

215	125	1515

221	125	1553

198	126	1487

199	126	1489

200	126	1494

213	126	1533

220	126	1548

193	127	1511

194	127	1509

195	127	1494

196	127	1490

197	127	1486

201	127	1480

202	127	1489

212	127	1530

220	127	1563

192	128	1529

203	128	1483

204	128	1487

205	128	1487

206	128	1490

207	128	1498

208	128	1509

209	128	1508

210	128	1497

211	128	1497

219	128	1553

192	129	1486

218	129	1546

191	130	1475

218	130	1561

190	131	1446

217	131	1551

189	132	1503

216	132	1509

189	133	1475

216	133	1501

187	134	1511

188	134	1493

217	134	1509

187	135	1494

188	135	1465

217	135	1510

189	136	1469

217	136	1516

189	137	1471

217	137	1515

188	138	1483

216	138	1515

188	139	1485

216	139	1526

187	140	1505

216	140	1536

187	141	1501

215	141	1525

186	142	1499

215	142	1536

185	143	1495

215	143	1547

184	144	1510

212	144	1520

213	144	1529

214	144	1539

215	144	1547

183	145	1484

210	145	1521

211	145	1535

183	146	1436

208	146	1523

209	146	1535

182	147	1438

205	147	1520

206	147	1527

207	147	1535

182	148	1468

203	148	1527

204	148	1534

182	149	1475

202	149	1532

181	150	1471

201	150	1534

180	151	1466

199	151	1522

200	151	1534

179	152	1479

198	152	1525

179	153	1485

198	153	1542

177	154	1498

178	154	1490

197	154	1545

175	155	1454

176	155	1491

196	155	1542

176	156	1490

195	156	1543

175	157	1504

195	157	1555

174	158	1496

194	158	1549

173	159	1492

194	159	1558

172	160	1492

193	160	1555

171	161	1495

192	161	1554

170	162	1498

192	162	1566

169	163	1486

191	163	1561

169	164	1502

191	164	1570

168	165	1507

190	165	1568

167	166	1497

190	166	1583

167	167	1514

189	167	1578

167	168	1520

168	168	1514

169	168	1507

170	168	1506

171	168	1505

172	168	1506

173	168	1503

174	168	1502

175	168	1502

176	168	1502

177	168	1502

178	168	1500

179	168	1501

180	168	1503

181	168	1506

182	168	1506

183	168	1508

184	168	1512

185	168	1520

186	168	1530

187	168	1543

188	168	1564

