209	158	1716

210	158	1720

209	159	1717

210	159	1721

209	160	1716

210	160	1722

208	161	1709

211	161	1726

208	162	1703

211	162	1728

209	163	1719

211	163	1729

209	164	1719

211	164	1730

209	165	1720

211	165	1729

209	166	1722

211	166	1727

208	167	1720

211	167	1730

209	168	1726

211	168	1732

209	169	1727

212	169	1742

208	170	1686

213	170	1754

207	171	1693

213	171	1763

205	172	1691

206	172	1684

212	172	1726

205	173	1692

213	173	1716

204	174	1698

214	174	1729

202	175	1699

203	175	1688

214	175	1704

201	176	1707

214	176	1700

199	177	1689

200	177	1690

215	177	1737

198	178	1683

215	178	1727

197	179	1692

215	179	1718

197	180	1703

216	180	1751

196	181	1689

216	181	1742

196	182	1716

216	182	1746

196	183	1710

216	183	1760

196	184	1707

215	184	1728

196	185	1719

215	185	1740

197	186	1703

214	186	1719

197	187	1703

214	187	1729

197	188	1707

214	188	1744

197	189	1715

214	189	1766

198	190	1715

213	190	1750

198	191	1720

213	191	1787

199	192	1733

212	192	1768

200	193	1726

212	193	1789

199	194	1754

200	194	1718

211	194	1760

201	195	1734

211	195	1771

201	196	1738

211	196	1779

201	197	1752

211	197	1790

201	198	1761

211	198	1800

202	199	1745

210	199	1781

202	200	1744

210	200	1782

201	201	1765

210	201	1784

201	202	1765

210	202	1786

201	203	1764

210	203	1791

201	204	1767

210	204	1794

201	205	1779

210	205	1802

201	206	1789

210	206	1803

201	207	1791

210	207	1801

201	208	1791

210	208	1801

201	209	1797

210	209	1803

202	210	1790

210	210	1807

202	211	1796

209	211	1804

202	212	1794

209	212	1805

202	213	1796

209	213	1807

202	214	1807

203	214	1800

204	214	1795

205	214	1795

206	214	1795

207	214	1798

208	214	1801

209	214	1807

