155	159	1827

156	159	1829

155	160	1817

156	160	1818

155	161	1814

156	161	1814

155	162	1812

156	162	1809

155	163	1813

156	163	1808

155	164	1816

157	164	1822

154	165	1830

157	165	1822

154	166	1820

157	166	1826

154	167	1812

157	167	1829

154	168	1812

157	168	1831

153	169	1831

156	169	1814

153	170	1820

156	170	1816

153	171	1818

156	171	1821

153	172	1814

156	172	1826

151	173	1795

152	173	1808

156	173	1831

147	174	1787

148	174	1782

149	174	1777

150	174	1776

155	174	1817

145	175	1782

146	175	1772

155	175	1816

144	176	1786

155	176	1816

142	177	1801

143	177	1784

155	177	1816

141	178	1834

155	178	1816

141	179	1829

155	179	1816

141	180	1821

155	180	1817

141	181	1810

155	181	1813

141	182	1804

155	182	1804

141	183	1807

155	183	1801

141	184	1811

155	184	1800

141	185	1815

155	185	1806

141	186	1815

155	186	1824

141	187	1820

154	187	1828

141	188	1826

153	188	1830

141	189	1848

152	189	1831

141	190	1893

152	190	1855

142	191	1861

152	191	1881

142	192	1857

151	192	1856

142	193	1842

151	193	1864

141	194	1855

151	194	1873

141	195	1857

151	195	1878

141	196	1855

151	196	1880

141	197	1854

151	197	1885

141	198	1853

151	198	1890

140	199	1893

151	199	1891

140	200	1883

150	200	1873

140	201	1869

150	201	1882

140	202	1869

150	202	1889

140	203	1875

150	203	1894

140	204	1877

149	204	1868

140	205	1874

149	205	1876

140	206	1877

149	206	1877

140	207	1880

149	207	1883

140	208	1882

149	208	1883

140	209	1878

149	209	1883

140	210	1873

149	210	1881

139	211	1893

149	211	1885

139	212	1894

149	212	1888

140	213	1876

149	213	1889

140	214	1879

149	214	1887

140	215	1882

141	215	1868

142	215	1864

143	215	1861

144	215	1865

145	215	1866

146	215	1870

147	215	1873

148	215	1880

149	215	1887

