171	115	1513

172	115	1517

171	116	1515

172	116	1518

171	117	1519

172	117	1521

171	118	1520

172	118	1519

170	119	1520

172	119	1521

170	120	1520

172	120	1522

170	121	1521

172	121	1526

169	122	1519

172	122	1528

170	123	1522

172	123	1527

169	124	1512

173	124	1528

167	125	1485

168	125	1495

173	125	1530

166	126	1501

173	126	1534

164	127	1498

165	127	1497

174	127	1512

161	128	1486

162	128	1487

163	128	1492

174	128	1496

159	129	1494

160	129	1487

174	129	1489

156	130	1477

157	130	1477

158	130	1480

174	130	1492

153	131	1485

154	131	1482

155	131	1480

175	131	1499

152	132	1495

175	132	1500

151	133	1519

175	133	1500

151	134	1506

175	134	1499

151	135	1501

175	135	1498

150	136	1493

175	136	1501

150	137	1488

175	137	1504

150	138	1500

175	138	1506

150	139	1505

175	139	1509

150	140	1507

175	140	1510

150	141	1514

174	141	1515

150	142	1522

173	142	1514

150	143	1505

172	143	1508

150	144	1499

172	144	1517

151	145	1481

171	145	1515

151	146	1499

170	146	1513

151	147	1510

170	147	1528

151	148	1561

169	148	1524

151	149	1511

169	149	1535

151	150	1505

168	150	1530

151	151	1505

167	151	1521

150	152	1501

167	152	1523

151	153	1498

166	153	1520

151	154	1509

166	154	1527

151	155	1502

166	155	1533

151	156	1500

166	156	1539

150	157	1527

166	157	1544

151	158	1496

166	158	1549

150	159	1461

166	159	1550

150	160	1488

166	160	1556

150	161	1499

166	161	1557

150	162	1500

166	162	1553

149	163	1518

165	163	1546

149	164	1529

165	164	1548

149	165	1521

165	165	1551

149	166	1517

165	166	1553

149	167	1517

165	167	1555

149	168	1519

165	168	1560

149	169	1516

150	169	1510

151	169	1509

152	169	1508

153	169	1508

154	169	1508

155	169	1509

156	169	1510

157	169	1510

158	169	1512

159	169	1512

160	169	1514

161	169	1519

162	169	1526

163	169	1537

164	169	1552

165	169	1567

