220	145	1533

219	146	1523

221	146	1535

218	147	1523

222	147	1549

218	148	1517

222	148	1542

219	149	1522

222	149	1540

219	150	1526

223	150	1558

219	151	1531

223	151	1555

219	152	1532

223	152	1553

219	153	1532

223	153	1556

219	154	1530

223	154	1552

219	155	1533

223	155	1553

219	156	1531

223	156	1551

219	157	1533

223	157	1552

219	158	1532

223	158	1554

219	159	1535

223	159	1557

219	160	1534

223	160	1560

216	161	1526

217	161	1508

218	161	1482

223	161	1560

216	162	1504

223	162	1558

215	163	1524

223	163	1545

214	164	1528

223	164	1516

212	165	1524

213	165	1506

224	165	1507

212	166	1520

225	166	1503

209	167	1547

210	167	1526

211	167	1516

226	167	1506

208	168	1528

227	168	1526

207	169	1515

227	169	1526

206	170	1508

227	170	1531

205	171	1500

227	171	1537

205	172	1514

227	172	1535

205	173	1512

228	173	1581

205	174	1510

228	174	1575

205	175	1510

227	175	1541

205	176	1508

227	176	1550

205	177	1507

227	177	1574

205	178	1512

226	178	1550

205	179	1521

226	179	1566

205	180	1524

225	180	1541

206	181	1517

225	181	1556

205	182	1538

225	182	1581

206	183	1540

224	183	1574

206	184	1565

223	184	1578

207	185	1563

222	185	1575

208	186	1566

222	186	1591

208	187	1580

222	187	1611

208	188	1582

221	188	1593

208	189	1587

221	189	1617

209	190	1568

220	190	1609

210	191	1562

219	191	1603

210	192	1569

219	192	1616

210	193	1572

219	193	1621

210	194	1572

218	194	1608

210	195	1577

218	195	1611

210	196	1583

218	196	1617

209	197	1585

218	197	1622

209	198	1592

217	198	1616

209	199	1591

216	199	1616

210	200	1614

216	200	1622

210	201	1619

214	201	1615

215	201	1622

210	202	1620

213	202	1620

211	203	1617

212	203	1620

