210	152	1641

210	153	1643

211	153	1649

210	154	1643

211	154	1648

210	155	1647

211	155	1653

210	156	1645

211	156	1652

210	157	1644

212	157	1654

210	158	1644

212	158	1654

210	159	1649

212	159	1658

210	160	1651

212	160	1662

210	161	1651

212	161	1663

210	162	1649

212	162	1661

210	163	1651

212	163	1662

210	164	1651

212	164	1662

209	165	1642

212	165	1664

206	166	1633

207	166	1623

208	166	1616

212	166	1664

205	167	1625

212	167	1659

204	168	1630

212	168	1634

202	169	1581

203	169	1610

213	169	1619

201	170	1599

214	170	1627

200	171	1611

214	171	1627

198	172	1606

199	172	1609

214	172	1630

197	173	1615

215	173	1673

196	174	1627

215	174	1660

195	175	1653

215	175	1658

195	176	1636

215	176	1656

194	177	1658

215	177	1650

195	178	1628

216	178	1698

195	179	1632

215	179	1659

194	180	1647

215	180	1678

195	181	1632

214	181	1656

195	182	1630

214	182	1674

195	183	1632

213	183	1650

195	184	1629

213	184	1663

195	185	1646

213	185	1687

196	186	1640

212	186	1679

196	187	1642

211	187	1682

197	188	1641

211	188	1705

198	189	1646

210	189	1687

199	190	1654

210	190	1704

198	191	1672

210	191	1724

199	192	1662

209	192	1704

199	193	1665

209	193	1715

199	194	1675

209	194	1729

199	195	1683

208	195	1717

199	196	1683

208	196	1723

199	197	1684

208	197	1730

199	198	1685

208	198	1733

199	199	1690

208	199	1732

199	200	1695

207	200	1718

199	201	1702

207	201	1723

199	202	1707

207	202	1728

199	203	1708

207	203	1729

199	204	1714

207	204	1731

199	205	1716

207	205	1734

199	206	1722

206	206	1732

199	207	1725

206	207	1734

199	208	1731

205	208	1732

200	209	1733

201	209	1731

204	209	1734

202	210	1733

203	210	1734

