156	157	1784

157	157	1791

156	158	1777

157	158	1781

155	159	1785

157	159	1778

155	160	1779

157	160	1770

155	161	1774

157	161	1769

155	162	1771

157	162	1768

155	163	1772

157	163	1771

155	164	1774

157	164	1771

155	165	1775

157	165	1776

154	166	1784

157	166	1779

154	167	1774

157	167	1783

154	168	1768

157	168	1781

154	169	1766

157	169	1781

154	170	1761

156	170	1769

151	171	1748

152	171	1762

153	171	1766

156	171	1774

148	172	1746

149	172	1733

150	172	1729

156	172	1776

146	173	1740

147	173	1738

156	173	1781

144	174	1758

145	174	1736

156	174	1781

143	175	1752

156	175	1784

142	176	1750

156	176	1784

141	177	1787

156	177	1790

141	178	1778

156	178	1795

141	179	1773

155	179	1760

141	180	1766

155	180	1759

141	181	1763

156	181	1774

141	182	1765

156	182	1767

141	183	1771

156	183	1766

141	184	1774

156	184	1779

141	185	1774

155	185	1777

141	186	1776

154	186	1779

141	187	1789

154	187	1802

141	188	1814

153	188	1800

142	189	1790

152	189	1804

142	190	1811

152	190	1822

142	191	1816

152	191	1826

142	192	1798

151	192	1803

141	193	1835

151	193	1807

141	194	1823

151	194	1813

141	195	1819

151	195	1820

141	196	1811

151	196	1827

141	197	1813

151	197	1835

141	198	1814

151	198	1838

141	199	1814

151	199	1841

140	200	1846

151	200	1843

141	201	1811

151	201	1848

140	202	1836

150	202	1826

140	203	1833

150	203	1831

140	204	1829

150	204	1833

140	205	1836

150	205	1836

140	206	1839

150	206	1840

140	207	1841

150	207	1845

140	208	1840

150	208	1848

140	209	1838

150	209	1847

140	210	1838

150	210	1846

140	211	1838

150	211	1844

140	212	1837

150	212	1843

140	213	1836

150	213	1847

140	214	1837

141	214	1823

142	214	1819

143	214	1818

144	214	1819

145	214	1819

146	214	1821

147	214	1826

148	214	1831

149	214	1841

150	214	1849

