174	114	1501

175	114	1504

174	115	1507

175	115	1508

174	116	1508

175	116	1511

174	117	1512

176	117	1517

173	118	1509

176	118	1515

173	119	1513

176	119	1515

173	120	1512

176	120	1516

173	121	1513

175	121	1518

173	122	1511

175	122	1520

172	123	1503

175	123	1519

170	124	1490

171	124	1485

175	124	1517

169	125	1490

176	125	1521

167	126	1492

168	126	1485

176	126	1506

164	127	1466

165	127	1467

166	127	1477

177	127	1498

162	128	1476

163	128	1470

178	128	1495

158	129	1468

159	129	1467

160	129	1467

161	129	1469

178	129	1491

155	130	1488

156	130	1478

157	130	1473

178	130	1490

155	131	1487

178	131	1490

154	132	1488

178	132	1490

154	133	1481

179	133	1499

153	134	1475

178	134	1493

153	135	1474

178	135	1494

153	136	1472

178	136	1493

153	137	1472

178	137	1493

153	138	1464

178	138	1495

153	139	1466

178	139	1501

152	140	1520

177	140	1503

152	141	1511

176	141	1504

153	142	1473

175	142	1502

153	143	1493

175	143	1510

154	144	1478

174	144	1509

153	145	1468

173	145	1511

154	146	1481

172	146	1513

154	147	1487

171	147	1510

154	148	1499

171	148	1517

154	149	1493

170	149	1515

153	150	1480

170	150	1515

154	151	1481

169	151	1509

153	152	1489

169	152	1511

153	153	1491

169	153	1519

153	154	1467

169	154	1528

153	155	1468

169	155	1535

153	156	1492

169	156	1542

152	157	1526

169	157	1543

152	158	1480

168	158	1536

152	159	1502

168	159	1540

152	160	1493

168	160	1543

152	161	1490

168	161	1546

151	162	1502

168	162	1551

151	163	1491

168	163	1553

151	164	1485

168	164	1556

151	165	1496

168	165	1557

151	166	1502

168	166	1563

151	167	1506

167	167	1554

150	168	1520

167	168	1560

150	169	1516

167	169	1561

150	170	1510

151	170	1506

152	170	1503

153	170	1499

154	170	1497

155	170	1497

156	170	1496

157	170	1496

158	170	1496

159	170	1500

160	170	1502

161	170	1506

162	170	1509

163	170	1516

164	170	1523

165	170	1533

166	170	1548

167	170	1564

168	170	1580

