213	129	1284

214	129	1289

212	130	1282

215	130	1293

212	131	1277

216	131	1304

212	132	1279

216	132	1294

212	133	1279

216	133	1287

212	134	1281

216	134	1289

212	135	1281

216	135	1292

211	136	1315

216	136	1294

211	137	1312

216	137	1293

211	138	1314

217	138	1324

211	139	1323

217	139	1323

211	140	1315

217	140	1325

207	141	1370

211	141	1312

217	141	1321

210	142	1360

217	142	1326

210	143	1366

217	143	1338

211	144	1313

217	144	1348

212	145	1295

216	145	1310

212	146	1297

216	146	1312

212	147	1297

216	147	1317

211	148	1296

216	148	1320

206	149	1312

207	149	1281

208	149	1268

209	149	1265

210	149	1266

216	149	1326

205	150	1316

216	150	1323

205	151	1301

216	151	1310

202	152	1341

203	152	1307

204	152	1281

216	152	1280

200	153	1314

201	153	1290

217	153	1277

199	154	1310

218	154	1294

196	155	1294

197	155	1284

198	155	1284

218	155	1274

194	156	1318

195	156	1284

219	156	1309

193	157	1324

219	157	1301

193	158	1312

219	158	1302

193	159	1293

219	159	1301

191	160	1349

192	160	1335

219	160	1300

191	161	1365

219	161	1300

191	162	1355

219	162	1298

190	163	1360

220	163	1334

191	164	1360

220	164	1325

192	165	1290

219	165	1296

191	166	1364

219	166	1312

190	167	1343

218	167	1300

190	168	1353

218	168	1322

190	169	1342

191	169	1342

217	169	1305

192	170	1305

217	170	1320

192	171	1280

216	171	1299

193	172	1296

216	172	1314

193	173	1326

215	173	1308

193	174	1358

215	174	1336

194	175	1347

214	175	1339

193	176	1359

195	176	1319

213	176	1347

194	177	1353

212	177	1346

194	178	1315

212	178	1371

195	179	1329

211	179	1351

195	180	1334

211	180	1370

195	181	1332

210	181	1357

194	182	1353

210	182	1374

193	183	1374

209	183	1364

194	184	1372

208	184	1362

194	185	1346

208	185	1369

194	186	1348

208	186	1375

194	187	1358

207	187	1360

193	188	1361

207	188	1366

193	189	1362

207	189	1370

193	190	1357

206	190	1365

193	191	1362

206	191	1367

193	192	1362

206	192	1372

192	193	1373

205	193	1368

193	194	1373

205	194	1376

193	195	1375

194	195	1375

204	195	1375

195	196	1370

202	196	1373

203	196	1376

195	197	1373

201	197	1371

196	198	1373

199	198	1372

200	198	1373

201	198	1376

197	199	1375

198	199	1374

