167	114	1449

166	115	1447

168	115	1456

166	116	1450

168	116	1458

166	117	1452

168	117	1460

165	118	1448

168	118	1463

165	119	1451

168	119	1467

165	120	1455

168	120	1466

164	121	1455

167	121	1464

164	122	1452

167	122	1466

163	123	1448

167	123	1468

161	124	1433

162	124	1443

167	124	1466

159	125	1436

160	125	1432

167	125	1462

156	126	1421

157	126	1425

158	126	1425

167	126	1444

153	127	1422

154	127	1415

155	127	1414

167	127	1433

148	128	1424

149	128	1417

150	128	1415

151	128	1414

152	128	1419

168	128	1435

169	128	1433

146	129	1422

147	129	1422

169	129	1437

144	130	1411

145	130	1422

169	130	1440

144	131	1420

169	131	1442

144	132	1418

169	132	1445

144	133	1417

169	133	1445

144	134	1414

169	134	1443

143	135	1411

169	135	1443

143	136	1412

169	136	1445

143	137	1413

169	137	1450

142	138	1369

169	138	1452

143	139	1409

169	139	1454

143	140	1410

168	140	1451

143	141	1411

167	141	1450

143	142	1411

167	142	1464

143	143	1414

166	143	1462

143	144	1409

165	144	1459

143	145	1419

164	145	1459

143	146	1413

163	146	1462

143	147	1422

162	147	1468

143	148	1412

161	148	1467

143	149	1415

160	149	1457

143	150	1413

160	150	1466

143	151	1416

159	151	1458

143	152	1418

159	152	1466

143	153	1417

158	153	1460

142	154	1422

158	154	1470

142	155	1420

158	155	1481

141	156	1421

157	156	1475

140	157	1366

157	157	1479

140	158	1422

157	158	1482

140	159	1418

157	159	1484

139	160	1422

156	160	1478

139	161	1432

156	161	1479

138	162	1463

156	162	1484

138	163	1429

156	163	1489

138	164	1424

156	164	1498

138	165	1426

155	165	1492

137	166	1429

155	166	1498

137	167	1430

155	167	1503

137	168	1443

155	168	1509

136	169	1448

137	169	1445

138	169	1440

139	169	1436

140	169	1435

141	169	1435

142	169	1434

143	169	1435

144	169	1435

145	169	1437

146	169	1437

147	169	1438

148	169	1439

149	169	1444

150	169	1449

151	169	1456

152	169	1464

153	169	1478

154	169	1497

