214	129	1284

215	129	1273

216	129	1278

214	130	1275

217	130	1280

214	131	1273

218	131	1299

214	132	1275

218	132	1289

214	133	1276

218	133	1287

214	134	1277

218	134	1289

214	135	1276

218	135	1288

214	136	1277

218	136	1289

213	137	1303

218	137	1291

213	138	1291

218	138	1292

213	139	1289

218	139	1293

213	140	1295

218	140	1295

208	141	1359

209	141	1369

213	141	1296

218	141	1301

213	142	1294

218	142	1306

210	143	1366

212	143	1330

218	143	1307

213	144	1290

218	144	1310

213	145	1294

218	145	1314

213	146	1296

218	146	1326

213	147	1295

218	147	1336

210	148	1294

213	148	1279

218	148	1348

208	149	1270

209	149	1257

211	149	1258

212	149	1257

218	149	1351

207	150	1282

218	150	1339

204	151	1361

205	151	1337

206	151	1302

217	151	1290

202	152	1307

203	152	1301

218	152	1294

201	153	1300

218	153	1263

198	154	1321

200	154	1295

219	154	1269

196	155	1301

197	155	1287

199	155	1275

220	155	1290

195	156	1306

220	156	1279

194	157	1347

220	157	1283

194	158	1304

220	158	1287

194	159	1285

220	159	1291

193	160	1323

220	160	1290

193	161	1313

220	161	1289

192	162	1340

221	162	1329

192	163	1340

221	163	1320

193	164	1296

221	164	1315

191	165	1349

192	165	1373

221	165	1328

192	166	1318

220	166	1303

191	167	1375

193	167	1289

220	167	1327

193	168	1291

219	168	1311

192	169	1348

218	169	1297

191	170	1343

193	170	1330

218	170	1313

194	171	1304

218	171	1335

192	172	1355

194	172	1330

217	172	1312

192	173	1353

193	173	1334

216	173	1308

193	174	1356

194	174	1355

216	174	1339

193	175	1363

195	175	1343

215	175	1345

196	176	1325

214	176	1352

196	177	1326

213	177	1350

196	178	1324

212	178	1336

195	179	1365

212	179	1354

195	180	1345

211	180	1346

195	181	1360

211	181	1364

195	182	1358

210	182	1355

195	183	1361

210	183	1368

195	184	1352

209	184	1361

195	185	1365

209	185	1370

195	186	1347

208	186	1360

194	187	1351

208	187	1364

194	188	1345

208	188	1369

194	189	1342

208	189	1374

193	190	1357

207	190	1366

193	191	1359

207	191	1373

194	192	1367

206	192	1368

194	193	1371

205	193	1368

206	193	1374

194	194	1372

204	194	1371

190	195	1369

195	195	1369

204	195	1373

195	196	1374

203	196	1372

204	196	1375

196	197	1371

202	197	1374

190	198	1344

196	198	1373

197	198	1370

198	198	1368

199	198	1369

200	198	1371

201	198	1375

