209	160	1681

210	160	1692

211	160	1692

212	160	1691

209	161	1684

212	161	1695

209	162	1690

212	162	1699

209	163	1691

212	163	1704

209	164	1692

212	164	1705

209	165	1691

212	165	1705

209	166	1697

212	166	1707

209	167	1703

212	167	1711

208	168	1677

212	168	1714

206	169	1662

207	169	1668

213	169	1725

206	170	1667

214	170	1751

205	171	1669

214	171	1734

204	172	1662

214	172	1686

203	173	1660

214	173	1669

201	174	1663

202	174	1665

215	174	1702

200	175	1656

215	175	1694

198	176	1679

199	176	1659

215	176	1691

197	177	1677

215	177	1686

196	178	1684

216	178	1720

196	179	1682

216	179	1706

196	180	1683

216	180	1702

196	181	1682

216	181	1709

195	182	1696

216	182	1729

196	183	1678

215	183	1704

195	184	1665

215	184	1723

196	185	1680

214	185	1696

196	186	1707

214	186	1713

197	187	1683

214	187	1735

197	188	1687

213	188	1720

198	189	1693

213	189	1747

198	190	1713

212	190	1735

199	191	1697

212	191	1762

199	192	1700

211	192	1743

200	193	1711

211	193	1760

200	194	1716

211	194	1780

200	195	1718

210	195	1754

200	196	1723

210	196	1763

201	197	1712

210	197	1771

201	198	1716

210	198	1775

201	199	1720

210	199	1781

201	200	1724

209	200	1760

200	201	1754

209	201	1765

200	202	1750

209	202	1765

200	203	1748

209	203	1767

200	204	1747

209	204	1768

200	205	1753

201	205	1741

202	205	1740

203	205	1739

204	205	1740

205	205	1741

206	205	1745

207	205	1751

208	205	1763

209	205	1776

