165	109	1393

164	110	1391

166	110	1396

164	111	1390

167	111	1392

163	112	1387

167	112	1389

163	113	1388

167	113	1388

163	114	1390

167	114	1383

162	115	1392

166	115	1407

161	116	1364

166	116	1411

162	117	1395

165	117	1407

161	118	1392

165	118	1408

158	119	1340

159	119	1349

160	119	1383

165	119	1409

157	120	1383

165	120	1411

156	121	1363

165	121	1412

154	122	1357

155	122	1361

165	122	1394

150	123	1360

151	123	1355

152	123	1351

153	123	1353

166	123	1361

144	124	1351

145	124	1352

146	124	1352

147	124	1351

148	124	1352

149	124	1353

166	124	1374

142	125	1353

143	125	1358

167	125	1378

141	126	1365

167	126	1379

140	127	1372

168	127	1382

140	128	1359

167	128	1381

140	129	1359

167	129	1383

139	130	1362

167	130	1384

139	131	1375

167	131	1385

139	132	1374

168	132	1392

139	133	1360

167	133	1389

139	134	1357

167	134	1393

139	135	1358

167	135	1395

138	136	1381

167	136	1399

138	137	1375

166	137	1398

139	138	1371

165	138	1401

139	139	1377

164	139	1397

139	140	1365

163	140	1392

139	141	1364

163	141	1401

139	142	1375

162	142	1400

139	143	1381

161	143	1406

139	144	1380

160	144	1411

139	145	1364

159	145	1415

138	146	1408

158	146	1409

138	147	1392

157	147	1403

138	148	1390

157	148	1409

138	149	1368

156	149	1402

138	150	1369

156	150	1407

137	151	1412

156	151	1412

138	152	1363

155	152	1410

137	153	1362

155	153	1419

136	154	1371

155	154	1429

136	155	1335

155	155	1438

137	156	1371

154	156	1429

136	157	1381

154	157	1432

136	158	1376

154	158	1435

135	159	1363

153	159	1429

135	160	1379

153	160	1431

134	161	1384

153	161	1434

135	162	1386

153	162	1440

134	163	1380

153	163	1453

134	164	1383

152	164	1441

133	165	1392

152	165	1445

133	166	1373

152	166	1448

132	167	1368

152	167	1454

132	168	1379

151	168	1444

132	169	1389

151	169	1448

131	170	1406

151	170	1446

131	171	1389

151	171	1448

131	172	1400

151	172	1454

130	173	1375

150	173	1442

130	174	1385

150	174	1444

130	175	1408

150	175	1447

129	176	1427

150	176	1452

129	177	1426

149	177	1442

129	178	1410

130	178	1406

131	178	1402

132	178	1398

133	178	1393

134	178	1392

135	178	1392

136	178	1393

137	178	1394

138	178	1395

139	178	1395

140	178	1394

141	178	1395

142	178	1395

143	178	1398

144	178	1400

145	178	1404

146	178	1410

147	178	1418

148	178	1429

149	178	1444

