162	114	1447

163	114	1447

164	114	1447

161	115	1442

164	115	1450

161	116	1446

164	116	1453

160	117	1450

163	117	1454

160	118	1453

163	118	1457

159	119	1453

163	119	1461

159	120	1451

163	120	1466

159	121	1455

162	121	1463

158	122	1460

162	122	1464

155	123	1432

156	123	1449

157	123	1461

162	123	1466

153	124	1426

154	124	1422

162	124	1471

150	125	1433

151	125	1425

152	125	1426

161	125	1469

146	126	1416

147	126	1418

148	126	1424

149	126	1431

161	126	1469

144	127	1417

145	127	1415

161	127	1468

139	128	1417

140	128	1413

141	128	1412

142	128	1413

143	128	1417

160	128	1450

137	129	1426

138	129	1423

160	129	1437

136	130	1431

160	130	1430

135	131	1448

160	131	1431

135	132	1442

160	132	1432

135	133	1432

160	133	1432

134	134	1440

160	134	1432

134	135	1425

160	135	1433

134	136	1435

160	136	1437

134	137	1433

160	137	1441

133	138	1455

160	138	1444

134	139	1429

160	139	1445

134	140	1425

159	140	1449

134	141	1427

158	141	1453

134	142	1423

157	142	1455

135	143	1423

156	143	1450

135	144	1427

155	144	1447

135	145	1437

155	145	1456

134	146	1466

154	146	1462

135	147	1439

153	147	1473

135	148	1442

152	148	1473

134	149	1458

152	149	1477

135	150	1440

151	150	1466

135	151	1445

151	151	1471

135	152	1447

151	152	1477

135	153	1447

151	153	1486

135	154	1445

151	154	1491

135	155	1443

151	155	1496

135	156	1445

151	156	1499

135	157	1451

151	157	1502

134	158	1464

151	158	1504

134	159	1461

151	159	1504

134	160	1459

151	160	1504

134	161	1436

151	161	1506

135	162	1454

151	162	1512

135	163	1454

151	163	1516

134	164	1455

151	164	1521

135	165	1459

151	165	1517

134	166	1460

151	166	1518

135	167	1463

151	167	1521

135	168	1468

151	168	1524

135	169	1471

136	169	1468

137	169	1466

138	169	1466

139	169	1465

140	169	1464

141	169	1464

142	169	1466

143	169	1468

144	169	1470

145	169	1471

146	169	1475

147	169	1480

148	169	1488

149	169	1496

150	169	1507

151	169	1524

