178	114	1491

179	114	1497

178	115	1494

179	115	1497

178	116	1496

180	116	1506

178	117	1499

180	117	1509

177	118	1499

180	118	1513

177	119	1500

180	119	1511

177	120	1498

180	120	1509

177	121	1497

179	121	1505

176	122	1496

179	122	1507

175	123	1477

179	123	1511

173	124	1481

174	124	1473

179	124	1509

171	125	1474

172	125	1472

179	125	1498

169	126	1468

170	126	1473

180	126	1488

167	127	1463

168	127	1463

180	127	1472

163	128	1461

164	128	1463

165	128	1465

166	128	1469

181	128	1473

182	128	1482

160	129	1464

161	129	1461

162	129	1461

182	129	1482

159	130	1475

182	130	1484

158	131	1471

182	131	1483

158	132	1472

182	132	1481

157	133	1469

182	133	1481

156	134	1471

183	134	1489

156	135	1473

183	135	1493

156	136	1465

183	136	1494

156	137	1463

182	137	1487

156	138	1444

182	138	1490

157	139	1459

181	139	1490

156	140	1466

180	140	1492

157	141	1471

180	141	1499

157	142	1473

179	142	1497

157	143	1472

178	143	1495

157	144	1467

177	144	1496

157	145	1453

177	145	1506

158	146	1469

176	146	1509

157	147	1495

175	147	1511

157	148	1477

174	148	1506

157	149	1475

174	149	1511

157	150	1484

173	150	1501

157	151	1476

173	151	1505

157	152	1478

172	152	1499

157	153	1473

172	153	1507

157	154	1469

172	154	1510

157	155	1469

172	155	1517

156	156	1439

172	156	1517

156	157	1455

172	157	1525

156	158	1472

172	158	1536

155	159	1458

171	159	1525

155	160	1492

171	160	1525

155	161	1508

171	161	1528

155	162	1484

171	162	1532

154	163	1476

171	163	1534

155	164	1489

171	164	1539

155	165	1489

170	165	1532

154	166	1495

170	166	1536

154	167	1489

170	167	1541

154	168	1501

170	168	1544

153	169	1479

170	169	1546

153	170	1488

170	170	1548

153	171	1493

170	171	1551

153	172	1503

170	172	1555

153	173	1510

154	173	1503

155	173	1496

156	173	1495

157	173	1493

158	173	1494

159	173	1496

160	173	1498

161	173	1498

162	173	1496

163	173	1497

164	173	1499

165	173	1503

166	173	1506

167	173	1515

168	173	1526

169	173	1541

170	173	1557

