166	103	1350

164	104	1351

165	104	1347

167	104	1353

164	105	1349

168	105	1361

164	106	1349

168	106	1361

163	107	1346

168	107	1361

163	108	1351

168	108	1363

163	109	1355

168	109	1368

163	110	1354

167	110	1364

162	111	1356

167	111	1366

162	112	1354

167	112	1368

162	113	1352

167	113	1369

158	114	1335

159	114	1364

161	114	1342

167	114	1371

157	115	1335

160	115	1338

167	115	1376

156	116	1344

166	116	1365

150	117	1301

151	117	1322

152	117	1313

153	117	1313

154	117	1317

155	117	1322

166	117	1349

146	118	1315

147	118	1312

148	118	1310

149	118	1309

167	118	1338

143	119	1324

144	119	1315

145	119	1313

168	119	1332

142	120	1322

168	120	1333

141	121	1330

169	121	1342

141	122	1324

169	122	1345

140	123	1321

169	123	1345

139	124	1324

169	124	1347

139	125	1325

169	125	1347

138	126	1326

169	126	1349

139	127	1322

169	127	1350

138	128	1360

169	128	1350

139	129	1329

169	129	1350

138	130	1362

168	130	1346

139	131	1317

168	131	1351

139	132	1314

168	132	1361

139	133	1358

166	133	1355

167	133	1365

139	134	1327

165	134	1356

139	135	1356

165	135	1365

139	136	1342

164	136	1361

139	137	1352

164	137	1361

138	138	1367

162	138	1364

163	138	1365

138	139	1356

161	139	1373

139	140	1363

160	140	1373

139	141	1330

159	141	1368

139	142	1330

158	142	1361

138	143	1328

158	143	1365

138	144	1337

157	144	1361

138	145	1322

157	145	1365

137	146	1278

139	146	1319

156	146	1364

138	147	1320

156	147	1369

138	148	1324

156	148	1373

138	149	1328

156	149	1381

136	150	1316

137	150	1328

155	150	1380

136	151	1316

155	151	1384

136	152	1321

155	152	1388

136	153	1329

155	153	1390

134	154	1352

135	154	1343

154	154	1381

134	155	1341

154	155	1381

135	156	1356

154	156	1388

135	157	1341

154	157	1390

135	158	1341

154	158	1392

133	159	1337

135	159	1339

154	159	1391

133	160	1344

134	160	1340

154	160	1399

133	161	1343

134	161	1343

135	161	1340

136	161	1335

137	161	1336

138	161	1336

139	161	1337

140	161	1336

141	161	1335

142	161	1335

143	161	1337

144	161	1338

145	161	1340

146	161	1342

147	161	1345

148	161	1350

149	161	1357

150	161	1366

151	161	1374

152	161	1386

153	161	1399

