159	154	1692

160	154	1696

158	155	1690

160	155	1688

158	156	1694

160	156	1683

158	157	1693

160	157	1681

158	158	1689

161	158	1692

158	159	1685

161	159	1689

158	160	1685

161	160	1687

158	161	1680

161	161	1686

158	162	1679

161	162	1689

157	163	1686

161	163	1695

157	164	1684

160	164	1682

157	165	1678

160	165	1685

157	166	1673

160	166	1688

156	167	1685

160	167	1692

155	168	1689

160	168	1697

153	169	1646

154	169	1652

159	169	1685

150	170	1658

151	170	1645

152	170	1640

159	170	1684

148	171	1653

149	171	1647

159	171	1682

147	172	1656

160	172	1698

146	173	1658

159	173	1688

144	174	1672

145	174	1649

159	174	1689

144	175	1660

160	175	1715

143	176	1680

159	176	1696

142	177	1692

159	177	1703

142	178	1686

159	178	1700

142	179	1690

159	179	1683

143	180	1674

159	180	1671

143	181	1675

159	181	1671

142	182	1690

159	182	1678

143	183	1674

158	183	1675

143	184	1678

158	184	1691

143	185	1684

157	185	1694

143	186	1691

157	186	1716

144	187	1688

156	187	1715

144	188	1706

156	188	1736

144	189	1727

155	189	1723

144	190	1741

155	190	1727

144	191	1725

154	191	1713

144	192	1710

154	192	1717

144	193	1702

154	193	1725

144	194	1698

154	194	1727

144	195	1699

154	195	1728

144	196	1703

154	196	1730

144	197	1707

154	197	1734

144	198	1706

154	198	1744

143	199	1721

154	199	1753

143	200	1717

154	200	1758

142	201	1745

154	201	1758

142	202	1755

153	202	1736

142	203	1744

153	203	1742

142	204	1740

153	204	1743

142	205	1739

153	205	1746

142	206	1740

153	206	1748

142	207	1740

153	207	1752

142	208	1738

153	208	1752

142	209	1739

153	209	1753

141	210	1767

153	210	1755

142	211	1739

153	211	1756

142	212	1737

153	212	1755

141	213	1762

153	213	1754

141	214	1766

153	214	1756

188	214	1767

141	215	1768

142	215	1741

143	215	1727

144	215	1723

145	215	1721

146	215	1720

147	215	1723

148	215	1728

149	215	1732

150	215	1734

151	215	1737

152	215	1744

153	215	1757

154	215	1769

188	215	1767

