172	115	1519

173	115	1519

172	116	1518

173	116	1518

172	117	1517

173	117	1518

171	118	1515

173	118	1519

171	119	1514

173	119	1521

171	120	1518

173	120	1523

171	121	1520

173	121	1525

171	122	1523

173	122	1527

170	123	1522

173	123	1529

169	124	1508

173	124	1529

168	125	1508

174	125	1536

166	126	1499

167	126	1496

174	126	1524

163	127	1488

164	127	1499

165	127	1500

175	127	1513

161	128	1483

162	128	1482

175	128	1498

158	129	1478

159	129	1479

160	129	1482

176	129	1500

156	130	1476

157	130	1474

176	130	1497

153	131	1493

154	131	1489

155	131	1484

176	131	1498

153	132	1496

176	132	1498

152	133	1461

176	133	1499

152	134	1493

176	134	1501

152	135	1490

176	135	1503

151	136	1505

176	136	1504

151	137	1486

176	137	1506

151	138	1485

176	138	1507

151	139	1479

176	139	1510

151	140	1466

175	140	1509

151	141	1486

175	141	1515

151	142	1497

174	142	1512

151	143	1515

173	143	1507

152	144	1492

173	144	1517

152	145	1491

172	145	1518

152	146	1485

171	146	1520

152	147	1529

170	147	1522

152	148	1534

170	148	1530

153	149	1493

169	149	1522

152	150	1527

169	150	1527

152	151	1487

168	151	1522

152	152	1500

168	152	1522

152	153	1488

168	153	1528

152	154	1495

168	154	1534

152	155	1506

168	155	1544

152	156	1499

167	156	1539

152	157	1498

167	157	1540

152	158	1501

167	158	1546

152	159	1505

167	159	1551

151	160	1509

167	160	1555

151	161	1513

167	161	1555

151	162	1509

167	162	1556

151	163	1511

167	163	1562

151	164	1512

167	164	1567

150	165	1524

167	165	1567

150	166	1522

167	166	1567

150	167	1524

167	167	1562

150	168	1528

167	168	1571

150	169	1525

151	169	1515

152	169	1509

153	169	1508

154	169	1510

155	169	1510

156	169	1510

157	169	1510

158	169	1509

159	169	1510

160	169	1513

161	169	1519

162	169	1522

163	169	1529

164	169	1537

165	169	1551

166	169	1565

167	169	1573

