209	132	1312

210	132	1320

208	133	1305

211	133	1316

208	134	1298

212	134	1328

207	135	1318

212	135	1315

206	136	1372

212	136	1309

207	137	1332

213	137	1329

208	138	1304

213	138	1319

208	139	1306

214	139	1365

208	140	1305

213	140	1330

205	141	1358

207	141	1351

213	141	1329

207	142	1347

213	142	1324

208	143	1314

214	143	1349

208	144	1319

214	144	1348

208	145	1324

214	145	1371

208	146	1323

213	146	1330

208	147	1324

213	147	1333

208	148	1322

213	148	1338

208	149	1320

213	149	1349

208	150	1320

213	150	1357

208	151	1304

213	151	1362

203	152	1322

204	152	1292

205	152	1282

206	152	1285

207	152	1285

213	152	1359

203	153	1295

213	153	1356

202	154	1318

213	154	1339

198	155	1368

199	155	1352

200	155	1328

201	155	1310

214	155	1335

198	156	1323

214	156	1289

196	157	1350

197	157	1322

215	157	1303

194	158	1332

195	158	1325

215	158	1292

192	159	1320

193	159	1303

215	159	1289

191	160	1329

216	160	1336

191	161	1294

216	161	1328

190	162	1308

216	162	1322

189	163	1309

216	163	1322

190	164	1303

216	164	1319

189	165	1370

216	165	1311

189	166	1362

217	166	1339

190	167	1302

217	167	1336

189	168	1352

217	168	1355

189	169	1348

216	169	1329

190	170	1300

215	170	1315

189	171	1343

215	171	1334

189	172	1348

214	172	1317

189	173	1351

214	173	1329

190	174	1330

214	174	1345

190	175	1360

213	175	1325

189	176	1387

191	176	1337

213	176	1349

191	177	1375

212	177	1347

191	178	1393

211	178	1353

191	179	1392

192	179	1392

210	179	1356

193	180	1359

210	180	1379

193	181	1350

209	181	1363

193	182	1334

209	182	1379

193	183	1371

209	183	1396

193	184	1368

208	184	1385

193	185	1382

208	185	1394

191	186	1395

193	186	1393

207	186	1384

191	187	1390

192	187	1384

207	187	1392

192	188	1372

206	188	1381

192	189	1378

206	189	1386

190	190	1357

191	190	1370

206	190	1391

192	191	1382

206	191	1395

192	192	1370

205	192	1384

192	193	1359

205	193	1389

192	194	1356

205	194	1393

192	195	1372

204	195	1389

191	196	1385

204	196	1396

190	197	1377

192	197	1387

203	197	1396

189	198	1395

190	198	1372

192	198	1393

193	198	1390

201	198	1391

202	198	1395

189	199	1373

191	199	1392

194	199	1389

200	199	1393

190	200	1346

195	200	1391

198	200	1393

199	200	1394

196	201	1394

197	201	1396

189	202	1392

189	204	1377

189	205	1392

