170	94	1224

171	94	1220

172	94	1225

169	95	1234

173	95	1231

169	96	1226

174	96	1259

169	97	1224

174	97	1248

169	98	1222

174	98	1246

169	99	1224

174	99	1246

169	100	1220

174	100	1249

168	101	1230

173	101	1233

168	102	1227

173	102	1239

168	103	1228

173	103	1244

167	104	1240

173	104	1248

167	105	1235

173	105	1251

167	106	1217

173	106	1256

163	107	1223

164	107	1205

166	107	1208

173	107	1266

162	108	1213

165	108	1204

172	108	1243

157	109	1231

158	109	1216

159	109	1218

160	109	1224

161	109	1213

172	109	1242

154	110	1221

155	110	1212

156	110	1202

172	110	1228

150	111	1219

151	111	1203

152	111	1196

153	111	1196

173	111	1225

146	112	1243

147	112	1224

148	112	1208

149	112	1196

173	112	1210

146	113	1210

174	113	1215

144	114	1238

145	114	1209

174	114	1211

144	115	1222

175	115	1231

144	116	1210

175	116	1231

143	117	1198

175	117	1230

143	118	1208

175	118	1231

142	119	1214

175	119	1231

143	120	1204

175	120	1229

141	121	1175

142	121	1185

175	121	1231

142	122	1221

175	122	1233

141	123	1231

175	123	1234

142	124	1192

175	124	1236

140	125	1153

141	125	1172

175	125	1243

142	126	1194

175	126	1250

142	127	1199

175	127	1256

142	128	1216

173	128	1243

174	128	1248

143	129	1203

172	129	1247

143	130	1217

172	130	1259

143	131	1224

172	131	1258

143	132	1229

170	132	1250

171	132	1268

143	133	1242

169	133	1255

143	134	1247

168	134	1262

143	135	1213

167	135	1265

143	136	1221

166	136	1263

143	137	1224

165	137	1254

143	138	1234

165	138	1263

143	139	1236

164	139	1252

143	140	1229

164	140	1260

142	141	1202

164	141	1264

141	142	1213

143	142	1217

163	142	1255

142	143	1218

163	143	1265

142	144	1206

163	144	1273

142	145	1201

163	145	1279

142	146	1215

163	146	1284

140	147	1191

141	147	1195

163	147	1281

139	148	1210

140	148	1183

162	148	1281

139	149	1221

141	149	1211

162	149	1285

140	150	1200

162	150	1293

139	151	1181

162	151	1294

139	152	1191

162	152	1292

140	153	1222

162	153	1290

138	154	1181

139	154	1193

162	154	1276

140	155	1225

161	155	1293

139	156	1224

161	156	1296

139	157	1221

160	157	1284

139	158	1223

160	158	1288

139	159	1215

160	159	1294

138	160	1190

160	160	1296

138	161	1207

159	161	1285

135	162	1194

136	162	1236

137	162	1224

159	162	1289

137	163	1213

159	163	1294

137	164	1244

159	164	1296

136	165	1187

159	165	1298

137	166	1229

138	166	1238

139	166	1239

140	166	1240

141	166	1236

142	166	1234

143	166	1234

144	166	1233

145	166	1234

146	166	1234

147	166	1236

148	166	1236

149	166	1236

150	166	1238

151	166	1239

152	166	1241

153	166	1243

154	166	1248

155	166	1253

156	166	1262

157	166	1271

158	166	1284

159	166	1298

