209	158	1681

210	158	1683

211	158	1687

210	159	1685

211	159	1689

209	160	1686

211	160	1691

209	161	1685

211	161	1690

209	162	1681

212	162	1692

210	163	1683

212	163	1693

209	164	1684

212	164	1693

208	165	1686

212	165	1698

209	166	1683

212	166	1698

209	167	1671

212	167	1700

206	168	1647

207	168	1646

208	168	1647

211	168	1686

204	169	1652

205	169	1645

212	169	1691

204	170	1662

213	170	1688

203	171	1647

214	171	1695

202	172	1651

214	172	1673

200	173	1669

201	173	1656

214	173	1669

199	174	1651

214	174	1669

197	175	1652

198	175	1652

214	175	1669

196	176	1643

215	176	1705

195	177	1633

215	177	1695

196	178	1660

215	178	1687

195	179	1666

215	179	1684

195	180	1670

215	180	1690

195	181	1671

215	181	1702

195	182	1670

214	182	1681

195	183	1668

214	183	1696

195	184	1666

214	184	1712

196	185	1663

213	185	1686

195	186	1709

213	186	1701

196	187	1690

212	187	1695

197	188	1676

212	188	1721

197	189	1661

211	189	1717

198	190	1679

211	190	1738

199	191	1685

210	191	1718

199	192	1700

210	192	1730

199	193	1704

210	193	1747

199	194	1715

210	194	1759

200	195	1705

209	195	1740

200	196	1712

209	196	1747

200	197	1713

209	197	1754

200	198	1714

209	198	1758

200	199	1713

209	199	1764

200	200	1712

208	200	1747

200	201	1714

208	201	1751

199	202	1738

208	202	1753

199	203	1746

208	203	1755

199	204	1752

208	204	1758

200	205	1736

201	205	1728

202	205	1728

203	205	1733

204	205	1739

205	205	1743

206	205	1746

207	205	1751

208	205	1761

