158	156	1748

157	157	1748

159	157	1747

157	158	1749

159	158	1743

157	159	1744

159	159	1741

157	160	1738

159	160	1741

156	161	1743

159	161	1741

157	162	1741

159	162	1742

156	163	1764

159	163	1744

156	164	1750

159	164	1742

156	165	1743

159	165	1739

156	166	1734

159	166	1737

156	167	1730

159	167	1742

155	168	1738

158	168	1732

155	169	1737

158	169	1740

155	170	1732

158	170	1742

151	171	1703

152	171	1705

153	171	1715

154	171	1728

158	171	1746

148	172	1706

149	172	1704

150	172	1700

158	172	1745

146	173	1716

147	173	1701

158	173	1746

145	174	1719

158	174	1745

144	175	1707

158	175	1750

143	176	1727

158	176	1756

142	177	1751

158	177	1763

142	178	1739

157	178	1727

141	179	1719

157	179	1725

142	180	1730

157	180	1718

142	181	1730

158	181	1732

142	182	1733

158	182	1726

142	183	1735

158	183	1735

142	184	1740

157	184	1727

142	185	1747

157	185	1750

143	186	1737

156	186	1748

143	187	1740

155	187	1750

143	188	1749

155	188	1776

143	189	1767

154	189	1775

143	190	1780

154	190	1786

143	191	1784

153	191	1771

143	192	1777

153	192	1771

143	193	1774

153	193	1776

143	194	1770

153	194	1779

143	195	1772

153	195	1784

143	196	1765

153	196	1791

142	197	1809

153	197	1795

142	198	1791

153	198	1802

142	199	1779

153	199	1804

142	200	1779

153	200	1805

142	201	1780

153	201	1809

142	202	1785

152	202	1791

142	203	1786

152	203	1797

142	204	1784

152	204	1800

141	205	1813

152	205	1801

141	206	1809

152	206	1803

141	207	1814

152	207	1804

141	208	1813

152	208	1808

141	209	1812

152	209	1811

141	210	1811

152	210	1813

141	211	1807

152	211	1812

141	212	1808

152	212	1811

141	213	1809

152	213	1808

141	214	1811

152	214	1810

141	215	1810

142	215	1791

143	215	1784

144	215	1784

145	215	1785

146	215	1784

147	215	1784

148	215	1784

149	215	1787

150	215	1792

151	215	1800

152	215	1809

