156	144	1606

156	145	1603

157	145	1610

156	146	1603

157	146	1609

156	147	1603

157	147	1608

155	148	1608

157	148	1610

155	149	1605

157	149	1609

154	150	1578

157	150	1610

154	151	1606

157	151	1608

154	152	1608

157	152	1608

153	153	1624

157	153	1609

153	154	1605

157	154	1612

153	155	1605

157	155	1618

153	156	1602

157	156	1623

152	157	1611

156	157	1615

152	158	1606

156	158	1614

149	159	1585

151	159	1602

156	159	1617

145	160	1607

146	160	1592

147	160	1573

148	160	1565

150	160	1574

156	160	1621

143	161	1576

144	161	1570

155	161	1616

142	162	1578

155	162	1620

140	163	1580

141	163	1578

155	163	1620

139	164	1575

155	164	1620

138	165	1587

156	165	1643

138	166	1592

155	166	1630

137	167	1600

155	167	1638

137	168	1597

155	168	1638

137	169	1594

155	169	1640

136	170	1611

155	170	1637

136	171	1598

154	171	1601

136	172	1605

154	172	1601

136	173	1620

154	173	1608

137	174	1603

153	174	1605

137	175	1609

153	175	1626

137	176	1612

152	176	1624

137	177	1616

152	177	1644

137	178	1634

151	178	1640

138	179	1625

151	179	1664

138	180	1637

150	180	1657

138	181	1636

150	181	1672

138	182	1631

149	182	1653

138	183	1627

149	183	1656

138	184	1622

149	184	1656

137	185	1635

149	185	1663

137	186	1638

149	186	1670

136	187	1654

148	187	1661

136	188	1646

148	188	1663

136	189	1637

148	189	1668

136	190	1646

148	190	1671

136	191	1646

148	191	1677

136	192	1645

148	192	1678

136	193	1644

148	193	1684

135	194	1675

147	194	1670

135	195	1667

147	195	1674

135	196	1670

147	196	1678

135	197	1669

147	197	1682

134	198	1686

147	198	1683

135	199	1662

147	199	1686

134	200	1682

147	200	1689

134	201	1676

147	201	1694

134	202	1679

147	202	1694

134	203	1679

147	203	1693

134	204	1677

147	204	1693

186	204	1701

133	205	1700

147	205	1691

186	205	1699

134	206	1675

147	206	1691

185	206	1699

186	206	1696

133	207	1699

147	207	1691

185	207	1697

186	207	1695

133	208	1694

147	208	1693

185	208	1697

186	208	1694

133	209	1691

147	209	1697

185	209	1695

186	209	1693

133	210	1695

134	210	1675

135	210	1668

136	210	1665

137	210	1662

138	210	1662

139	210	1661

140	210	1663

141	210	1665

142	210	1666

143	210	1668

144	210	1671

145	210	1678

146	210	1687

147	210	1697

184	210	1700

185	210	1694

186	210	1690

