200	113	1544

201	113	1546

199	114	1542

202	114	1560

199	115	1540

202	115	1550

198	116	1545

202	116	1545

198	117	1543

201	117	1537

197	118	1546

201	118	1541

196	119	1527

201	119	1548

196	120	1548

201	120	1553

193	121	1509

194	121	1508

195	121	1545

200	121	1546

192	122	1525

200	122	1549

183	123	1476

184	123	1479

189	123	1493

190	123	1494

191	123	1503

200	123	1553

181	124	1490

182	124	1485

185	124	1487

186	124	1491

187	124	1491

188	124	1488

199	124	1515

178	125	1508

179	125	1499

180	125	1492

199	125	1505

177	126	1512

200	126	1511

175	127	1564

176	127	1514

201	127	1518

175	128	1526

201	128	1509

175	129	1515

201	129	1512

174	130	1535

201	130	1515

174	131	1523

201	131	1515

174	132	1517

201	132	1520

174	133	1517

201	133	1521

174	134	1517

201	134	1521

174	135	1524

201	135	1512

202	135	1484

173	136	1519

200	136	1515

174	137	1512

200	137	1513

174	138	1514

199	138	1523

174	139	1531

198	139	1527

199	139	1511

173	140	1574

196	140	1521

197	140	1521

174	141	1512

195	141	1513

173	142	1527

193	142	1516

194	142	1518

173	143	1513

192	143	1524

173	144	1506

191	144	1527

172	145	1527

190	145	1522

170	146	1478

171	146	1540

189	146	1517

170	147	1489

188	147	1518

171	148	1524

188	148	1515

170	149	1531

187	149	1529

170	150	1520

187	150	1531

169	151	1510

186	151	1537

168	152	1502

186	152	1536

169	153	1503

185	153	1539

168	154	1514

185	154	1543

168	155	1511

184	155	1540

167	156	1520

184	156	1544

166	157	1521

184	157	1540

166	158	1517

183	158	1546

166	159	1518

183	159	1546

165	160	1523

183	160	1551

164	161	1525

182	161	1552

164	162	1519

182	162	1562

163	163	1524

164	163	1517

165	163	1513

166	163	1510

167	163	1504

168	163	1502

169	163	1502

170	163	1504

171	163	1505

172	163	1505

173	163	1505

174	163	1506

175	163	1509

176	163	1510

177	163	1514

178	163	1518

179	163	1531

180	163	1544

181	163	1560

182	163	1568

