154	147	1643

155	147	1644

153	148	1638

155	148	1637

153	149	1634

155	149	1637

153	150	1637

155	150	1638

153	151	1643

155	151	1640

153	152	1645

155	152	1642

153	153	1642

155	153	1643

152	154	1637

155	154	1645

152	155	1633

155	155	1644

152	156	1633

155	156	1646

151	157	1642

156	157	1669

151	158	1640

155	158	1651

151	159	1635

155	159	1653

151	160	1635

155	160	1657

151	161	1638

154	161	1650

147	162	1619

148	162	1623

149	162	1633

150	162	1637

154	162	1653

143	163	1620

144	163	1624

145	163	1610

146	163	1606

154	163	1657

141	164	1615

142	164	1606

154	164	1655

140	165	1615

154	165	1664

138	166	1618

139	166	1616

154	166	1668

137	167	1621

153	167	1652

136	168	1632

153	168	1655

136	169	1639

154	169	1691

135	170	1656

153	170	1655

136	171	1636

153	171	1659

135	172	1648

153	172	1654

135	173	1644

153	173	1654

135	174	1653

152	174	1632

135	175	1654

152	175	1638

135	176	1643

152	176	1650

135	177	1635

151	177	1649

136	178	1639

151	178	1667

136	179	1648

150	179	1664

136	180	1659

149	180	1661

136	181	1679

149	181	1685

137	182	1667

148	182	1678

137	183	1667

148	183	1691

136	184	1703

147	184	1676

136	185	1683

147	185	1682

136	186	1670

147	186	1686

136	187	1667

147	187	1694

136	188	1665

147	188	1699

135	189	1692

147	189	1707

135	190	1679

147	190	1712

135	191	1670

147	191	1714

135	192	1671

146	192	1697

135	193	1675

146	193	1702

135	194	1678

146	194	1710

134	195	1698

146	195	1718

134	196	1695

146	196	1724

134	197	1695

146	197	1729

135	198	1684

146	198	1728

134	199	1698

145	199	1710

134	200	1697

146	200	1729

133	201	1732

146	201	1733

133	202	1717

146	202	1735

133	203	1705

145	203	1720

133	204	1703

145	204	1720

133	205	1708

145	205	1720

133	206	1711

146	206	1735

132	207	1732

146	207	1730

132	208	1732

146	208	1731

183	208	1733

132	209	1732

146	209	1731

183	209	1730

132	210	1732

133	210	1711

134	210	1703

135	210	1698

136	210	1693

137	210	1690

138	210	1690

139	210	1691

140	210	1695

141	210	1696

142	210	1703

143	210	1705

144	210	1714

145	210	1720

146	210	1732

182	210	1734

183	210	1728

