167	135	1399

168	135	1404

167	136	1401

169	136	1411

166	137	1394

169	137	1409

167	138	1400

169	138	1408

167	139	1402

169	139	1409

167	140	1403

169	140	1411

167	141	1405

169	141	1412

166	142	1405

169	142	1413

166	143	1405

169	143	1414

166	144	1407

169	144	1415

166	145	1408

169	145	1417

166	146	1407

170	146	1399

165	147	1405

169	147	1427

165	148	1407

169	148	1430

165	149	1407

168	149	1422

164	150	1406

168	150	1425

164	151	1408

168	151	1426

160	152	1384

163	152	1402

168	152	1429

159	153	1373

161	153	1376

162	153	1386

168	153	1429

155	154	1377

156	154	1377

157	154	1379

158	154	1376

167	154	1422

152	155	1388

153	155	1375

154	155	1370

168	155	1387

150	156	1383

151	156	1389

168	156	1378

147	157	1347

148	157	1372

149	157	1379

167	157	1371

146	158	1400

167	158	1381

145	159	1446

166	159	1386

145	160	1409

166	160	1396

145	161	1387

166	161	1401

145	162	1387

166	162	1401

145	163	1391

166	163	1405

145	164	1395

166	164	1407

145	165	1393

166	165	1410

144	166	1426

166	166	1413

145	167	1397

166	167	1415

144	168	1393

166	168	1418

145	169	1406

165	169	1414

145	170	1409

165	170	1422

145	171	1381

164	171	1428

145	172	1404

163	172	1430

145	173	1391

162	173	1432

145	174	1425

162	174	1450

145	175	1431

161	175	1460

145	176	1418

160	176	1459

145	177	1418

159	177	1456

145	178	1466

159	178	1464

145	179	1430

158	179	1456

145	180	1425

158	180	1459

144	181	1436

158	181	1464

144	182	1439

158	182	1470

144	183	1438

158	183	1478

143	184	1426

157	184	1469

143	185	1437

157	185	1472

143	186	1449

157	186	1476

143	187	1443

157	187	1482

143	188	1441

157	188	1489

143	189	1440

156	189	1479

142	190	1438

156	190	1484

141	191	1429

156	191	1487

141	192	1455

156	192	1488

142	193	1449

156	193	1489

141	194	1488

156	194	1489

141	195	1470

156	195	1494

141	196	1461

155	196	1487

141	197	1463

155	197	1493

140	198	1458

155	198	1494

140	199	1457

154	199	1481

140	200	1469

154	200	1484

140	201	1468

154	201	1489

139	202	1457

154	202	1491

139	203	1472

154	203	1490

139	204	1482

154	204	1491

139	205	1481

154	205	1493

139	206	1480

154	206	1493

138	207	1472

154	207	1494

138	208	1479

153	208	1489

138	209	1481

153	209	1494

138	210	1486

139	210	1481

140	210	1476

141	210	1473

142	210	1472

143	210	1472

144	210	1472

145	210	1474

146	210	1473

147	210	1474

148	210	1474

149	210	1476

150	210	1478

151	210	1483

152	210	1489

