173	171	2095

173	172	2076

174	172	2082

173	173	2077

174	173	2084

173	174	2073

174	174	2082

172	175	2093

174	175	2079

172	176	2085

174	176	2074

172	177	2085

174	177	2076

172	178	2079

174	178	2082

172	179	2072

174	179	2083

171	180	2096

174	180	2082

171	181	2087

174	181	2099

171	182	2084

173	182	2080

171	183	2073

173	183	2085

167	184	2063

168	184	2045

169	184	2048

170	184	2057

173	184	2084

165	185	2049

166	185	2040

173	185	2086

164	186	2040

173	186	2089

162	187	2077

163	187	2044

173	187	2086

161	188	2094

173	188	2081

176	188	2063

177	188	2049

178	188	2050

179	188	2067

160	189	2120

174	189	2075

175	189	2055

178	189	2049

179	189	2077

159	190	2130

177	190	2068

159	191	2107

176	191	2090

159	192	2102

175	192	2102

159	193	2112

174	193	2082

159	194	2134

173	194	2080

160	195	2085

172	195	2086

160	196	2097

171	196	2092

160	197	2113

170	197	2097

161	198	2106

169	198	2108

161	199	2127

168	199	2107

161	200	2120

168	200	2111

160	201	2140

168	201	2116

160	202	2123

168	202	2125

160	203	2115

168	203	2138

160	204	2113

168	204	2144

159	205	2149

168	205	2149

159	206	2141

168	206	2144

159	207	2133

168	207	2144

159	208	2133

168	208	2145

159	209	2134

167	209	2124

159	210	2138

167	210	2136

159	211	2136

167	211	2154

159	212	2134

167	212	2160

159	213	2129

166	213	2126

158	214	2160

166	214	2129

158	215	2155

166	215	2136

158	216	2153

166	216	2135

158	217	2152

166	217	2136

158	218	2148

167	218	2153

158	219	2146

167	219	2150

158	220	2144

159	220	2127

160	220	2116

161	220	2110

162	220	2106

163	220	2110

164	220	2115

165	220	2124

166	220	2135

167	220	2152

