162	114	1446

161	115	1444

163	115	1448

160	116	1445

163	116	1447

160	117	1447

163	117	1450

160	118	1448

163	118	1452

159	119	1449

163	119	1455

159	120	1450

162	120	1454

158	121	1448

162	121	1457

157	122	1453

162	122	1460

155	123	1420

156	123	1439

161	123	1460

154	124	1412

161	124	1463

151	125	1419

152	125	1417

153	125	1412

161	125	1463

147	126	1415

148	126	1426

149	126	1421

150	126	1419

160	126	1460

145	127	1408

146	127	1406

160	127	1460

140	128	1408

141	128	1407

142	128	1408

143	128	1410

144	128	1409

160	128	1459

137	129	1412

138	129	1410

139	129	1409

159	129	1437

136	130	1425

159	130	1431

135	131	1436

159	131	1430

135	132	1428

159	132	1430

134	133	1422

159	133	1428

134	134	1426

159	134	1428

133	135	1454

159	135	1429

134	136	1417

159	136	1433

134	137	1415

159	137	1435

133	138	1420

159	138	1436

133	139	1423

159	139	1438

133	140	1431

159	140	1442

133	141	1435

158	141	1445

133	142	1434

157	142	1447

133	143	1423

156	143	1442

133	144	1423

156	144	1448

134	145	1424

155	145	1449

134	146	1431

154	146	1452

134	147	1439

153	147	1461

134	148	1468

152	148	1464

134	149	1482

152	149	1476

134	150	1473

151	150	1468

134	151	1459

151	151	1475

135	152	1436

150	152	1468

134	153	1445

150	153	1475

134	154	1452

150	154	1479

135	155	1439

150	155	1486

135	156	1441

150	156	1490

134	157	1446

151	157	1506

134	158	1444

151	158	1501

134	159	1449

151	159	1504

134	160	1459

151	160	1511

134	161	1458

151	161	1517

134	162	1461

151	162	1515

134	163	1457

151	163	1516

134	164	1458

151	164	1518

134	165	1457

151	165	1521

134	166	1458

151	166	1517

134	167	1467

151	167	1515

134	168	1473

151	168	1516

134	169	1475

150	169	1507

134	170	1468

150	170	1511

134	171	1468

135	171	1468

136	171	1467

137	171	1465

138	171	1464

139	171	1463

140	171	1465

141	171	1464

142	171	1464

143	171	1464

144	171	1468

145	171	1473

146	171	1477

147	171	1483

148	171	1490

149	171	1500

150	171	1511

