162	159	1846

161	160	1843

162	160	1838

161	161	1837

162	161	1834

161	162	1831

162	162	1828

161	163	1829

162	163	1828

161	164	1828

162	164	1828

160	165	1830

162	165	1830

160	166	1833

162	166	1833

160	167	1834

162	167	1837

160	168	1836

162	168	1841

159	169	1839

162	169	1843

159	170	1837

162	170	1846

159	171	1837

161	171	1838

157	172	1835

158	172	1842

161	172	1842

154	173	1811

155	173	1802

156	173	1802

161	173	1846

151	174	1818

152	174	1809

153	174	1803

161	174	1841

149	175	1836

150	175	1814

162	175	1868

148	176	1819

162	176	1847

147	177	1832

163	177	1795

164	177	1789

165	177	1800

146	178	1865

164	178	1792

146	179	1844

163	179	1806

145	180	1852

162	180	1817

145	181	1846

162	181	1836

145	182	1854

161	182	1827

145	183	1854

161	183	1834

145	184	1858

161	184	1842

145	185	1868

160	185	1834

146	186	1845

159	186	1843

146	187	1853

158	187	1851

146	188	1866

158	188	1874

146	189	1886

157	189	1871

147	190	1871

156	190	1871

147	191	1870

156	191	1885

147	192	1864

156	192	1891

146	193	1873

155	193	1871

146	194	1868

155	194	1877

146	195	1869

155	195	1886

145	196	1911

155	196	1894

145	197	1896

155	197	1898

145	198	1884

155	198	1906

145	199	1881

155	199	1910

145	200	1883

155	200	1913

144	201	1922

155	201	1923

144	202	1919

155	202	1931

144	203	1914

154	203	1909

144	204	1911

154	204	1913

144	205	1909

154	205	1917

144	206	1907

154	206	1921

144	207	1902

154	207	1927

144	208	1898

153	208	1904

143	209	1920

153	209	1904

143	210	1920

154	210	1927

143	211	1922

154	211	1921

143	212	1927

154	212	1923

143	213	1928

154	213	1924

143	214	1926

154	214	1924

143	215	1922

144	215	1900

145	215	1890

146	215	1885

147	215	1885

148	215	1886

149	215	1890

150	215	1893

151	215	1897

152	215	1903

153	215	1911

154	215	1922

188	215	1928

