158	142	1567

159	142	1567

158	143	1563

159	143	1564

158	144	1563

159	144	1566

158	145	1561

159	145	1565

158	146	1562

159	146	1568

158	147	1561

159	147	1567

157	148	1566

159	148	1570

157	149	1565

159	149	1569

156	150	1561

159	150	1569

156	151	1569

159	151	1569

155	152	1589

159	152	1573

155	153	1569

159	153	1576

155	154	1565

159	154	1575

155	155	1565

159	155	1576

155	156	1563

158	156	1571

153	157	1560

154	157	1562

158	157	1575

149	158	1536

150	158	1530

151	158	1529

152	158	1535

158	158	1578

145	159	1527

146	159	1526

147	159	1532

148	159	1533

158	159	1580

144	160	1528

157	160	1579

142	161	1539

143	161	1535

157	161	1581

140	162	1555

141	162	1541

157	162	1581

139	163	1554

157	163	1581

139	164	1557

157	164	1583

138	165	1519

157	165	1590

139	166	1561

157	166	1594

138	167	1572

157	167	1594

138	168	1565

156	168	1566

138	169	1567

156	169	1561

138	170	1571

156	170	1558

138	171	1579

156	171	1561

138	172	1579

156	172	1570

138	173	1539

155	173	1571

139	174	1567

155	174	1590

139	175	1572

154	175	1593

139	176	1582

154	176	1614

140	177	1579

153	177	1613

140	178	1588

153	178	1632

140	179	1590

152	179	1625

140	180	1587

152	180	1640

140	181	1588

151	181	1619

139	182	1600

151	182	1618

139	183	1595

151	183	1623

139	184	1593

151	184	1632

138	185	1628

151	185	1641

138	186	1601

151	186	1648

138	187	1602

150	187	1636

138	188	1601

150	188	1640

138	189	1598

150	189	1641

137	190	1611

150	190	1640

137	191	1609

150	191	1646

137	192	1608

150	192	1654

137	193	1606

149	193	1637

137	194	1608

149	194	1642

136	195	1606

149	195	1646

136	196	1637

149	196	1653

136	197	1636

149	197	1652

136	198	1625

149	198	1654

135	199	1627

149	199	1654

135	200	1651

149	200	1658

135	201	1656

149	201	1659

135	202	1647

149	202	1658

135	203	1639

149	203	1659

135	204	1642

149	204	1661

135	205	1640

149	205	1662

135	206	1640

149	206	1662

189	206	1663

134	207	1659

149	207	1662

187	207	1664

188	207	1661

189	207	1658

134	208	1655

149	208	1661

187	208	1660

189	208	1655

134	209	1652

135	209	1636

136	209	1628

137	209	1628

138	209	1628

139	209	1628

140	209	1626

141	209	1628

142	209	1628

143	209	1629

144	209	1631

145	209	1636

146	209	1641

147	209	1645

148	209	1651

149	209	1658

187	209	1657

188	209	1655

189	209	1652

