182	132	1635

183	132	1637

181	133	1640

183	133	1641

180	134	1638

183	134	1643

180	135	1643

183	135	1646

180	136	1636

183	136	1650

180	137	1645

183	137	1653

179	138	1644

183	138	1654

179	139	1649

182	139	1651

178	140	1663

182	140	1655

177	141	1645

182	141	1657

175	142	1602

176	142	1629

182	142	1647

173	143	1614

174	143	1614

182	143	1625

169	144	1613

170	144	1612

171	144	1611

172	144	1609

182	144	1620

165	145	1615

166	145	1603

167	145	1601

168	145	1604

183	145	1622

163	146	1626

164	146	1621

184	146	1624

162	147	1629

184	147	1627

162	148	1620

184	148	1630

161	149	1623

184	149	1629

161	150	1614

184	150	1625

161	151	1613

184	151	1626

161	152	1623

184	152	1629

161	153	1622

184	153	1636

160	154	1601

184	154	1641

161	155	1605

183	155	1641

161	156	1607

182	156	1642

161	157	1617

181	157	1640

161	158	1625

181	158	1654

161	159	1624

180	159	1651

161	160	1628

179	160	1652

161	161	1610

178	161	1653

161	162	1637

177	162	1658

161	163	1625

176	163	1657

160	164	1626

175	164	1651

160	165	1616

175	165	1662

160	166	1623

174	166	1651

160	167	1621

174	167	1666

160	168	1618

174	168	1683

159	169	1627

173	169	1670

159	170	1628

173	170	1680

159	171	1624

173	171	1692

158	172	1635

173	172	1705

158	173	1632

172	173	1688

157	174	1652

172	174	1692

157	175	1642

172	175	1700

157	176	1641

171	176	1683

156	177	1666

171	177	1694

156	178	1656

171	178	1701

156	179	1644

170	179	1686

155	180	1660

156	180	1642

157	180	1633

158	180	1627

159	180	1627

160	180	1627

161	180	1629

162	180	1629

163	180	1631

164	180	1633

165	180	1638

166	180	1641

167	180	1646

168	180	1655

169	180	1670

170	180	1690

