216	146	1547

217	146	1538

218	146	1545

216	147	1541

219	147	1551

216	148	1538

219	148	1544

216	149	1537

220	149	1556

216	150	1532

220	150	1559

216	151	1536

220	151	1562

216	152	1539

220	152	1558

216	153	1543

220	153	1555

216	154	1545

220	154	1550

216	155	1550

221	155	1567

216	156	1545

221	156	1575

216	157	1547

221	157	1576

216	158	1549

221	158	1574

216	159	1553

221	159	1575

216	160	1547

221	160	1579

216	161	1551

221	161	1566

216	162	1533

220	162	1563

213	163	1526

214	163	1518

215	163	1518

220	163	1551

212	164	1528

221	164	1548

211	165	1521

221	165	1523

209	166	1579

210	166	1541

222	166	1518

208	167	1550

223	167	1520

207	168	1537

224	168	1539

205	169	1522

206	169	1523

225	169	1589

204	170	1509

225	170	1570

203	171	1510

225	171	1571

203	172	1518

225	172	1571

203	173	1522

225	173	1568

202	174	1514

225	174	1563

203	175	1521

225	175	1566

202	176	1513

225	176	1584

202	177	1485

224	177	1560

202	178	1516

224	178	1580

203	179	1522

223	179	1557

203	180	1526

223	180	1572

202	181	1573

223	181	1591

202	182	1532

222	182	1569

203	183	1572

221	183	1563

203	184	1598

204	184	1551

221	184	1593

205	185	1542

220	185	1593

205	186	1582

220	186	1619

206	187	1559

219	187	1603

206	188	1554

219	188	1628

207	189	1557

218	189	1614

207	190	1566

217	190	1606

207	191	1567

217	191	1620

207	192	1571

216	192	1613

207	193	1573

216	193	1622

207	194	1578

216	194	1629

207	195	1584

215	195	1620

207	196	1595

215	196	1617

207	197	1598

215	197	1621

207	198	1603

215	198	1629

207	199	1606

214	199	1626

207	200	1611

213	200	1627

207	201	1622

212	201	1630

207	202	1626

211	202	1628

207	203	1630

208	203	1626

210	203	1627

209	204	1631

210	204	1632

