176	114	1494

177	114	1496

176	115	1496

178	115	1503

176	116	1496

178	116	1505

176	117	1498

179	117	1503

175	118	1497

179	118	1509

175	119	1498

179	119	1498

175	120	1500

178	120	1506

175	121	1502

178	121	1508

174	122	1505

178	122	1514

173	123	1495

177	123	1513

171	124	1491

172	124	1492

177	124	1513

170	125	1484

177	125	1499

167	126	1474

168	126	1478

169	126	1477

178	126	1490

165	127	1467

166	127	1465

179	127	1485

161	128	1461

162	128	1461

163	128	1463

164	128	1465

180	128	1487

158	129	1475

159	129	1469

160	129	1464

180	129	1484

157	130	1474

180	130	1482

156	131	1484

180	131	1483

156	132	1478

180	132	1484

155	133	1479

180	133	1487

155	134	1473

181	134	1496

155	135	1476

180	135	1487

155	136	1472

180	136	1489

154	137	1535

180	137	1492

155	138	1460

180	138	1498

155	139	1460

179	139	1497

155	140	1465

179	140	1503

155	141	1473

178	141	1499

155	142	1474

177	142	1497

155	143	1467

176	143	1493

156	144	1474

176	144	1500

155	145	1485

175	145	1503

155	146	1477

174	146	1504

156	147	1472

173	147	1503

156	148	1481

173	148	1511

156	149	1483

172	149	1508

156	150	1479

172	150	1514

155	151	1476

171	151	1503

155	152	1472

171	152	1509

155	153	1483

170	153	1506

155	154	1477

170	154	1511

155	155	1478

170	155	1518

154	156	1476

170	156	1525

154	157	1456

170	157	1529

154	158	1477

170	158	1532

154	159	1484

169	159	1526

154	160	1481

169	160	1527

154	161	1483

169	161	1529

153	162	1494

169	162	1529

153	163	1490

169	163	1535

153	164	1492

169	164	1538

153	165	1494

169	165	1544

152	166	1500

169	166	1547

152	167	1499

169	167	1553

152	168	1496

168	168	1544

152	169	1496

168	169	1550

152	170	1506

169	170	1565

151	171	1519

152	171	1511

153	171	1503

154	171	1495

155	171	1491

156	171	1490

157	171	1491

158	171	1492

159	171	1493

160	171	1493

161	171	1493

162	171	1494

163	171	1498

164	171	1504

165	171	1510

166	171	1523

167	171	1537

168	171	1557

169	171	1567

