180	116	1486

181	116	1492

182	116	1497

180	117	1489

182	117	1497

180	118	1490

182	118	1498

180	119	1491

182	119	1499

180	120	1493

182	120	1500

180	121	1495

182	121	1500

179	122	1498

182	122	1501

179	123	1496

182	123	1504

178	124	1496

182	124	1509

175	125	1441

176	125	1461

177	125	1491

182	125	1512

174	126	1459

182	126	1513

174	127	1484

182	127	1508

172	128	1465

173	128	1478

182	128	1492

170	129	1451

171	129	1459

183	129	1482

166	130	1464

167	130	1462

168	130	1460

169	130	1458

184	130	1480

164	131	1462

165	131	1461

185	131	1490

162	132	1468

163	132	1466

185	132	1486

161	133	1465

185	133	1484

160	134	1467

186	134	1450

159	135	1477

185	135	1488

159	136	1478

185	136	1490

159	137	1464

184	137	1486

159	138	1461

184	138	1485

159	139	1472

184	139	1485

159	140	1462

184	140	1488

159	141	1459

184	141	1492

159	142	1461

183	142	1495

159	143	1462

183	143	1504

159	144	1461

182	144	1501

159	145	1466

181	145	1496

159	146	1476

180	146	1491

160	147	1462

179	147	1495

160	148	1462

179	148	1508

160	149	1481

178	149	1509

160	150	1507

177	150	1505

160	151	1509

177	151	1510

160	152	1478

176	152	1502

160	153	1470

176	153	1504

160	154	1473

175	154	1502

159	155	1500

175	155	1510

159	156	1477

175	156	1518

159	157	1477

174	157	1515

159	158	1467

174	158	1522

159	159	1472

174	159	1526

159	160	1479

174	160	1526

158	161	1488

174	161	1528

158	162	1480

174	162	1531

157	163	1460

173	163	1528

157	164	1447

173	164	1531

158	165	1489

173	165	1534

158	166	1488

173	166	1536

157	167	1488

173	167	1541

157	168	1488

173	168	1546

157	169	1492

173	169	1550

156	170	1466

173	170	1552

156	171	1484

173	171	1553

156	172	1496

173	172	1555

156	173	1504

173	173	1556

156	174	1510

173	174	1559

155	175	1519

173	175	1559

155	176	1526

173	176	1564

155	177	1518

156	177	1510

157	177	1505

158	177	1501

159	177	1499

160	177	1498

161	177	1498

162	177	1498

163	177	1500

164	177	1500

165	177	1503

166	177	1505

167	177	1508

168	177	1510

169	177	1517

170	177	1526

171	177	1539

172	177	1553

