160	101	1318

159	102	1318

161	102	1319

159	103	1319

162	103	1330

158	104	1314

162	104	1328

158	105	1323

162	105	1326

158	106	1322

163	106	1322

158	107	1323

163	107	1323

158	108	1323

162	108	1335

158	109	1322

162	109	1337

157	110	1325

162	110	1337

156	111	1302

162	111	1338

156	112	1321

162	112	1340

153	113	1343

156	113	1312

162	113	1345

152	114	1326

154	114	1307

155	114	1307

161	114	1336

150	115	1308

151	115	1310

161	115	1329

146	116	1296

147	116	1287

148	116	1287

149	116	1290

161	116	1310

140	117	1285

141	117	1285

142	117	1285

143	117	1282

144	117	1283

145	117	1287

162	117	1309

139	118	1287

163	118	1308

135	119	1295

136	119	1306

137	119	1298

138	119	1290

164	119	1316

135	120	1310

164	120	1313

135	121	1313

164	121	1315

134	122	1313

164	122	1314

134	123	1303

164	123	1314

134	124	1298

164	124	1314

134	125	1297

164	125	1315

133	126	1333

164	126	1318

133	127	1339

164	127	1322

134	128	1291

164	128	1326

134	129	1287

164	129	1327

133	130	1258

163	130	1319

134	131	1284

163	131	1326

133	132	1269

163	132	1340

133	133	1317

162	133	1342

134	134	1278

161	134	1338

134	135	1285

160	135	1333

134	136	1315

159	136	1325

134	137	1319

158	137	1328

134	138	1303

157	138	1332

133	139	1275

135	139	1292

156	139	1339

157	139	1341

134	140	1289

155	140	1339

134	141	1305

154	141	1334

134	142	1305

154	142	1338

133	143	1261

153	143	1334

133	144	1305

153	144	1338

132	145	1305

152	145	1333

132	146	1296

152	146	1342

132	147	1299

152	147	1352

132	148	1303

151	148	1348

131	149	1312

151	149	1353

132	150	1304

151	150	1358

131	151	1309

151	151	1363

130	152	1393

150	152	1357

130	153	1346

150	153	1359

130	154	1311

150	154	1358

131	155	1311

150	155	1362

130	156	1304

150	156	1368

128	157	1306

129	157	1320

149	157	1367

129	158	1313

149	158	1372

130	159	1308

149	159	1377

129	160	1320

149	160	1381

129	161	1322

149	161	1388

128	162	1314

148	162	1378

128	163	1317

148	163	1381

128	164	1321

148	164	1384

127	165	1331

148	165	1390

126	166	1367

148	166	1395

126	167	1324

147	167	1386

127	168	1323

147	168	1386

126	169	1325

147	169	1388

125	170	1335

147	170	1387

125	171	1336

147	171	1395

125	172	1341

147	172	1400

125	173	1339

146	173	1383

125	174	1341

146	174	1385

124	175	1341

146	175	1388

124	176	1345

125	176	1342

126	176	1336

127	176	1333

128	176	1334

129	176	1333

130	176	1329

131	176	1330

132	176	1330

133	176	1331

134	176	1330

135	176	1330

136	176	1331

137	176	1332

138	176	1335

139	176	1336

140	176	1338

141	176	1342

142	176	1348

143	176	1356

144	176	1365

145	176	1374

146	176	1391

