162	114	1458

163	114	1457

164	114	1457

162	115	1459

164	115	1458

161	116	1460

164	116	1461

161	117	1457

164	117	1463

161	118	1457

164	118	1465

160	119	1458

164	119	1467

160	120	1461

163	120	1464

158	121	1462

159	121	1464

163	121	1466

156	122	1449

157	122	1452

163	122	1470

156	123	1428

162	123	1472

154	124	1424

155	124	1420

162	124	1474

149	125	1437

150	125	1435

151	125	1430

152	125	1430

153	125	1428

162	125	1476

146	126	1423

147	126	1420

148	126	1422

161	126	1471

143	127	1418

144	127	1420

145	127	1420

161	127	1467

139	128	1429

140	128	1422

141	128	1418

142	128	1418

161	128	1451

138	129	1436

160	129	1435

136	130	1430

137	130	1438

160	130	1433

135	131	1440

161	131	1434

135	132	1456

161	132	1435

135	133	1445

161	133	1438

135	134	1439

160	134	1438

135	135	1434

161	135	1444

135	136	1433

161	136	1445

134	137	1410

161	137	1446

135	138	1425

161	138	1450

134	139	1399

160	139	1449

134	140	1421

159	140	1452

135	141	1426

158	141	1450

135	142	1429

158	142	1457

135	143	1429

157	143	1460

135	144	1434

156	144	1461

135	145	1460

155	145	1462

135	146	1479

154	146	1469

135	147	1484

154	147	1482

136	148	1441

153	148	1478

136	149	1437

152	149	1469

136	150	1441

152	150	1474

135	151	1438

151	151	1471

135	152	1438

151	152	1475

136	153	1443

151	153	1481

136	154	1448

152	154	1497

136	155	1450

152	155	1490

136	156	1450

152	156	1492

135	157	1461

151	157	1493

136	158	1450

152	158	1508

135	159	1452

152	159	1512

135	160	1472

152	160	1516

135	161	1461

152	161	1518

135	162	1474

152	162	1518

135	163	1480

152	163	1522

135	164	1477

152	164	1524

135	165	1470

152	165	1523

135	166	1467

152	166	1521

135	167	1463

152	167	1523

135	168	1477

136	168	1471

137	168	1468

138	168	1466

139	168	1467

140	168	1467

141	168	1467

142	168	1467

143	168	1467

144	168	1469

145	168	1472

146	168	1476

147	168	1480

148	168	1485

149	168	1494

150	168	1503

151	168	1513

152	168	1526

