168	115	1433

169	115	1437

170	115	1445

167	116	1428

170	116	1447

167	117	1431

170	117	1448

166	118	1430

170	118	1449

166	119	1433

169	119	1445

166	120	1436

169	120	1448

165	121	1437

169	121	1451

164	122	1429

169	122	1452

163	123	1431

168	123	1450

162	124	1418

168	124	1451

159	125	1409

160	125	1402

161	125	1405

168	125	1455

156	126	1417

157	126	1412

158	126	1410

167	126	1452

153	127	1406

154	127	1411

155	127	1417

167	127	1454

150	128	1406

151	128	1402

152	128	1401

167	128	1453

145	129	1404

146	129	1399

147	129	1396

148	129	1398

149	129	1402

166	129	1432

144	130	1408

166	130	1422

143	131	1411

166	131	1419

142	132	1412

166	132	1420

141	133	1414

166	133	1422

141	134	1411

166	134	1424

141	135	1411

166	135	1423

140	136	1393

166	136	1425

140	137	1405

166	137	1427

139	138	1392

166	138	1430

139	139	1354

166	139	1431

140	140	1400

166	140	1434

140	141	1408

165	141	1434

140	142	1410

165	142	1445

140	143	1397

164	143	1443

140	144	1385

163	144	1441

140	145	1407

162	145	1439

141	146	1408

161	146	1440

141	147	1409

160	147	1448

141	148	1408

159	148	1454

141	149	1407

159	149	1470

141	150	1397

158	150	1468

141	151	1413

158	151	1475

141	152	1416

157	152	1464

141	153	1414

157	153	1469

141	154	1410

156	154	1461

141	155	1414

157	155	1480

141	156	1419

157	156	1486

141	157	1431

157	157	1490

141	158	1431

157	158	1490

141	159	1432

157	159	1492

141	160	1431

157	160	1492

140	161	1422

157	161	1494

140	162	1432

157	162	1500

140	163	1423

157	163	1505

140	164	1431

157	164	1507

140	165	1415

157	165	1510

140	166	1429

157	166	1512

140	167	1437

156	167	1499

140	168	1432

157	168	1512

140	169	1440

156	169	1500

140	170	1456

156	170	1503

140	171	1458

156	171	1505

140	172	1460

156	172	1503

140	173	1455

141	173	1460

142	173	1459

143	173	1461

144	173	1458

145	173	1458

146	173	1456

147	173	1457

148	173	1460

149	173	1463

150	173	1466

151	173	1468

152	173	1473

153	173	1477

154	173	1482

155	173	1489

156	173	1502

