192	129	1308

193	129	1308

190	130	1312

191	130	1297

194	130	1302

190	131	1298

195	131	1307

190	132	1300

196	132	1311

190	133	1302

197	133	1319

191	134	1301

198	134	1321

191	135	1296

198	135	1330

190	136	1358

191	136	1329

198	136	1329

192	137	1306

198	137	1316

192	138	1299

199	138	1336

193	139	1307

200	139	1361

194	140	1305

200	140	1361

194	141	1307

199	141	1323

194	142	1311

199	142	1320

194	143	1313

199	143	1318

195	144	1305

200	144	1339

195	145	1305

200	145	1338

195	146	1308

200	146	1333

196	147	1291

200	147	1327

195	148	1280

200	148	1319

192	149	1294

193	149	1281

194	149	1278

201	149	1333

191	150	1296

201	150	1289

190	151	1329

202	151	1274

203	151	1287

189	152	1343

204	152	1280

188	153	1338

205	153	1289

188	154	1303

205	154	1281

188	155	1290

206	155	1308

186	156	1346

187	156	1306

206	156	1294

185	157	1321

207	157	1318

184	158	1306

207	158	1299

182	159	1318

183	159	1290

208	159	1312

182	160	1294

208	160	1302

181	161	1324

209	161	1329

181	162	1327

210	162	1368

181	163	1349

209	163	1332

181	164	1330

209	164	1346

180	165	1371

209	165	1354

180	166	1365

209	166	1366

180	167	1385

181	167	1314

209	167	1382

182	168	1289

209	168	1384

182	169	1294

209	169	1377

182	170	1312

208	170	1343

182	171	1334

208	171	1361

180	172	1379

181	172	1376

208	172	1379

181	173	1378

207	173	1368

182	174	1362

183	174	1348

206	174	1367

182	175	1353

184	175	1323

206	175	1383

184	176	1371

206	176	1390

185	177	1350

205	177	1375

186	178	1347

205	178	1386

187	179	1355

204	179	1365

187	180	1383

204	180	1376

186	181	1376

204	181	1384

186	182	1329

203	182	1367

187	183	1309

203	183	1377

188	184	1332

203	184	1383

188	185	1359

203	185	1386

189	186	1360

203	186	1389

189	187	1350

202	187	1373

189	188	1343

202	188	1375

190	189	1355

202	189	1377

188	190	1351

189	190	1375

202	190	1380

188	191	1383

202	191	1383

189	192	1379

202	192	1385

190	193	1380

202	193	1388

189	194	1364

201	194	1385

189	195	1378

201	195	1389

189	196	1374

200	196	1387

189	197	1369

199	197	1387

189	198	1365

198	198	1386

189	199	1372

190	199	1377

191	199	1386

198	199	1390

189	200	1379

192	200	1389

193	200	1388

194	200	1385

195	200	1387

196	200	1388

197	200	1390

190	206	1384

