209	158	1710

210	158	1713

211	158	1721

209	159	1716

211	159	1725

209	160	1713

211	160	1723

210	161	1717

211	161	1724

209	162	1715

211	162	1723

209	163	1716

212	163	1724

209	164	1720

212	164	1723

209	165	1726

212	165	1728

209	166	1725

212	166	1733

209	167	1721

212	167	1737

209	168	1724

212	168	1737

208	169	1699

213	169	1748

207	170	1710

214	170	1732

206	171	1691

213	171	1752

205	172	1699

213	172	1741

204	173	1741

213	173	1708

203	174	1691

214	174	1716

202	175	1687

214	175	1703

200	176	1647

201	176	1687

215	176	1749

199	177	1679

215	177	1736

198	178	1695

215	178	1727

197	179	1700

215	179	1718

197	180	1697

216	180	1753

196	181	1687

216	181	1738

196	182	1694

216	182	1737

196	183	1703

216	183	1753

196	184	1712

216	184	1778

196	185	1712

215	185	1744

196	186	1737

214	186	1720

196	187	1730

214	187	1731

196	188	1718

214	188	1748

197	189	1714

213	189	1737

198	190	1712

213	190	1761

198	191	1727

213	191	1803

199	192	1726

212	192	1776

199	193	1742

212	193	1800

200	194	1744

211	194	1762

201	195	1738

211	195	1775

201	196	1743

211	196	1784

201	197	1747

211	197	1796

201	198	1757

210	198	1775

201	199	1758

210	199	1784

201	200	1754

210	200	1789

201	201	1754

210	201	1794

201	202	1758

210	202	1794

201	203	1762

210	203	1794

201	204	1763

210	204	1797

201	205	1767

210	205	1800

201	206	1770

210	206	1803

201	207	1777

210	207	1804

201	208	1786

209	208	1797

201	209	1798

209	209	1798

202	210	1788

209	210	1802

202	211	1792

209	211	1804

202	212	1799

209	212	1805

202	213	1802

208	213	1802

203	214	1797

204	214	1794

205	214	1795

206	214	1798

207	214	1802

208	214	1804

