173	115	1506

174	115	1506

172	116	1508

174	116	1512

172	117	1509

174	117	1516

172	118	1507

174	118	1515

172	119	1509

174	119	1515

172	120	1511

174	120	1516

172	121	1515

174	121	1521

171	122	1512

174	122	1525

171	123	1508

174	123	1526

170	124	1490

174	124	1524

169	125	1487

174	125	1520

167	126	1486

168	126	1487

175	126	1521

165	127	1489

166	127	1485

175	127	1503

162	128	1478

163	128	1478

164	128	1480

176	128	1498

158	129	1473

159	129	1474

160	129	1478

161	129	1476

176	129	1493

156	130	1477

157	130	1473

176	130	1494

153	131	1487

154	131	1482

155	131	1482

177	131	1499

153	132	1483

177	132	1498

153	133	1488

178	133	1502

152	134	1492

177	134	1497

152	135	1487

177	135	1499

152	136	1482

177	136	1495

151	137	1469

177	137	1496

152	138	1479

177	138	1500

151	139	1506

177	139	1505

152	140	1477

176	140	1501

152	141	1478

175	141	1500

152	142	1477

175	142	1506

152	143	1479

174	143	1507

152	144	1477

173	144	1506

153	145	1478

172	145	1510

153	146	1478

172	146	1523

153	147	1479

171	147	1524

152	148	1498

170	148	1518

153	149	1476

170	149	1524

153	150	1484

169	150	1520

152	151	1510

169	151	1525

153	152	1485

168	152	1512

153	153	1486

168	153	1514

153	154	1483

168	154	1519

152	155	1474

168	155	1528

152	156	1481

168	156	1535

152	157	1487

168	157	1545

152	158	1489

168	158	1547

151	159	1495

168	159	1546

151	160	1499

167	160	1536

151	161	1499

167	161	1541

151	162	1501

167	162	1548

151	163	1500

167	163	1551

151	164	1498

167	164	1556

150	165	1497

167	165	1564

150	166	1503

166	166	1558

150	167	1504

166	167	1557

149	168	1527

166	168	1564

149	169	1493

166	169	1567

149	170	1505

166	170	1569

149	171	1524

166	171	1571

149	172	1528

166	172	1574

148	173	1543

166	173	1577

148	174	1526

149	174	1518

150	174	1510

151	174	1507

152	174	1505

153	174	1505

154	174	1504

155	174	1504

156	174	1506

157	174	1508

158	174	1509

159	174	1508

160	174	1510

161	174	1516

162	174	1526

163	174	1535

164	174	1545

165	174	1559

166	174	1578

