138	115	1487

139	115	1478

138	116	1489

140	116	1469

138	117	1495

140	117	1481

138	118	1498

141	118	1476

139	119	1490

142	119	1450

139	120	1494

142	120	1480

139	121	1498

142	121	1484

139	122	1502

143	122	1440

139	123	1505

143	123	1483

139	124	1502

143	124	1481

139	125	1484

143	125	1472

138	126	1482

144	126	1453

138	127	1460

145	127	1446

146	127	1410

137	128	1462

147	128	1432

136	129	1462

147	129	1449

134	130	1449

135	130	1448

148	130	1447

133	131	1452

149	131	1416

133	132	1449

149	132	1446

131	133	1446

132	133	1450

150	133	1423

129	134	1465

130	134	1446

150	134	1452

128	135	1466

151	135	1437

128	136	1455

151	136	1456

127	137	1470

151	137	1462

127	138	1471

151	138	1457

127	139	1468

150	139	1460

126	140	1480

150	140	1462

126	141	1487

150	141	1467

126	142	1489

150	142	1469

126	143	1501

150	143	1465

127	144	1476

149	144	1465

128	145	1463

149	145	1476

128	146	1469

149	146	1483

128	147	1490

149	147	1485

129	148	1465

149	148	1466

129	149	1473

148	149	1476

129	150	1488

148	150	1473

130	151	1479

148	151	1472

131	152	1486

148	152	1472

132	153	1471

149	153	1483

133	154	1470

149	154	1492

133	155	1477

149	155	1492

133	156	1493

150	156	1501

134	157	1474

150	157	1506

134	158	1487

150	158	1506

135	159	1471

151	159	1505

134	160	1495

151	160	1511

135	161	1483

151	161	1510

135	162	1495

152	162	1496

135	163	1503

152	163	1511

136	164	1481

152	164	1511

136	165	1492

153	165	1508

136	166	1500

153	166	1518

136	167	1515

153	167	1521

137	168	1491

154	168	1529

137	169	1498

154	169	1526

137	170	1503

138	170	1486

139	170	1482

140	170	1479

141	170	1479

142	170	1480

143	170	1480

144	170	1478

145	170	1477

146	170	1480

147	170	1484

148	170	1486

149	170	1488

150	170	1492

151	170	1501

152	170	1509

153	170	1517

154	170	1523

155	170	1527

