210	157	1712

210	158	1717

211	158	1722

210	159	1718

211	159	1721

210	160	1715

212	160	1722

210	161	1715

212	161	1721

210	162	1717

212	162	1722

210	163	1720

212	163	1727

210	164	1719

212	164	1728

209	165	1711

212	165	1728

209	166	1715

212	166	1726

209	167	1705

212	167	1729

210	168	1723

212	168	1733

209	169	1693

213	169	1742

208	170	1694

214	170	1760

207	171	1691

214	171	1785

205	172	1687

206	172	1689

213	172	1726

205	173	1700

214	173	1717

203	174	1681

204	174	1679

214	174	1694

202	175	1690

215	175	1722

200	176	1695

201	176	1688

215	176	1716

199	177	1685

215	177	1714

198	178	1698

215	178	1709

197	179	1702

216	179	1740

197	180	1706

216	180	1728

196	181	1728

216	181	1722

197	182	1700

216	182	1726

196	183	1695

216	183	1738

196	184	1731

215	184	1717

196	185	1729

215	185	1728

197	186	1701

215	186	1744

197	187	1705

214	187	1720

197	188	1709

214	188	1736

197	189	1692

214	189	1764

198	190	1721

213	190	1750

199	191	1724

213	191	1783

199	192	1727

212	192	1761

200	193	1736

212	193	1780

201	194	1732

212	194	1799

201	195	1734

211	195	1768

201	196	1744

211	196	1778

201	197	1757

211	197	1785

202	198	1744

211	198	1795

202	199	1744

211	199	1803

201	200	1771

210	200	1778

201	201	1774

210	201	1783

201	202	1773

210	202	1785

201	203	1764

210	203	1788

201	204	1762

210	204	1791

201	205	1778

210	205	1792

202	206	1766

210	206	1799

201	207	1799

210	207	1801

202	208	1777

210	208	1805

202	209	1782

210	209	1803

202	210	1787

209	210	1797

202	211	1792

209	211	1802

202	212	1796

209	212	1804

202	213	1801

203	213	1794

204	213	1787

205	213	1789

206	213	1792

207	213	1796

208	213	1801

209	213	1805

