212	140	1466

213	140	1474

211	141	1461

214	141	1484

210	142	1472

214	142	1472

210	143	1472

215	143	1480

211	144	1463

216	144	1501

211	145	1466

216	145	1515

211	146	1473

215	146	1478

211	147	1473

215	147	1476

211	148	1472

215	148	1475

211	149	1471

216	149	1511

211	150	1470

216	150	1515

211	151	1472

216	151	1514

211	152	1473

216	152	1520

211	153	1474

216	153	1518

211	154	1475

216	154	1518

211	155	1477

216	155	1506

211	156	1477

216	156	1520

208	157	1486

211	157	1469

216	157	1527

206	158	1453

207	158	1467

209	158	1443

210	158	1448

215	158	1496

207	159	1447

215	159	1473

206	160	1468

215	160	1448

204	161	1509

205	161	1464

216	161	1447

217	161	1479

201	162	1431

202	162	1481

203	162	1464

218	162	1474

200	163	1490

218	163	1454

197	164	1484

198	164	1474

199	164	1456

218	164	1452

197	165	1468

218	165	1454

196	166	1471

218	166	1458

196	167	1463

219	167	1501

195	168	1479

219	168	1496

195	169	1468

219	169	1487

195	170	1471

219	170	1483

195	171	1469

219	171	1486

195	172	1468

219	172	1495

195	173	1475

219	173	1513

195	174	1466

218	174	1491

195	175	1456

217	175	1477

195	176	1502

217	176	1488

195	177	1498

217	177	1507

195	178	1558

216	178	1486

195	179	1517

216	179	1509

196	180	1501

215	180	1504

196	181	1486

214	181	1510

197	182	1521

213	182	1517

198	183	1508

213	183	1541

198	184	1507

212	184	1522

197	185	1521

212	185	1547

198	186	1493

211	186	1535

198	187	1513

211	187	1556

198	188	1513

210	188	1546

198	189	1521

209	189	1539

197	190	1513

209	190	1551

198	191	1522

209	191	1555

198	192	1530

209	192	1558

196	193	1484

198	193	1529

208	193	1544

198	194	1529

208	194	1551

198	195	1529

208	195	1560

198	196	1535

207	196	1553

198	197	1540

207	197	1562

198	198	1551

206	198	1562

198	199	1559

205	199	1560

198	200	1557

204	200	1560

199	201	1559

203	201	1560

200	202	1561

201	202	1559

202	202	1562

