183	115	1435

184	115	1436

182	116	1436

185	116	1439

182	117	1435

185	117	1441

181	118	1437

185	118	1442

181	119	1436

185	119	1444

180	120	1438

185	120	1447

180	121	1439

184	121	1444

180	122	1440

184	122	1448

180	123	1441

184	123	1452

179	124	1443

184	124	1454

176	125	1438

177	125	1431

178	125	1436

183	125	1451

173	126	1420

174	126	1412

175	126	1409

183	126	1457

171	127	1410

172	127	1411

183	127	1464

167	128	1404

168	128	1405

169	128	1403

170	128	1407

182	128	1453

166	129	1408

182	129	1455

160	130	1409

161	130	1401

162	130	1398

163	130	1401

164	130	1402

165	130	1404

183	130	1460

158	131	1441

159	131	1416

182	131	1431

157	132	1416

182	132	1423

156	133	1436

183	133	1424

157	134	1416

182	134	1423

156	135	1419

182	135	1423

155	136	1446

182	136	1425

155	137	1390

182	137	1428

155	138	1410

182	138	1430

155	139	1408

182	139	1432

155	140	1415

182	140	1433

155	141	1422

181	141	1429

155	142	1417

181	142	1435

155	143	1417

180	143	1434

155	144	1409

180	144	1443

155	145	1414

179	145	1446

155	146	1400

177	146	1436

178	146	1448

156	147	1424

176	147	1440

156	148	1427

176	148	1451

156	149	1439

175	149	1456

156	150	1410

174	150	1460

156	151	1416

173	151	1462

156	152	1431

173	152	1466

156	153	1424

172	153	1461

155	154	1443

172	154	1463

156	155	1427

171	155	1463

156	156	1432

171	156	1471

155	157	1465

171	157	1472

156	158	1438

172	158	1481

155	159	1432

171	159	1475

156	160	1436

171	160	1478

156	161	1437

171	161	1485

155	162	1446

171	162	1485

155	163	1442

171	163	1492

155	164	1447

171	164	1492

155	165	1455

171	165	1497

155	166	1452

171	166	1499

155	167	1456

171	167	1505

155	168	1456

171	168	1508

155	169	1463

171	169	1511

155	170	1461

156	170	1459

157	170	1457

158	170	1456

159	170	1455

160	170	1456

161	170	1454

162	170	1455

163	170	1454

164	170	1457

165	170	1459

166	170	1463

167	170	1467

168	170	1473

169	170	1481

170	170	1495

171	170	1512

