167	94	1225

168	94	1222

169	94	1229

166	95	1224

170	95	1229

166	96	1223

170	96	1226

166	97	1222

170	97	1225

166	98	1222

171	98	1246

166	99	1223

171	99	1248

166	100	1223

170	100	1232

165	101	1238

170	101	1234

165	102	1235

170	102	1237

165	103	1232

170	103	1239

165	104	1229

170	104	1242

164	105	1235

170	105	1247

164	106	1230

170	106	1251

164	107	1218

170	107	1257

159	108	1240

160	108	1229

161	108	1216

162	108	1210

163	108	1205

170	108	1253

158	109	1246

169	109	1238

154	110	1219

155	110	1202

156	110	1200

157	110	1206

169	110	1228

149	111	1238

150	111	1227

151	111	1221

152	111	1222

153	111	1204

169	111	1206

147	112	1202

148	112	1195

170	112	1205

144	113	1224

145	113	1199

146	113	1193

171	113	1208

143	114	1206

172	114	1223

142	115	1212

172	115	1221

140	116	1248

141	116	1219

172	116	1219

140	117	1258

172	117	1216

139	118	1237

172	118	1213

139	119	1203

172	119	1215

140	120	1200

172	120	1218

139	121	1224

173	121	1236

140	122	1214

173	122	1242

139	123	1245

173	123	1240

138	124	1258

173	124	1241

138	125	1251

173	125	1245

139	126	1254

173	126	1248

139	127	1260

173	127	1255

139	128	1278

172	128	1264

173	128	1278

139	129	1281

171	129	1265

139	130	1252

170	130	1256

139	131	1263

169	131	1257

140	132	1226

168	132	1258

139	133	1194

140	133	1212

167	133	1255

141	134	1210

166	134	1257

142	135	1200

165	135	1259

141	136	1210

164	136	1260

140	137	1220

164	137	1264

139	138	1266

163	138	1264

139	139	1284

162	139	1256

140	140	1238

162	140	1265

140	141	1214

161	141	1248

139	142	1219

161	142	1256

139	143	1207

161	143	1263

139	144	1216

161	144	1275

139	145	1228

160	145	1262

138	146	1227

160	146	1269

137	147	1206

139	147	1225

160	147	1279

138	148	1237

160	148	1287

137	149	1218

160	149	1292

137	150	1222

160	150	1281

137	151	1237

138	151	1223

159	151	1283

137	152	1198

139	152	1218

159	152	1290

137	153	1162

138	153	1218

159	153	1290

136	154	1202

159	154	1292

135	155	1229

137	155	1239

159	155	1293

135	156	1242

136	156	1260

138	156	1220

159	156	1302

135	157	1234

137	157	1228

158	157	1291

136	158	1215

158	158	1296

136	159	1198

158	159	1298

135	160	1195

136	160	1212

158	160	1300

137	161	1237

157	161	1288

134	162	1254

135	162	1241

136	162	1234

157	162	1292

133	163	1245

157	163	1295

134	164	1264

157	164	1298

135	165	1248

157	165	1300

135	166	1250

156	166	1284

135	167	1250

156	167	1285

134	168	1257

156	168	1290

133	169	1184

156	169	1294

134	170	1252

156	170	1296

134	171	1254

156	171	1299

134	172	1255

156	172	1300

133	173	1248

156	173	1302

133	174	1248

155	174	1289

132	175	1216

155	175	1293

133	176	1250

155	176	1297

132	177	1224

133	177	1258

134	177	1268

135	177	1268

136	177	1261

137	177	1256

138	177	1253

139	177	1253

140	177	1254

141	177	1252

142	177	1253

143	177	1253

144	177	1253

145	177	1254

146	177	1253

147	177	1255

148	177	1256

149	177	1258

150	177	1261

151	177	1264

152	177	1269

153	177	1278

154	177	1288

155	177	1299

