172	170	2065

173	170	2073

171	171	2075

173	171	2055

171	172	2084

173	172	2054

171	173	2088

173	173	2053

171	174	2068

173	174	2051

171	175	2063

173	175	2047

171	176	2049

174	176	2090

171	177	2039

173	177	2043

171	178	2036

173	178	2046

170	179	2075

173	179	2049

170	180	2062

173	180	2063

170	181	2053

172	181	2047

169	182	2060

172	182	2052

166	183	2030

167	183	2018

168	183	2025

172	183	2061

163	184	2051

164	184	2026

165	184	2014

172	184	2061

162	185	2048

172	185	2060

161	186	2040

172	186	2059

159	187	2119

160	187	2053

172	187	2059

175	187	2028

176	187	2014

177	187	2015

159	188	2090

173	188	2052

174	188	2028

177	188	2017

158	189	2080

176	189	2039

158	190	2056

175	190	2071

158	191	2053

174	191	2077

158	192	2060

173	192	2057

158	193	2077

172	193	2050

159	194	2055

171	194	2055

159	195	2065

170	195	2060

159	196	2079

169	196	2060

159	197	2108

168	197	2063

159	198	2134

168	198	2096

159	199	2130

167	199	2083

159	200	2110

167	200	2089

159	201	2098

167	201	2095

159	202	2095

167	202	2106

159	203	2090

167	203	2118

158	204	2127

167	204	2120

158	205	2115

167	205	2120

158	206	2104

167	206	2118

158	207	2104

167	207	2122

158	208	2102

167	208	2134

158	209	2104

166	209	2111

158	210	2104

166	210	2116

158	211	2106

166	211	2126

158	212	2105

166	212	2130

158	213	2103

166	213	2135

157	214	2134

166	214	2134

157	215	2126

166	215	2133

157	216	2120

166	216	2132

157	217	2117

166	217	2128

157	218	2117

166	218	2127

157	219	2114

166	219	2122

197	219	2136

157	220	2115

166	220	2121

197	220	2132

157	221	2118

158	221	2101

159	221	2090

160	221	2086

161	221	2086

162	221	2090

163	221	2096

164	221	2105

165	221	2112

166	221	2124

197	221	2127

