210	157	1711

210	158	1715

211	158	1717

210	159	1719

211	159	1720

210	160	1720

211	160	1723

210	161	1723

212	161	1726

210	162	1722

212	162	1725

209	163	1723

212	163	1726

209	164	1718

212	164	1727

209	165	1721

212	165	1728

208	166	1719

212	166	1733

208	167	1708

212	167	1736

209	168	1720

212	168	1738

209	169	1715

213	169	1744

207	170	1691

208	170	1692

214	170	1759

206	171	1694

213	171	1750

205	172	1713

213	172	1742

204	173	1723

213	173	1707

203	174	1692

214	174	1710

202	175	1692

214	175	1696

201	176	1692

215	176	1733

199	177	1683

200	177	1680

215	177	1728

197	178	1705

198	178	1695

215	178	1721

197	179	1707

215	179	1716

197	180	1702

216	180	1745

197	181	1698

216	181	1738

196	182	1701

216	182	1741

196	183	1718

216	183	1757

196	184	1740

215	184	1727

196	185	1728

215	185	1741

196	186	1729

215	186	1762

196	187	1709

214	187	1729

197	188	1705

214	188	1747

197	189	1707

214	189	1780

198	190	1715

213	190	1761

198	191	1710

213	191	1802

199	192	1725

212	192	1774

200	193	1730

212	193	1796

201	194	1727

211	194	1761

201	195	1733

211	195	1777

201	196	1734

211	196	1787

201	197	1737

211	197	1796

201	198	1729

210	198	1775

202	199	1735

210	199	1781

202	200	1736

210	200	1785

201	201	1753

210	201	1788

201	202	1750

210	202	1790

201	203	1755

210	203	1792

201	204	1760

210	204	1795

201	205	1770

210	205	1798

201	206	1780

210	206	1800

201	207	1783

210	207	1802

201	208	1790

210	208	1804

201	209	1799

209	209	1795

202	210	1787

209	210	1798

202	211	1790

209	211	1802

202	212	1796

209	212	1804

202	213	1802

203	213	1794

204	213	1792

205	213	1791

206	213	1794

207	213	1796

208	213	1801

