160	140	1490

161	140	1490

160	141	1490

161	141	1492

160	142	1494

161	142	1496

160	143	1495

161	143	1498

160	144	1495

161	144	1495

159	145	1493

161	145	1494

159	146	1491

161	146	1496

159	147	1491

161	147	1497

159	148	1492

161	148	1497

158	149	1492

161	149	1499

158	150	1492

161	150	1502

157	151	1497

161	151	1502

157	152	1497

161	152	1503

157	153	1493

161	153	1506

157	154	1490

160	154	1502

156	155	1490

160	155	1504

153	156	1468

154	156	1477

155	156	1485

160	156	1503

150	157	1463

151	157	1460

152	157	1457

160	157	1505

146	158	1460

147	158	1456

148	158	1459

149	158	1461

159	158	1495

144	159	1489

145	159	1467

159	159	1497

143	160	1470

159	160	1497

142	161	1466

159	161	1507

141	162	1472

159	162	1513

140	163	1482

159	163	1518

140	164	1486

159	164	1519

139	165	1488

159	165	1521

140	166	1488

158	166	1502

140	167	1487

158	167	1497

139	168	1490

158	168	1494

139	169	1492

158	169	1491

139	170	1494

158	170	1491

139	171	1496

158	171	1494

140	172	1498

157	172	1497

140	173	1502

157	173	1515

140	174	1508

156	174	1519

140	175	1512

156	175	1535

141	176	1505

155	176	1535

141	177	1511

154	177	1536

141	178	1520

154	178	1550

141	179	1520

153	179	1541

140	180	1526

153	180	1547

141	181	1522

153	181	1551

141	182	1526

153	182	1559

140	183	1537

152	183	1546

140	184	1536

152	184	1552

140	185	1530

152	185	1557

139	186	1555

152	186	1562

139	187	1531

152	187	1567

139	188	1531

152	188	1571

139	189	1531

152	189	1575

138	190	1526

152	190	1579

138	191	1565

152	191	1585

138	192	1554

151	192	1568

138	193	1550

151	193	1570

138	194	1547

151	194	1575

138	195	1552

151	195	1575

138	196	1553

151	196	1579

137	197	1582

151	197	1584

137	198	1559

151	198	1590

137	199	1558

151	199	1594

137	200	1561

150	200	1578

136	201	1574

150	201	1583

136	202	1576

150	202	1585

136	203	1571

151	203	1593

136	204	1576

150	204	1583

136	205	1577

150	205	1587

136	206	1574

150	206	1588

135	207	1590

150	207	1589

135	208	1590

150	208	1589

193	208	1593

135	209	1585

150	209	1592

192	209	1593

193	209	1591

135	210	1588

150	210	1592

191	210	1594

193	210	1588

135	211	1589

136	211	1583

137	211	1573

138	211	1567

139	211	1563

140	211	1565

141	211	1565

142	211	1567

143	211	1566

144	211	1566

145	211	1568

146	211	1569

147	211	1573

148	211	1578

149	211	1586

150	211	1594

192	211	1591

193	211	1585

