168	98	1306

169	98	1295

170	98	1297

171	98	1308

168	99	1299

172	99	1319

168	100	1295

172	100	1314

168	101	1292

172	101	1316

167	102	1300

172	102	1316

167	103	1300

172	103	1317

167	104	1298

172	104	1318

167	105	1297

172	105	1320

166	106	1291

171	106	1307

166	107	1301

171	107	1314

166	108	1299

171	108	1319

165	109	1289

171	109	1321

161	110	1300

162	110	1291

163	110	1295

165	110	1282

171	110	1325

158	111	1285

159	111	1305

160	111	1287

164	111	1277

171	111	1331

156	112	1276

157	112	1265

170	112	1303

151	113	1268

152	113	1266

153	113	1272

154	113	1273

155	113	1268

170	113	1283

147	114	1272

148	114	1263

149	114	1261

150	114	1257

171	114	1284

145	115	1283

146	115	1270

172	115	1293

145	116	1274

173	116	1307

144	117	1284

173	117	1299

144	118	1275

173	118	1295

143	119	1271

173	119	1295

143	120	1263

173	120	1293

143	121	1264

173	121	1297

142	122	1268

173	122	1298

141	123	1278

173	123	1300

142	124	1265

173	124	1298

142	125	1269

173	125	1299

142	126	1266

174	126	1322

141	127	1237

174	127	1291

141	128	1250

173	128	1328

142	129	1262

172	129	1282

141	130	1253

171	130	1321

140	131	1229

142	131	1254

171	131	1321

142	132	1271

169	132	1318

170	132	1317

140	133	1260

142	133	1292

168	133	1319

143	134	1279

167	134	1318

143	135	1280

166	135	1321

143	136	1283

165	136	1326

142	137	1279

164	137	1321

142	138	1288

164	138	1318

141	139	1249

163	139	1323

140	140	1264

142	140	1272

162	140	1316

140	141	1286

141	141	1266

162	141	1323

140	142	1255

142	142	1277

161	142	1312

140	143	1255

141	143	1255

161	143	1317

140	144	1254

161	144	1325

140	145	1264

161	145	1332

139	146	1216

161	146	1322

139	147	1242

140	147	1282

161	147	1328

139	148	1288

141	148	1278

160	148	1342

139	149	1293

140	149	1286

160	149	1342

140	150	1284

160	150	1337

139	151	1285

160	151	1324

138	152	1277

159	152	1343

138	153	1267

159	153	1348

137	154	1271

138	154	1285

159	154	1349

137	155	1257

139	155	1285

159	155	1353

136	156	1290

138	156	1279

159	156	1356

137	157	1291

159	157	1349

138	158	1295

158	158	1355

137	159	1299

138	159	1295

139	159	1291

140	159	1286

141	159	1285

142	159	1285

143	159	1285

144	159	1284

145	159	1285

146	159	1285

147	159	1285

148	159	1286

149	159	1289

150	159	1291

151	159	1293

152	159	1295

153	159	1300

154	159	1305

155	159	1316

156	159	1328

157	159	1346

158	159	1358

