209	152	1624

210	152	1628

211	152	1632

209	153	1629

211	153	1634

209	154	1633

211	154	1638

209	155	1638

211	155	1643

210	156	1639

211	156	1644

210	157	1639

211	157	1644

210	158	1641

212	158	1651

210	159	1645

212	159	1652

210	160	1648

212	160	1655

210	161	1648

212	161	1652

210	162	1648

213	162	1649

210	163	1648

212	163	1652

209	164	1644

212	164	1655

206	165	1566

209	165	1632

212	165	1658

206	166	1608

207	166	1605

208	166	1601

212	166	1656

204	167	1605

205	167	1603

212	167	1648

204	168	1615

212	168	1626

203	169	1607

213	169	1613

202	170	1602

214	170	1616

215	170	1644

200	171	1612

201	171	1604

215	171	1647

198	172	1599

199	172	1598

215	172	1653

196	173	1595

197	173	1604

215	173	1647

195	174	1615

215	174	1648

195	175	1629

215	175	1644

195	176	1624

215	176	1640

195	177	1621

216	177	1682

194	178	1601

216	178	1684

194	179	1651

215	179	1642

195	180	1619

215	180	1655

195	181	1625

214	181	1636

195	182	1632

214	182	1654

195	183	1636

214	183	1677

195	184	1637

213	184	1655

195	185	1661

213	185	1678

196	186	1641

212	186	1668

197	187	1641

211	187	1666

198	188	1633

211	188	1690

198	189	1644

210	189	1681

198	190	1658

210	190	1696

199	191	1652

210	191	1713

199	192	1658

209	192	1695

199	193	1660

209	193	1709

199	194	1665

209	194	1723

199	195	1671

208	195	1705

199	196	1678

208	196	1714

199	197	1680

208	197	1719

199	198	1675

208	198	1724

199	199	1676

207	199	1706

199	200	1683

207	200	1708

199	201	1685

207	201	1712

199	202	1692

207	202	1716

199	203	1696

207	203	1721

199	204	1707

206	204	1717

199	205	1713

206	205	1723

199	206	1720

205	206	1723

199	207	1723

200	207	1717

201	207	1715

202	207	1718

203	207	1719

204	207	1722

205	207	1724

