164	95	1262

165	95	1265

163	96	1261

166	96	1263

163	97	1255

167	97	1272

163	98	1256

167	98	1268

163	99	1256

167	99	1271

162	100	1255

167	100	1269

162	101	1254

167	101	1270

162	102	1256

167	102	1271

162	103	1259

167	103	1274

162	104	1257

167	104	1274

161	105	1265

167	105	1278

161	106	1262

167	106	1282

161	107	1256

167	107	1273

160	108	1237

166	108	1270

156	109	1276

157	109	1255

158	109	1239

159	109	1234

166	109	1274

154	110	1274

155	110	1264

166	110	1276

151	111	1244

152	111	1227

153	111	1224

166	111	1262

146	112	1246

148	112	1231

149	112	1238

150	112	1229

166	112	1241

143	113	1223

144	113	1225

145	113	1220

147	113	1216

167	113	1240

142	114	1225

168	114	1247

139	115	1220

140	115	1230

141	115	1230

169	115	1257

139	116	1230

169	116	1256

139	117	1231

169	117	1254

138	118	1229

169	118	1249

138	119	1222

169	119	1251

136	120	1249

137	120	1243

169	120	1253

137	121	1226

169	121	1258

137	122	1238

169	122	1257

138	123	1217

169	123	1258

137	124	1221

169	124	1258

136	125	1300

169	125	1260

136	126	1279

169	126	1267

136	127	1270

168	127	1261

136	128	1207

168	128	1275

136	129	1234

167	129	1276

136	130	1229

166	130	1273

136	131	1252

165	131	1269

136	132	1256

137	132	1247

165	132	1279

138	133	1233

164	133	1281

137	134	1266

163	134	1283

136	135	1226

162	135	1288

137	136	1229

161	136	1295

136	137	1221

137	137	1230

160	137	1285

136	138	1271

138	138	1230

160	138	1273

136	139	1275

138	139	1228

159	139	1287

135	140	1249

137	140	1242

158	140	1273

135	141	1213

136	141	1222

158	141	1279

135	142	1198

158	142	1282

136	143	1212

157	143	1278

136	144	1212

157	144	1289

137	145	1232

157	145	1300

137	146	1236

157	146	1309

136	147	1243

157	147	1310

135	148	1230

157	148	1297

135	149	1233

156	149	1308

135	150	1239

156	150	1315

133	151	1247

134	151	1239

156	151	1316

133	152	1198

134	152	1227

156	152	1317

135	153	1249

156	153	1321

134	154	1256

155	154	1313

134	155	1265

155	155	1318

131	156	1262

132	156	1248

135	156	1250

155	156	1322

134	157	1259

155	157	1328

133	158	1266

154	158	1315

133	159	1255

154	159	1317

132	160	1252

154	160	1322

132	161	1260

154	161	1327

132	162	1259

154	162	1328

132	163	1249

154	163	1328

132	164	1253

154	164	1331

132	165	1257

153	165	1318

132	166	1265

153	166	1322

131	167	1264

153	167	1326

131	168	1272

153	168	1333

130	169	1262

152	169	1316

129	170	1288

152	170	1320

129	171	1298

152	171	1322

130	172	1280

152	172	1324

130	173	1281

152	173	1326

130	174	1279

152	174	1328

129	175	1301

130	175	1282

131	175	1280

132	175	1278

133	175	1277

134	175	1273

135	175	1272

136	175	1270

137	175	1269

138	175	1270

139	175	1271

140	175	1273

141	175	1271

142	175	1272

143	175	1273

144	175	1275

145	175	1277

146	175	1281

147	175	1285

148	175	1290

149	175	1296

150	175	1305

151	175	1316

152	175	1331

