170	167	2008

171	167	2020

170	168	1999

171	168	2005

170	169	1996

171	169	1997

170	170	1996

171	170	1994

170	171	1997

171	171	1994

169	172	2027

171	172	1994

169	173	2018

171	173	1997

169	174	2004

171	174	2002

169	175	1998

172	175	2048

168	176	2023

171	176	2008

169	177	1995

171	177	2010

168	178	2013

171	178	2016

167	179	2030

171	179	2024

164	180	1981

165	180	1972

166	180	1975

171	180	2046

161	181	1996

162	181	1976

163	181	1965

170	181	2009

160	182	1980

170	182	2010

158	183	2010

159	183	1978

170	183	2011

158	184	1986

171	184	2036

172	184	2006

157	185	2016

173	185	1964

174	185	1963

175	185	1974

156	186	2015

173	186	1971

156	187	2004

172	187	1984

156	188	2007

172	188	2023

156	189	2013

171	189	2005

156	190	2018

170	190	1992

156	191	2027

170	191	2019

156	192	2033

169	192	2022

156	193	2050

168	193	2031

157	194	2027

167	194	2032

158	195	2023

166	195	2042

157	196	2066

166	196	2070

157	197	2053

165	197	2041

157	198	2037

165	198	2047

157	199	2030

165	199	2056

156	200	2061

165	200	2067

156	201	2054

165	201	2070

156	202	2053

165	202	2075

156	203	2048

164	203	2047

155	204	2088

164	204	2058

155	205	2079

164	205	2062

155	206	2080

164	206	2070

155	207	2077

164	207	2077

155	208	2071

164	208	2086

155	209	2067

164	209	2090

155	210	2064

163	210	2060

155	211	2058

163	211	2064

154	212	2092

163	212	2070

154	213	2088

163	213	2070

154	214	2083

163	214	2069

154	215	2079

163	215	2068

154	216	2077

164	216	2090

154	217	2076

164	217	2086

195	217	2089

154	218	2074

164	218	2085

195	218	2085

154	219	2073

155	219	2050

156	219	2040

157	219	2040

158	219	2042

159	219	2044

160	219	2042

161	219	2048

162	219	2056

163	219	2071

164	219	2086

195	219	2083

