165	161	1898

165	162	1883

165	163	1882

166	163	1890

164	164	1886

166	164	1890

165	165	1884

166	165	1893

164	166	1886

166	166	1892

164	167	1883

165	167	1878

163	168	1900

165	168	1874

163	169	1886

165	169	1873

163	170	1885

165	170	1876

163	171	1882

165	171	1879

163	172	1883

165	172	1886

162	173	1890

165	173	1890

162	174	1886

165	174	1894

160	175	1852

161	175	1874

164	175	1881

156	176	1860

157	176	1851

158	176	1843

159	176	1840

164	176	1885

154	177	1864

155	177	1850

164	177	1886

152	178	1885

153	178	1862

165	178	1908

151	179	1892

165	179	1902

150	180	1923

166	180	1861

167	180	1844

168	180	1842

169	180	1843

149	181	1930

168	181	1851

149	182	1904

167	182	1857

149	183	1900

166	183	1869

149	184	1898

166	184	1894

150	185	1879

165	185	1885

149	186	1907

165	186	1896

149	187	1930

164	187	1892

150	188	1890

163	188	1893

150	189	1900

162	189	1898

150	190	1914

161	190	1904

151	191	1903

160	191	1916

151	192	1919

160	192	1936

150	193	1960

160	193	1946

150	194	1939

160	194	1952

150	195	1927

160	195	1970

150	196	1923

159	196	1936

150	197	1923

159	197	1947

150	198	1920

159	198	1952

149	199	1950

159	199	1958

149	200	1945

159	200	1961

149	201	1940

159	201	1977

149	202	1937

158	202	1948

149	203	1937

158	203	1954

149	204	1940

158	204	1957

148	205	1980

158	205	1960

148	206	1969

158	206	1962

148	207	1963

158	207	1963

148	208	1961

158	208	1971

148	209	1960

157	209	1951

148	210	1954

157	210	1953

148	211	1948

158	211	1980

148	212	1945

158	212	1975

148	213	1950

158	213	1970

148	214	1950

158	214	1970

147	215	1981

158	215	1965

191	215	1981

147	216	1976

158	216	1967

191	216	1977

147	217	1981

148	217	1955

149	217	1941

150	217	1934

151	217	1930

152	217	1932

153	217	1934

154	217	1939

155	217	1943

156	217	1949

157	217	1956

158	217	1967

191	217	1975

