164	133	1374

165	133	1377

166	133	1381

164	134	1375

166	134	1383

164	135	1376

166	135	1385

164	136	1379

166	136	1388

164	137	1378

166	137	1388

164	138	1376

166	138	1388

163	139	1372

166	139	1387

163	140	1376

166	140	1387

163	141	1377

166	141	1387

163	142	1377

166	142	1389

163	143	1377

167	143	1396

162	144	1377

166	144	1396

162	145	1378

166	145	1397

162	146	1377

165	146	1394

161	147	1375

165	147	1395

161	148	1374

165	148	1396

160	149	1375

165	149	1396

156	150	1346

157	150	1349

158	150	1359

160	150	1377

164	150	1395

154	151	1352

155	151	1348

159	151	1364

164	151	1398

151	152	1340

152	152	1343

153	152	1349

164	152	1398

149	153	1349

150	153	1341

165	153	1366

146	154	1358

147	154	1363

148	154	1362

165	154	1347

145	155	1356

165	155	1339

143	156	1339

144	156	1358

165	156	1346

143	157	1358

164	157	1357

142	158	1353

164	158	1376

142	159	1364

163	159	1367

142	160	1363

163	160	1371

142	161	1368

163	161	1379

142	162	1367

163	162	1384

142	163	1370

163	163	1385

142	164	1370

163	164	1385

142	165	1373

163	165	1386

142	166	1372

163	166	1388

142	167	1373

162	167	1383

142	168	1375

162	168	1392

142	169	1377

161	169	1398

142	170	1379

160	170	1399

142	171	1377

159	171	1399

142	172	1417

159	172	1415

142	173	1386

158	173	1419

142	174	1394

157	174	1424

142	175	1397

157	175	1436

142	176	1395

156	176	1436

142	177	1395

156	177	1440

141	178	1418

155	178	1431

142	179	1397

155	179	1438

142	180	1400

155	180	1444

142	181	1402

155	181	1445

141	182	1403

155	182	1446

141	183	1405

155	183	1450

141	184	1408

154	184	1443

140	185	1418

154	185	1449

140	186	1412

154	186	1451

140	187	1417

154	187	1455

141	188	1411

154	188	1455

140	189	1417

154	189	1460

140	190	1420

154	190	1465

140	191	1417

153	191	1461

139	192	1402

153	192	1462

139	193	1408

153	193	1467

139	194	1418

152	194	1455

138	195	1447

152	195	1459

138	196	1434

152	196	1464

138	197	1431

152	197	1465

137	198	1427

152	198	1468

137	199	1437

152	199	1466

137	200	1442

151	200	1457

137	201	1443

151	201	1459

136	202	1435

151	202	1461

136	203	1437

151	203	1462

136	204	1448

151	204	1463

136	205	1449

151	205	1464

136	206	1454

151	206	1466

136	207	1455

151	207	1467

135	208	1458

150	208	1463

135	209	1466

150	209	1464

136	210	1466

137	210	1458

138	210	1454

139	210	1450

140	210	1448

141	210	1449

142	210	1449

143	210	1451

144	210	1451

145	210	1452

146	210	1453

147	210	1454

148	210	1457

149	210	1459

150	210	1466

