211	148	1562

209	149	1539

210	149	1552

212	149	1561

209	150	1548

212	150	1559

209	151	1550

213	151	1571

210	152	1557

213	152	1572

210	153	1561

213	153	1572

211	154	1561

213	154	1569

210	155	1564

214	155	1582

210	156	1563

214	156	1588

210	157	1563

214	157	1589

210	158	1565

214	158	1590

210	159	1571

214	159	1587

211	160	1569

214	160	1590

211	161	1567

214	161	1594

210	162	1562

213	162	1584

208	163	1521

210	163	1557

214	163	1599

207	164	1529

209	164	1537

214	164	1596

206	165	1539

214	165	1580

205	166	1580

214	166	1551

216	166	1552

204	167	1571

215	167	1537

216	167	1546

202	168	1552

203	168	1545

217	168	1557

201	169	1559

217	169	1553

199	170	1536

200	170	1541

217	170	1556

198	171	1547

217	171	1559

197	172	1562

217	172	1560

196	173	1562

218	173	1590

196	174	1555

218	174	1584

196	175	1543

218	175	1580

196	176	1554

218	176	1582

196	177	1557

218	177	1588

196	178	1562

218	178	1604

196	179	1582

217	179	1583

196	180	1570

217	180	1604

196	181	1572

216	181	1578

197	182	1553

216	182	1591

196	183	1600

215	183	1578

197	184	1559

215	184	1602

197	185	1551

214	185	1603

198	186	1583

213	186	1606

199	187	1582

213	187	1626

199	188	1602

213	188	1650

200	189	1590

212	189	1628

200	190	1585

211	190	1620

201	191	1583

211	191	1640

201	192	1591

211	192	1657

201	193	1602

210	193	1643

201	194	1604

210	194	1655

201	195	1604

209	195	1641

200	196	1610

209	196	1646

200	197	1616

209	197	1647

200	198	1620

209	198	1651

200	199	1623

209	199	1657

200	200	1631

208	200	1649

200	201	1642

207	201	1651

208	201	1658

200	202	1645

206	202	1652

200	203	1650

206	203	1658

200	204	1657

201	204	1650

205	204	1657

202	205	1655

204	205	1656

202	206	1659

203	206	1658

