208	134	1304

209	134	1296

210	134	1296

211	134	1298

212	134	1308

207	135	1340

213	135	1339

207	136	1338

213	136	1330

207	137	1337

213	137	1323

207	138	1326

214	138	1364

203	139	1391

208	139	1308

214	139	1358

203	140	1375

204	140	1366

208	140	1307

213	140	1320

204	141	1381

205	141	1349

207	141	1333

213	141	1326

207	142	1337

213	142	1328

208	143	1308

214	143	1360

208	144	1312

214	144	1375

208	145	1314

213	145	1340

208	146	1303

213	146	1355

204	147	1311

205	147	1295

206	147	1298

207	147	1292

213	147	1362

202	148	1306

203	148	1296

213	148	1369

201	149	1385

212	149	1313

201	150	1348

213	150	1336

199	151	1321

200	151	1291

213	151	1277

198	152	1316

214	152	1273

196	153	1331

197	153	1313

215	153	1280

216	153	1312

193	154	1323

194	154	1306

195	154	1296

216	154	1295

192	155	1309

216	155	1296

191	156	1309

216	156	1302

189	157	1375

190	157	1359

216	157	1306

190	158	1320

216	158	1307

190	159	1309

216	159	1306

188	160	1377

189	160	1333

216	160	1303

188	161	1350

217	161	1336

189	162	1326

217	162	1325

189	163	1322

217	163	1330

188	164	1380

216	164	1308

187	165	1376

189	165	1324

216	165	1326

187	166	1387

189	166	1339

215	166	1313

189	167	1374

215	167	1331

189	168	1338

215	168	1356

189	169	1340

214	169	1322

190	170	1305

214	170	1340

190	171	1327

213	171	1326

190	172	1374

213	172	1351

191	173	1336

212	173	1346

190	174	1371

192	174	1326

211	174	1354

192	175	1343

210	175	1349

192	176	1368

210	176	1369

192	177	1389

209	177	1351

193	178	1346

209	178	1371

193	179	1358

209	179	1391

193	180	1366

208	180	1372

193	181	1365

208	181	1385

193	182	1362

207	182	1375

193	183	1363

207	183	1384

193	184	1367

206	184	1377

193	185	1361

206	185	1379

192	186	1382

206	186	1384

191	187	1363

206	187	1387

191	188	1363

205	188	1378

192	189	1357

205	189	1382

192	190	1364

205	190	1388

191	191	1375

205	191	1391

192	192	1374

204	192	1385

191	193	1391

204	193	1391

192	194	1382

203	194	1389

190	195	1383

192	195	1390

193	195	1388

194	195	1377

195	195	1369

196	195	1367

197	195	1370

198	195	1374

199	195	1378

200	195	1381

201	195	1383

202	195	1388

