154	150	1678

155	150	1687

153	151	1676

155	151	1681

153	152	1674

155	152	1677

153	153	1677

155	153	1678

153	154	1677

156	154	1694

152	155	1684

155	155	1682

152	156	1682

156	156	1701

152	157	1680

156	157	1705

152	158	1676

155	158	1685

151	159	1688

155	159	1687

151	160	1683

155	160	1687

151	161	1673

155	161	1689

151	162	1671

154	162	1677

151	163	1667

154	163	1682

149	164	1676

150	164	1678

154	164	1689

147	165	1648

148	165	1654

153	165	1678

143	166	1649

144	166	1650

145	166	1646

146	166	1642

153	166	1676

141	167	1647

142	167	1639

153	167	1663

140	168	1656

153	168	1657

137	169	1682

138	169	1656

139	169	1649

153	169	1669

136	170	1702

153	170	1690

136	171	1679

153	171	1702

136	172	1669

153	172	1702

135	173	1678

152	173	1674

135	174	1683

152	174	1682

135	175	1684

152	175	1682

136	176	1665

152	176	1678

135	177	1691

152	177	1674

136	178	1678

152	178	1679

136	179	1682

151	179	1680

136	180	1683

151	180	1702

136	181	1691

150	181	1706

136	182	1701

149	182	1698

137	183	1694

149	183	1721

137	184	1704

148	184	1719

137	185	1705

148	185	1742

137	186	1696

147	186	1726

137	187	1694

147	187	1732

137	188	1690

147	188	1731

136	189	1701

147	189	1732

135	190	1721

146	190	1716

135	191	1717

146	191	1725

135	192	1714

146	192	1736

135	193	1718

146	193	1743

135	194	1716

146	194	1748

135	195	1714

146	195	1752

134	196	1759

146	196	1756

135	197	1716

146	197	1757

134	198	1737

145	198	1741

134	199	1734

145	199	1746

134	200	1738

145	200	1752

134	201	1740

145	201	1755

134	202	1735

145	202	1759

133	203	1754

145	203	1759

133	204	1743

145	204	1761

133	205	1745

145	205	1760

133	206	1745

145	206	1761

133	207	1747

145	207	1762

133	208	1749

145	208	1763

183	208	1769

132	209	1770

145	209	1763

183	209	1766

132	210	1769

145	210	1762

182	210	1770

183	210	1766

132	211	1768

145	211	1761

182	211	1770

183	211	1766

132	212	1765

145	212	1764

182	212	1769

183	212	1765

132	213	1763

133	213	1743

134	213	1739

135	213	1737

136	213	1738

137	213	1735

138	213	1734

139	213	1734

140	213	1738

141	213	1741

142	213	1745

143	213	1749

144	213	1759

145	213	1768

182	213	1767

183	213	1763

