211	156	1696

210	157	1694

212	157	1707

210	158	1698

212	158	1708

210	159	1705

212	159	1709

211	160	1706

212	160	1709

211	161	1706

212	161	1710

211	162	1704

213	162	1712

211	163	1706

213	163	1710

210	164	1706

213	164	1713

209	165	1728

213	165	1719

210	166	1705

213	166	1723

210	167	1706

213	167	1723

210	168	1704

214	168	1727

208	169	1680

209	169	1683

214	169	1735

207	170	1682

214	170	1743

206	171	1683

214	171	1735

205	172	1679

214	172	1695

204	173	1671

215	173	1713

202	174	1695

203	174	1679

215	174	1694

201	175	1676

215	175	1688

199	176	1670

200	176	1668

216	176	1722

198	177	1694

216	177	1715

197	178	1729

216	178	1710

197	179	1707

216	179	1704

197	180	1690

217	180	1745

197	181	1688

217	181	1745

197	182	1687

216	182	1706

197	183	1685

216	183	1721

197	184	1683

216	184	1743

197	185	1688

215	185	1717

197	186	1694

215	186	1728

197	187	1705

214	187	1707

197	188	1736

214	188	1728

198	189	1711

214	189	1764

198	190	1716

213	190	1755

199	191	1699

213	191	1788

200	192	1723

212	192	1757

201	193	1711

212	193	1778

201	194	1720

211	194	1755

201	195	1725

211	195	1767

201	196	1735

211	196	1774

202	197	1723

211	197	1783

202	198	1726

211	198	1787

201	199	1736

210	199	1764

201	200	1738

210	200	1770

201	201	1738

210	201	1775

201	202	1738

210	202	1778

201	203	1749

210	203	1782

201	204	1754

210	204	1790

201	205	1757

209	205	1777

201	206	1761

209	206	1785

201	207	1771

209	207	1786

201	208	1776

210	208	1793

201	209	1776

210	209	1793

201	210	1776

209	210	1787

201	211	1785

209	211	1793

202	212	1779

208	212	1788

202	213	1789

208	213	1793

202	214	1792

203	214	1785

204	214	1781

205	214	1783

206	214	1785

207	214	1789

208	214	1793

