159	154	1690

160	154	1691

159	155	1684

160	155	1684

158	156	1688

161	156	1695

158	157	1693

161	157	1691

158	158	1683

161	158	1689

158	159	1685

161	159	1689

158	160	1681

161	160	1691

158	161	1676

161	161	1691

158	162	1675

161	162	1689

158	163	1673

161	163	1691

157	164	1682

161	164	1694

157	165	1676

160	165	1681

157	166	1675

161	166	1698

156	167	1690

160	167	1686

155	168	1685

160	168	1690

153	169	1648

154	169	1651

160	169	1692

150	170	1652

151	170	1642

152	170	1636

160	170	1691

148	171	1641

149	171	1636

160	171	1696

146	172	1689

147	172	1648

159	172	1684

145	173	1677

159	173	1684

144	174	1672

160	174	1696

144	175	1665

159	175	1684

143	176	1680

159	176	1692

143	177	1667

159	177	1694

143	178	1665

159	178	1686

142	179	1687

159	179	1673

143	180	1672

159	180	1668

142	181	1696

159	181	1666

143	182	1679

159	182	1670

143	183	1679

159	183	1683

143	184	1683

158	184	1685

143	185	1694

158	185	1709

144	186	1681

157	186	1700

144	187	1690

156	187	1697

144	188	1707

156	188	1719

144	189	1725

155	189	1715

144	190	1723

155	190	1722

144	191	1716

155	191	1728

144	192	1715

154	192	1713

144	193	1710

154	193	1716

144	194	1701

154	194	1720

144	195	1701

154	195	1724

144	196	1704

154	196	1730

144	197	1704

154	197	1732

143	198	1722

154	198	1734

143	199	1719

154	199	1739

143	200	1719

154	200	1745

143	201	1720

154	201	1749

142	202	1755

154	202	1748

143	203	1723

154	203	1751

142	204	1749

154	204	1755

142	205	1752

153	205	1742

142	206	1748

153	206	1743

142	207	1741

154	207	1764

142	208	1738

154	208	1766

142	209	1740

153	209	1748

142	210	1740

153	210	1749

141	211	1765

153	211	1751

141	212	1760

153	212	1752

189	212	1767

141	213	1758

153	213	1752

189	213	1766

141	214	1757

154	214	1763

189	214	1762

141	215	1760

142	215	1735

143	215	1723

144	215	1722

145	215	1724

146	215	1727

147	215	1726

148	215	1728

149	215	1730

150	215	1733

151	215	1737

152	215	1742

153	215	1750

154	215	1761

188	215	1766

189	215	1761

