159	162	1916

160	162	1922

159	163	1904

160	163	1909

159	164	1900

160	164	1903

159	165	1896

160	165	1899

159	166	1894

160	166	1896

158	167	1906

160	167	1896

158	168	1902

160	168	1894

158	169	1901

160	169	1895

158	170	1899

160	170	1898

158	171	1897

160	171	1907

158	172	1897

160	172	1911

157	173	1909

160	173	1912

157	174	1900

160	174	1911

156	175	1906

159	175	1897

153	176	1876

154	176	1867

155	176	1873

159	176	1901

150	177	1871

151	177	1866

152	177	1865

159	177	1902

149	178	1870

160	178	1898

147	179	1902

148	179	1874

160	179	1862

146	180	1905

160	180	1858

145	181	1944

160	181	1890

145	182	1914

159	182	1876

144	183	1922

159	183	1882

144	184	1909

159	184	1887

144	185	1906

159	185	1890

144	186	1910

159	186	1892

144	187	1916

159	187	1897

145	188	1898

159	188	1918

145	189	1906

158	189	1928

145	190	1917

157	190	1929

145	191	1939

156	191	1926

146	192	1929

155	192	1934

146	193	1945

155	193	1960

146	194	1938

155	194	1973

145	195	1954

154	195	1940

145	196	1942

154	196	1948

145	197	1944

154	197	1957

145	198	1941

154	198	1960

145	199	1935

154	199	1969

144	200	1965

154	200	1973

144	201	1955

153	201	1947

144	202	1951

153	202	1958

144	203	1956

153	203	1968

144	204	1957

153	204	1977

144	205	1958

152	205	1951

144	206	1955

152	206	1956

144	207	1950

152	207	1958

143	208	1979

152	208	1964

143	209	1972

152	209	1965

143	210	1971

152	210	1969

143	211	1971

152	211	1970

143	212	1965

152	212	1972

143	213	1960

152	213	1970

143	214	1958

152	214	1969

143	215	1961

152	215	1970

143	216	1960

152	216	1971

143	217	1963

144	217	1951

145	217	1945

146	217	1944

147	217	1944

148	217	1948

149	217	1954

150	217	1959

151	217	1963

152	217	1971

