154	133	1404

155	133	1408

154	134	1403

156	134	1412

154	135	1403

156	135	1412

154	136	1402

156	136	1411

154	137	1404

156	137	1411

154	138	1405

156	138	1411

154	139	1406

156	139	1412

153	140	1405

156	140	1412

153	141	1405

156	141	1411

153	142	1404

156	142	1411

153	143	1405

156	143	1413

152	144	1408

156	144	1418

152	145	1409

155	145	1415

152	146	1409

155	146	1416

152	147	1408

155	147	1417

151	148	1407

155	148	1419

151	149	1405

155	149	1422

147	150	1381

150	150	1407

154	150	1419

144	151	1382

145	151	1378

146	151	1377

148	151	1390

149	151	1403

154	151	1420

140	152	1375

141	152	1373

142	152	1379

143	152	1380

154	152	1423

138	153	1382

139	153	1380

154	153	1412

136	154	1393

137	154	1390

154	154	1387

135	155	1383

154	155	1367

134	156	1385

154	156	1372

133	157	1395

154	157	1398

133	158	1406

153	158	1405

132	159	1414

153	159	1412

132	160	1414

153	160	1413

132	161	1435

153	161	1415

132	162	1412

153	162	1416

132	163	1410

153	163	1414

132	164	1407

152	164	1406

132	165	1412

152	165	1406

132	166	1415

152	166	1409

132	167	1424

152	167	1416

132	168	1450

151	168	1424

133	169	1414

151	169	1441

133	170	1417

150	170	1441

133	171	1424

150	171	1449

133	172	1389

149	172	1454

134	173	1423

148	173	1456

134	174	1429

148	174	1465

134	175	1435

147	175	1457

134	176	1434

147	176	1461

134	177	1427

147	177	1461

133	178	1426

147	178	1468

133	179	1446

147	179	1471

133	180	1450

147	180	1475

133	181	1435

147	181	1480

133	182	1438

147	182	1487

133	183	1441

147	183	1495

132	184	1492

146	184	1477

132	185	1468

146	185	1479

132	186	1455

146	186	1481

132	187	1453

146	187	1483

132	188	1454

146	188	1489

132	189	1460

146	189	1495

132	190	1456

146	190	1502

131	191	1471

146	191	1501

131	192	1450

146	192	1503

132	193	1457

146	193	1505

131	194	1476

145	194	1493

131	195	1477

145	195	1495

131	196	1477

145	196	1495

130	197	1496

145	197	1498

130	198	1486

145	198	1501

130	199	1478

145	199	1501

130	200	1476

145	200	1501

130	201	1477

145	201	1503

130	202	1483

145	202	1505

129	203	1477

145	203	1507

129	204	1485

145	204	1507

129	205	1484

145	205	1506

129	206	1479

145	206	1503

129	207	1487

130	207	1484

131	207	1481

132	207	1479

133	207	1476

134	207	1474

135	207	1474

136	207	1474

137	207	1478

138	207	1480

139	207	1482

140	207	1482

141	207	1482

142	207	1484

143	207	1490

144	207	1495

145	207	1502

