173	113	1443

174	113	1435

172	114	1450

175	114	1429

172	115	1451

175	115	1434

172	116	1453

175	116	1433

172	117	1455

175	117	1435

171	118	1462

174	118	1445

171	119	1460

174	119	1445

171	120	1457

175	120	1434

171	121	1456

174	121	1447

170	122	1463

174	122	1450

170	123	1460

174	123	1447

167	124	1432

168	124	1436

169	124	1448

174	124	1446

165	125	1429

166	125	1426

174	125	1443

162	126	1461

163	126	1437

164	126	1428

174	126	1452

160	127	1414

161	127	1416

174	127	1448

158	128	1421

159	128	1415

174	128	1418

154	129	1419

155	129	1411

156	129	1411

157	129	1415

175	129	1387

152	130	1425

153	130	1419

174	130	1409

150	131	1442

151	131	1426

174	131	1415

149	132	1457

174	132	1418

149	133	1448

174	133	1419

149	134	1445

174	134	1419

149	135	1441

174	135	1421

148	136	1454

174	136	1424

148	137	1445

174	137	1425

148	138	1451

174	138	1428

148	139	1441

174	139	1425

147	140	1467

173	140	1434

148	141	1433

173	141	1435

148	142	1434

172	142	1438

148	143	1441

171	143	1435

149	144	1435

170	144	1444

149	145	1439

170	145	1447

149	146	1448

169	146	1455

149	147	1455

168	147	1462

149	148	1462

167	148	1464

149	149	1474

167	149	1462

149	150	1481

166	150	1464

149	151	1472

166	151	1451

149	152	1473

165	152	1460

149	153	1478

165	153	1468

150	154	1448

165	154	1472

149	155	1461

165	155	1474

149	156	1470

165	156	1475

150	157	1449

165	157	1479

149	158	1470

165	158	1481

150	159	1455

165	159	1484

150	160	1459

166	160	1484

149	161	1467

166	161	1489

150	162	1457

166	162	1497

150	163	1458

166	163	1495

149	164	1503

166	164	1495

150	165	1466

166	165	1505

150	166	1470

166	166	1513

149	167	1479

166	167	1516

150	168	1476

151	168	1469

152	168	1462

153	168	1460

154	168	1459

155	168	1459

156	168	1460

157	168	1459

158	168	1461

159	168	1465

160	168	1469

161	168	1472

162	168	1478

163	168	1484

164	168	1493

165	168	1503

166	168	1515

167	168	1522

