208	156	1610

209	156	1612

210	156	1617

208	157	1609

210	157	1617

207	158	1607

210	158	1617

207	159	1602

211	159	1627

208	160	1610

210	160	1622

208	161	1613

210	161	1623

208	162	1614

210	162	1623

208	163	1616

210	163	1623

208	164	1617

210	164	1627

206	165	1588

207	165	1595

211	165	1635

205	166	1582

211	166	1621

204	167	1581

212	167	1572

203	168	1604

212	168	1585

201	169	1600

202	169	1598

213	169	1578

214	169	1592

200	170	1605

215	170	1617

198	171	1604

199	171	1595

215	171	1624

197	172	1585

215	172	1624

196	173	1585

215	173	1620

195	174	1591

215	174	1622

194	175	1623

215	175	1616

194	176	1621

216	176	1650

194	177	1608

216	177	1644

194	178	1601

216	178	1651

194	179	1596

215	179	1626

194	180	1604

215	180	1649

194	181	1624

214	181	1622

194	182	1608

214	182	1634

195	183	1590

214	183	1649

195	184	1580

213	184	1630

196	185	1598

213	185	1654

196	186	1613

212	186	1653

197	187	1615

211	187	1651

198	188	1613

211	188	1675

198	189	1617

210	189	1655

198	190	1637

210	190	1672

199	191	1629

210	191	1694

199	192	1639

209	192	1680

199	193	1649

209	193	1694

199	194	1660

208	194	1682

199	195	1660

208	195	1690

199	196	1659

208	196	1694

199	197	1657

208	197	1700

199	198	1661

207	198	1686

199	199	1668

207	199	1687

199	200	1670

207	200	1690

199	201	1670

207	201	1697

199	202	1676

200	202	1670

201	202	1670

202	202	1670

203	202	1674

204	202	1679

205	202	1684

206	202	1692

