159	154	1680

160	154	1679

159	155	1675

161	155	1685

159	156	1675

161	156	1680

159	157	1675

161	157	1680

159	158	1673

161	158	1680

159	159	1671

162	159	1694

158	160	1678

162	160	1692

158	161	1679

162	161	1694

158	162	1677

162	162	1702

158	163	1673

161	163	1682

158	164	1669

161	164	1684

157	165	1674

161	165	1684

157	166	1672

161	166	1685

157	167	1671

161	167	1697

156	168	1684

160	168	1682

153	169	1642

154	169	1647

155	169	1665

160	169	1688

150	170	1647

151	170	1641

152	170	1632

160	170	1689

148	171	1645

149	171	1633

160	171	1692

147	172	1658

160	172	1691

146	173	1660

160	173	1695

145	174	1648

160	174	1698

144	175	1661

160	175	1702

144	176	1664

160	176	1698

143	177	1682

160	177	1703

143	178	1674

159	178	1676

143	179	1671

159	179	1672

143	180	1667

159	180	1665

143	181	1666

159	181	1664

143	182	1668

159	182	1668

143	183	1676

159	183	1681

143	184	1687

158	184	1677

143	185	1697

158	185	1698

144	186	1684

157	186	1695

144	187	1689

157	187	1722

144	188	1702

156	188	1710

145	189	1693

156	189	1730

145	190	1696

155	190	1714

144	191	1717

155	191	1721

144	192	1705

155	192	1723

144	193	1702

155	193	1728

144	194	1702

155	194	1733

144	195	1707

155	195	1737

143	196	1735

155	196	1739

143	197	1727

154	197	1722

143	198	1722

154	198	1725

143	199	1724

154	199	1729

143	200	1726

154	200	1730

143	201	1726

154	201	1735

143	202	1721

154	202	1741

143	203	1723

154	203	1747

143	204	1722

154	204	1750

143	205	1721

154	205	1752

143	206	1716

154	206	1755

143	207	1718

154	207	1759

142	208	1747

154	208	1758

142	209	1748

154	209	1757

142	210	1744

154	210	1753

142	211	1742

154	211	1756

142	212	1746

154	212	1755

189	212	1764

142	213	1746

154	213	1756

189	213	1763

142	214	1743

154	214	1756

189	214	1761

142	215	1740

143	215	1727

144	215	1720

145	215	1719

146	215	1718

147	215	1721

148	215	1723

149	215	1727

150	215	1729

151	215	1733

152	215	1738

153	215	1748

154	215	1757

189	215	1760

