170	169	2068

171	169	2071

170	170	2054

172	170	2067

170	171	2052

172	171	2056

170	172	2052

172	172	2051

170	173	2045

172	173	2051

170	174	2042

172	174	2055

170	175	2041

172	175	2055

170	176	2039

172	176	2061

169	177	2054

172	177	2071

169	178	2045

172	178	2090

169	179	2041

171	179	2052

169	180	2040

171	180	2056

168	181	2057

171	181	2061

165	182	2019

166	182	2011

167	182	2023

171	182	2065

162	183	2031

163	183	2019

164	183	2010

171	183	2065

161	184	2029

171	184	2063

159	185	2070

160	185	2028

171	185	2064

159	186	2040

172	186	2064

173	186	2033

174	186	2014

175	186	2012

176	186	2017

158	187	2078

175	187	2023

157	188	2071

174	188	2044

157	189	2053

173	189	2059

157	190	2051

172	190	2048

157	191	2056

172	191	2073

157	192	2066

171	192	2054

157	193	2082

170	193	2056

158	194	2059

169	194	2058

158	195	2067

168	195	2061

158	196	2091

167	196	2067

159	197	2077

167	197	2101

158	198	2120

166	198	2086

158	199	2102

167	199	2128

158	200	2085

166	200	2087

158	201	2080

166	201	2092

157	202	2125

166	202	2104

157	203	2109

166	203	2112

157	204	2100

166	204	2120

157	205	2096

166	205	2122

157	206	2095

166	206	2122

157	207	2093

165	207	2098

157	208	2092

165	208	2106

156	209	2124

165	209	2119

156	210	2123

165	210	2128

156	211	2128

164	211	2098

156	212	2128

164	212	2100

156	213	2123

164	213	2106

156	214	2115

164	214	2106

156	215	2111

164	215	2105

156	216	2107

164	216	2105

156	217	2106

164	217	2110

156	218	2109

164	218	2112

156	219	2110

157	219	2092

158	219	2084

159	219	2079

160	219	2080

161	219	2084

162	219	2092

163	219	2104

164	219	2113

