163	104	1359

162	105	1356

164	105	1360

162	106	1356

165	106	1363

161	107	1354

165	107	1363

161	108	1354

165	108	1364

161	109	1357

165	109	1367

161	110	1360

165	110	1370

160	111	1356

165	111	1373

161	112	1361

164	112	1369

160	113	1362

165	113	1378

160	114	1362

165	114	1379

159	115	1356

165	115	1380

156	116	1346

157	116	1340

158	116	1343

164	116	1374

153	117	1341

154	117	1345

155	117	1344

164	117	1368

150	118	1337

151	118	1329

152	118	1327

164	118	1349

145	119	1324

146	119	1322

147	119	1323

148	119	1330

149	119	1332

165	119	1345

142	120	1325

143	120	1323

144	120	1321

166	120	1343

141	121	1326

166	121	1344

139	122	1340

140	122	1330

167	122	1352

139	123	1340

167	123	1350

139	124	1335

167	124	1350

138	125	1339

167	125	1354

138	126	1336

167	126	1353

138	127	1333

167	127	1356

138	128	1334

167	128	1356

138	129	1329

167	129	1357

137	130	1330

167	130	1358

137	131	1332

166	131	1355

137	132	1342

166	132	1359

137	133	1342

165	133	1361

137	134	1350

164	134	1363

137	135	1378

164	135	1371

137	136	1365

163	136	1366

137	137	1382

162	137	1367

138	138	1345

161	138	1368

138	139	1339

160	139	1370

138	140	1335

159	140	1374

138	141	1339

158	141	1374

138	142	1336

157	142	1370

137	143	1360

157	143	1372

137	144	1356

156	144	1362

137	145	1354

156	145	1366

136	146	1354

155	146	1364

136	147	1330

155	147	1372

136	148	1311

155	148	1380

136	149	1339

154	149	1377

136	150	1345

154	150	1383

135	151	1337

154	151	1392

134	152	1322

154	152	1397

134	153	1345

153	153	1390

134	154	1345

153	154	1391

134	155	1359

153	155	1397

134	156	1358

153	156	1401

135	157	1350

153	157	1402

133	158	1374

134	158	1355

153	158	1404

133	159	1379

152	159	1398

133	160	1363

152	160	1402

133	161	1354

152	161	1408

132	162	1355

152	162	1416

131	163	1363

152	163	1418

132	164	1361

152	164	1421

131	165	1354

151	165	1415

131	166	1354

151	166	1417

131	167	1358

151	167	1423

131	168	1359

151	168	1426

130	169	1359

151	169	1432

130	170	1371

151	170	1436

129	171	1374

151	171	1438

130	172	1374

151	172	1439

130	173	1374

150	173	1425

129	174	1386

150	174	1429

129	175	1388

150	175	1435

129	176	1389

130	176	1378

131	176	1373

132	176	1370

133	176	1369

134	176	1368

135	176	1367

136	176	1367

137	176	1366

138	176	1366

139	176	1366

140	176	1366

141	176	1367

142	176	1371

143	176	1374

144	176	1377

145	176	1380

146	176	1387

147	176	1395

148	176	1404

149	176	1418

150	176	1439

