156	160	1881

157	160	1885

156	161	1862

157	161	1865

156	162	1855

157	162	1855

156	163	1851

157	163	1850

156	164	1848

157	164	1847

156	165	1849

157	165	1851

156	166	1847

157	166	1849

156	167	1844

157	167	1851

155	168	1844

157	168	1852

155	169	1845

157	169	1859

154	170	1855

157	170	1861

154	171	1852

157	171	1864

154	172	1849

156	172	1847

153	173	1865

156	173	1854

151	174	1831

152	174	1843

156	174	1852

148	175	1841

149	175	1822

150	175	1816

156	175	1856

146	176	1823

147	176	1815

156	176	1860

144	177	1854

145	177	1825

156	177	1868

143	178	1849

156	178	1874

142	179	1875

156	179	1868

142	180	1863

156	180	1864

141	181	1869

155	181	1827

141	182	1850

155	182	1834

141	183	1845

156	183	1859

141	184	1848

156	184	1853

141	185	1853

156	185	1851

141	186	1858

156	186	1859

141	187	1866

155	187	1856

141	188	1883

154	188	1859

142	189	1860

154	189	1890

142	190	1872

153	190	1893

142	191	1899

152	191	1897

142	192	1908

152	192	1916

142	193	1893

152	193	1923

142	194	1883

151	194	1896

142	195	1880

151	195	1906

141	196	1924

151	196	1913

142	197	1877

151	197	1916

141	198	1897

151	198	1915

141	199	1892

151	199	1923

141	200	1891

150	200	1904

141	201	1893

150	201	1911

141	202	1894

150	202	1918

140	203	1924

150	203	1924

140	204	1918

150	204	1932

140	205	1914

149	205	1908

140	206	1922

149	206	1909

140	207	1924

149	207	1913

140	208	1923

149	208	1912

140	209	1917

149	209	1917

140	210	1915

149	210	1917

140	211	1910

149	211	1922

140	212	1912

149	212	1923

140	213	1913

149	213	1928

140	214	1916

149	214	1925

140	215	1914

149	215	1927

140	216	1915

141	216	1904

142	216	1901

143	216	1901

144	216	1903

145	216	1904

146	216	1906

147	216	1910

148	216	1918

149	216	1929

