210	131	1306

211	131	1296

212	131	1298

213	131	1315

210	132	1297

214	132	1329

210	133	1296

214	133	1309

210	134	1297

214	134	1303

210	135	1297

214	135	1304

209	136	1325

215	136	1345

208	137	1363

215	137	1331

209	138	1324

215	138	1320

209	139	1327

215	139	1320

209	140	1325

215	140	1320

210	141	1307

215	141	1321

209	142	1325

215	142	1319

209	143	1350

215	143	1322

210	144	1309

215	144	1325

210	145	1313

215	145	1330

210	146	1315

215	146	1338

210	147	1312

215	147	1348

210	148	1311

215	148	1356

210	149	1301

215	149	1362

206	150	1284

207	150	1277

208	150	1281

209	150	1282

215	150	1368

205	151	1285

215	151	1360

203	152	1386

204	152	1309

216	152	1382

201	153	1351

203	153	1312

215	153	1301

201	154	1298

202	154	1283

216	154	1300

198	155	1333

199	155	1313

200	155	1297

217	155	1325

195	156	1325

196	156	1328

197	156	1320

217	156	1296

194	157	1307

217	157	1291

192	158	1308

193	158	1305

217	158	1292

191	159	1354

217	159	1295

191	160	1372

218	160	1340

191	161	1359

218	161	1326

190	162	1364

192	162	1295

218	162	1318

189	163	1383

191	163	1309

218	163	1312

190	164	1379

218	164	1309

190	165	1380

219	165	1357

191	166	1304

218	166	1317

189	167	1342

190	167	1343

218	167	1332

191	168	1304

217	168	1315

189	169	1382

191	169	1312

217	169	1337

189	170	1379

190	170	1368

216	170	1318

191	171	1320

216	171	1336

191	172	1352

215	172	1313

191	173	1367

215	173	1331

191	174	1351

214	174	1323

190	175	1363

214	175	1352

191	176	1376

213	176	1354

192	177	1380

212	177	1357

193	178	1371

194	178	1350

211	178	1351

193	179	1367

195	179	1328

211	179	1373

192	180	1370

194	180	1345

210	180	1357

193	181	1385

210	181	1374

193	182	1379

209	182	1365

194	183	1371

209	183	1376

194	184	1377

208	184	1370

194	185	1346

208	185	1379

193	186	1367

208	186	1386

192	187	1379

207	187	1374

193	188	1352

207	188	1381

192	189	1376

207	189	1385

193	190	1365

206	190	1377

193	191	1367

206	191	1379

193	192	1369

206	192	1384

192	193	1383

205	193	1377

193	194	1380

205	194	1385

193	195	1381

204	195	1384

193	196	1386

194	196	1378

203	196	1385

195	197	1377

202	197	1386

195	198	1381

201	198	1385

195	199	1385

196	199	1381

200	199	1386

197	200	1385

198	200	1386

199	200	1387

190	203	1387

189	204	1372

190	204	1352

