158	137	1460

159	137	1463

158	138	1460

159	138	1462

158	139	1461

159	139	1465

158	140	1460

159	140	1464

158	141	1462

160	141	1465

158	142	1463

160	142	1462

157	143	1465

160	143	1464

157	144	1462

159	144	1463

157	145	1459

159	145	1463

157	146	1458

159	146	1464

157	147	1459

159	147	1467

156	148	1460

159	148	1469

156	149	1463

159	149	1471

155	150	1462

159	150	1473

155	151	1462

159	151	1472

154	152	1454

159	152	1473

153	153	1458

158	153	1468

151	154	1438

152	154	1451

158	154	1471

148	155	1435

149	155	1430

150	155	1431

158	155	1473

144	156	1429

145	156	1429

146	156	1430

147	156	1433

158	156	1473

142	157	1459

143	157	1435

157	157	1451

140	158	1446

141	158	1443

157	158	1431

139	159	1446

157	159	1430

138	160	1456

157	160	1453

138	161	1455

157	161	1474

137	162	1464

157	162	1477

137	163	1463

157	163	1472

137	164	1467

157	164	1475

137	165	1466

157	165	1478

137	166	1466

156	166	1462

137	167	1465

156	167	1460

137	168	1466

156	168	1460

137	169	1466

156	169	1465

137	170	1469

156	170	1476

137	171	1467

155	171	1481

137	172	1480

155	172	1494

137	173	1482

154	173	1493

138	174	1480

153	174	1494

138	175	1480

153	175	1509

138	176	1487

152	176	1508

138	177	1476

152	177	1515

138	178	1490

151	178	1508

138	179	1498

151	179	1512

138	180	1489

151	180	1515

138	181	1486

151	181	1524

137	182	1508

151	182	1531

137	183	1534

150	183	1523

137	184	1498

150	184	1527

137	185	1498

150	185	1530

137	186	1500

150	186	1528

137	187	1499

150	187	1532

136	188	1509

150	188	1535

136	189	1496

150	189	1544

136	190	1506

150	190	1549

136	191	1511

149	191	1538

136	192	1514

149	192	1544

136	193	1512

149	193	1549

135	194	1523

149	194	1554

135	195	1521

149	195	1555

135	196	1531

149	196	1557

135	197	1532

149	197	1557

134	198	1486

149	198	1560

134	199	1507

149	199	1557

134	200	1549

149	200	1558

134	201	1541

149	201	1559

134	202	1536

149	202	1558

134	203	1535

149	203	1559

133	204	1546

149	204	1558

133	205	1552

149	205	1562

133	206	1550

149	206	1563

133	207	1551

148	207	1555

192	207	1562

133	208	1552

148	208	1557

191	208	1563

192	208	1560

132	209	1550

148	209	1561

191	209	1562

192	209	1558

133	210	1552

147	210	1554

191	210	1561

192	210	1557

133	211	1558

134	211	1548

135	211	1541

136	211	1535

137	211	1533

138	211	1532

139	211	1531

140	211	1533

141	211	1534

142	211	1537

143	211	1538

144	211	1540

145	211	1544

146	211	1549

147	211	1558

190	211	1563

191	211	1559

192	211	1554

