160	99	1288

161	99	1286

162	99	1288

160	100	1281

163	100	1296

159	101	1287

163	101	1295

159	102	1285

163	102	1297

159	103	1285

163	103	1296

159	104	1285

163	104	1299

159	105	1284

163	105	1303

158	106	1282

163	106	1306

158	107	1287

163	107	1308

158	108	1288

163	108	1308

157	109	1297

163	109	1310

157	110	1292

163	110	1312

157	111	1278

163	111	1315

153	112	1282

154	112	1273

155	112	1270

156	112	1271

162	112	1308

150	113	1277

151	113	1278

152	113	1272

162	113	1300

147	114	1260

148	114	1253

149	114	1255

162	114	1279

141	115	1253

142	115	1258

143	115	1255

144	115	1255

145	115	1258

146	115	1259

163	115	1278

138	116	1274

139	116	1262

140	116	1254

164	116	1280

137	117	1269

165	117	1291

136	118	1283

165	118	1285

134	119	1228

135	119	1239

165	119	1283

135	120	1262

165	120	1281

134	121	1290

165	121	1281

135	122	1257

165	122	1282

134	123	1271

165	123	1283

134	124	1261

165	124	1282

132	125	1214

133	125	1269

165	125	1285

133	126	1240

165	126	1285

134	127	1265

165	127	1287

134	128	1264

165	128	1292

134	129	1257

165	129	1306

134	130	1259

164	130	1303

134	131	1265

163	131	1302

134	132	1282

163	132	1298

134	133	1290

162	133	1305

135	134	1261

161	134	1308

133	135	1255

134	135	1296

160	135	1309

134	136	1327

159	136	1307

134	137	1306

158	137	1309

134	138	1268

157	138	1313

134	139	1278

156	139	1305

134	140	1307

155	140	1298

134	141	1305

155	141	1307

133	142	1248

154	142	1303

133	143	1236

154	143	1310

133	144	1297

153	144	1303

132	145	1271

134	145	1272

153	145	1312

131	146	1260

133	146	1263

153	146	1320

131	147	1297

132	147	1261

153	147	1326

131	148	1315

133	148	1278

153	148	1334

131	149	1347

132	149	1304

152	149	1331

132	150	1279

152	150	1336

131	151	1292

152	151	1340

131	152	1273

152	152	1344

130	153	1307

152	153	1347

130	154	1290

131	154	1283

152	154	1349

129	155	1274

130	155	1301

132	155	1277

151	155	1339

129	156	1258

131	156	1284

151	156	1342

131	157	1277

151	157	1345

131	158	1276

151	158	1351

129	159	1299

130	159	1276

150	159	1343

129	160	1306

150	160	1348

128	161	1329

150	161	1348

127	162	1244

128	162	1301

150	162	1349

129	163	1290

150	163	1356

128	164	1299

150	164	1362

128	165	1303

150	165	1364

128	166	1301

150	166	1365

128	167	1297

149	167	1356

127	168	1280

149	168	1361

127	169	1287

149	169	1364

127	170	1297

148	170	1348

127	171	1300

148	171	1349

126	172	1317

148	172	1351

126	173	1312

148	173	1356

126	174	1314

148	174	1361

125	175	1322

126	175	1316

127	175	1313

128	175	1311

129	175	1308

130	175	1306

131	175	1300

132	175	1298

133	175	1298

134	175	1298

135	175	1298

136	175	1297

137	175	1298

138	175	1299

139	175	1302

140	175	1304

141	175	1306

142	175	1307

143	175	1312

144	175	1315

145	175	1322

146	175	1331

147	175	1347

