217	134	1356

218	134	1341

219	134	1343

217	135	1338

220	135	1347

217	136	1334

221	136	1361

217	137	1336

221	137	1355

216	138	1377

221	138	1355

216	139	1364

221	139	1357

216	140	1344

221	140	1357

216	141	1380

222	141	1381

217	142	1352

222	142	1370

216	143	1386

222	143	1367

214	144	1424

215	144	1415

222	144	1363

216	145	1374

222	145	1364

217	146	1351

222	146	1365

217	147	1352

222	147	1372

217	148	1356

222	148	1379

217	149	1359

222	149	1387

217	150	1356

222	150	1393

217	151	1353

222	151	1399

215	152	1381

216	152	1354

222	152	1402

213	153	1364

214	153	1336

222	153	1388

212	154	1403

222	154	1356

211	155	1425

222	155	1326

210	156	1410

223	156	1329

209	157	1350

224	157	1331

207	158	1363

208	158	1345

225	158	1343

205	159	1379

206	159	1341

225	159	1328

203	160	1366

204	160	1345

226	160	1362

202	161	1352

226	161	1358

201	162	1360

226	162	1360

200	163	1410

226	163	1362

200	164	1404

226	164	1357

200	165	1382

226	165	1350

199	166	1377

227	166	1390

199	167	1381

227	167	1385

200	168	1367

226	168	1354

200	169	1378

226	169	1370

200	170	1350

225	170	1356

200	171	1357

225	171	1373

200	172	1374

224	172	1354

198	173	1412

199	173	1438

224	173	1366

199	174	1433

200	174	1414

224	174	1381

201	175	1343

223	175	1363

201	176	1371

223	176	1386

202	177	1348

222	177	1385

202	178	1376

221	178	1391

202	179	1399

220	179	1390

203	180	1416

220	180	1418

203	181	1407

219	181	1400

203	182	1437

219	182	1422

203	183	1397

218	183	1411

202	184	1436

218	184	1436

202	185	1433

217	185	1423

202	186	1435

216	186	1416

200	187	1386

201	187	1422

216	187	1429

200	188	1419

201	188	1405

216	188	1436

202	189	1421

215	189	1420

202	190	1389

215	190	1425

201	191	1430

215	191	1432

201	192	1423

215	192	1437

201	193	1415

214	193	1428

200	194	1423

214	194	1432

200	195	1417

214	195	1437

201	196	1437

213	196	1435

202	197	1438

211	197	1433

212	197	1437

203	198	1433

210	198	1434

203	199	1435

210	199	1438

203	200	1438

204	200	1434

209	200	1436

205	201	1434

206	201	1434

207	201	1436

208	201	1438

