195	128	1304

196	128	1291

197	128	1293

198	128	1304

195	129	1289

199	129	1305

195	130	1284

199	130	1302

194	131	1314

200	131	1321

194	132	1311

200	132	1310

193	133	1369

194	133	1325

200	133	1303

195	134	1310

201	134	1314

202	134	1359

196	135	1295

202	135	1329

196	136	1302

202	136	1299

196	137	1301

202	137	1313

195	138	1343

202	138	1311

196	139	1327

203	139	1333

197	140	1308

203	140	1330

197	141	1322

203	141	1324

198	142	1304

203	142	1321

198	143	1309

203	143	1323

198	144	1317

203	144	1327

199	145	1295

203	145	1328

199	146	1282

203	146	1326

195	147	1306

196	147	1287

197	147	1282

198	147	1272

203	147	1314

194	148	1303

204	148	1318

194	149	1272

204	149	1276

193	150	1320

205	150	1266

206	150	1281

191	151	1379

192	151	1357

207	151	1276

191	152	1320

208	152	1283

190	153	1310

208	153	1279

188	154	1322

189	154	1306

208	154	1279

187	155	1333

209	155	1302

186	156	1305

209	156	1294

185	157	1312

210	157	1310

185	158	1289

211	158	1328

184	159	1285

211	159	1305

183	160	1296

212	160	1345

183	161	1318

211	161	1306

182	162	1337

211	162	1314

183	163	1322

211	163	1323

183	164	1330

211	164	1340

183	165	1315

211	165	1357

183	166	1327

210	166	1323

183	167	1340

210	167	1333

183	168	1331

210	168	1342

184	169	1320

210	169	1356

184	170	1329

209	170	1331

184	171	1348

209	171	1350

185	172	1316

208	172	1343

185	173	1330

208	173	1368

186	174	1309

207	174	1353

186	175	1342

207	175	1365

187	176	1312

207	176	1384

188	177	1366

206	177	1364

189	178	1369

206	178	1378

189	179	1386

205	179	1360

189	180	1359

205	180	1368

188	181	1349

189	181	1353

205	181	1377

190	182	1354

204	182	1368

190	183	1353

204	183	1376

190	184	1359

204	184	1378

191	185	1356

204	185	1381

190	186	1374

204	186	1381

190	187	1366

204	187	1383

189	188	1382

204	188	1383

190	189	1355

203	189	1374

190	190	1365

203	190	1379

190	191	1353

203	191	1384

190	192	1350

202	192	1376

190	193	1354

202	193	1380

190	194	1367

202	194	1385

191	195	1369

201	195	1385

190	196	1360

200	196	1382

190	197	1373

191	197	1381

192	197	1382

200	197	1384

189	198	1335

193	198	1385

199	198	1384

188	199	1338

189	199	1373

194	199	1385

195	199	1383

197	199	1384

198	199	1386

189	200	1383

196	200	1386

189	205	1379

