129	117	1501

130	117	1506

131	117	1515

129	118	1491

132	118	1518

130	119	1506

133	119	1524

130	120	1503

133	120	1519

130	121	1478

134	121	1522

130	122	1464

131	122	1503

134	122	1516

132	123	1505

135	123	1521

131	124	1494

135	124	1509

132	125	1493

136	125	1508

131	126	1519

136	126	1490

131	127	1465

137	127	1480

138	127	1483

131	128	1479

139	128	1482

140	128	1485

130	129	1477

141	129	1485

128	130	1489

129	130	1477

142	130	1493

127	131	1463

142	131	1490

126	132	1468

143	132	1496

126	133	1460

143	133	1490

124	134	1451

125	134	1476

144	134	1497

123	135	1475

144	135	1493

122	136	1490

144	136	1491

122	137	1473

144	137	1490

121	138	1476

144	138	1490

121	139	1462

144	139	1492

121	140	1428

144	140	1495

121	141	1461

144	141	1496

122	142	1478

144	142	1495

123	143	1475

144	143	1497

123	144	1474

144	144	1506

122	145	1467

144	145	1511

122	146	1462

123	146	1471

143	146	1502

124	147	1468

143	147	1504

124	148	1463

143	148	1506

124	149	1438

143	149	1505

124	150	1437

125	150	1447

143	150	1505

126	151	1473

144	151	1514

127	152	1473

144	152	1513

127	153	1439

144	153	1514

128	154	1428

145	154	1528

129	155	1468

145	155	1530

129	156	1466

145	156	1529

129	157	1453

130	157	1477

146	157	1546

131	158	1477

146	158	1539

130	159	1423

146	159	1537

131	160	1475

147	160	1542

131	161	1480

147	161	1542

131	162	1445

148	162	1563

132	163	1487

148	163	1556

132	164	1486

148	164	1548

131	165	1454

149	165	1561

132	166	1473

149	166	1559

132	167	1471

149	167	1554

132	168	1436

150	168	1567

133	169	1484

150	169	1558

133	170	1502

151	170	1568

134	171	1508

151	171	1565

134	172	1512

151	172	1563

134	173	1510

151	173	1563

135	174	1516

152	174	1575

135	175	1522

152	175	1567

135	176	1519

153	176	1575

136	177	1519

153	177	1570

135	178	1520

153	178	1566

136	179	1528

154	179	1575

136	180	1514

154	180	1568

137	181	1536

138	181	1525

139	181	1523

140	181	1521

141	181	1522

142	181	1520

143	181	1521

144	181	1521

145	181	1522

146	181	1523

147	181	1523

148	181	1526

149	181	1531

150	181	1539

151	181	1546

152	181	1554

153	181	1560

154	181	1568

