160	154	1686

159	155	1677

161	155	1682

159	156	1671

161	156	1675

159	157	1672

161	157	1674

159	158	1675

162	158	1699

158	159	1702

162	159	1692

158	160	1687

162	160	1693

158	161	1678

162	161	1699

158	162	1672

162	162	1699

158	163	1673

161	163	1683

157	164	1682

161	164	1683

157	165	1678

161	165	1682

157	166	1670

161	166	1682

157	167	1668

161	167	1690

156	168	1661

161	168	1702

153	169	1639

154	169	1645

155	169	1657

160	169	1683

150	170	1645

151	170	1635

152	170	1635

160	170	1684

148	171	1643

149	171	1635

160	171	1686

147	172	1645

160	172	1684

146	173	1647

160	173	1690

145	174	1647

160	174	1694

144	175	1660

160	175	1702

143	176	1678

160	176	1702

143	177	1675

159	177	1685

143	178	1669

159	178	1683

142	179	1692

160	179	1703

143	180	1670

159	180	1665

142	181	1727

159	181	1666

142	182	1696

159	182	1672

143	183	1679

159	183	1687

143	184	1688

158	184	1680

144	185	1670

158	185	1704

144	186	1672

157	186	1695

144	187	1680

157	187	1713

144	188	1699

156	188	1710

145	189	1696

156	189	1727

145	190	1700

155	190	1710

144	191	1712

155	191	1711

144	192	1717

155	192	1716

144	193	1714

155	193	1724

144	194	1718

155	194	1731

144	195	1711

155	195	1730

144	196	1707

155	196	1734

144	197	1703

155	197	1735

143	198	1731

155	198	1743

143	199	1715

154	199	1726

143	200	1714

154	200	1730

143	201	1719

154	201	1733

143	202	1718

154	202	1736

143	203	1719

154	203	1740

143	204	1719

154	204	1743

143	205	1723

154	205	1746

143	206	1723

154	206	1750

143	207	1725

154	207	1756

142	208	1757

154	208	1757

142	209	1751

154	209	1757

142	210	1745

154	210	1754

142	211	1742

154	211	1755

142	212	1736

154	212	1754

142	213	1742

154	213	1755

189	213	1762

142	214	1743

154	214	1752

189	214	1760

142	215	1747

154	215	1751

189	215	1759

142	216	1746

143	216	1733

144	216	1725

145	216	1721

146	216	1720

147	216	1721

148	216	1721

149	216	1725

150	216	1728

151	216	1731

152	216	1733

153	216	1739

154	216	1748

155	216	1760

189	216	1756

