216	136	1386

217	136	1371

218	136	1381

215	137	1381

219	137	1386

215	138	1361

219	138	1376

214	139	1405

220	139	1395

215	140	1383

220	140	1393

216	141	1364

220	141	1390

215	142	1387

220	142	1386

215	143	1391

220	143	1384

215	144	1387

220	144	1384

215	145	1391

220	145	1385

216	146	1370

220	146	1386

216	147	1373

220	147	1388

216	148	1376

220	148	1390

216	149	1376

220	149	1394

216	150	1378

220	150	1395

216	151	1378

220	151	1397

216	152	1379

220	152	1402

216	153	1378

220	153	1406

213	154	1378

215	154	1369

220	154	1404

212	155	1359

214	155	1345

220	155	1391

211	156	1368

220	156	1362

209	157	1391

210	157	1381

221	157	1369

208	158	1385

222	158	1379

205	159	1401

206	159	1390

207	159	1366

223	159	1381

205	160	1375

223	160	1353

203	161	1392

204	161	1372

224	161	1376

201	162	1390

202	162	1367

224	162	1374

200	163	1382

224	163	1377

199	164	1423

224	164	1380

199	165	1396

224	165	1379

199	166	1366

224	166	1376

199	167	1362

225	167	1410

199	168	1360

225	168	1402

198	169	1427

225	169	1407

198	170	1454

224	170	1383

198	171	1411

224	171	1400

198	172	1421

223	172	1383

198	173	1410

223	173	1400

198	174	1401

222	174	1378

199	175	1386

222	175	1391

199	176	1397

222	176	1408

200	177	1370

221	177	1396

200	178	1401

220	178	1398

200	179	1434

219	179	1405

201	180	1399

219	180	1440

201	181	1413

218	181	1429

201	182	1434

218	182	1450

201	183	1420

217	183	1431

201	184	1441

217	184	1458

202	185	1402

216	185	1442

201	186	1409

216	186	1463

200	187	1445

215	187	1454

201	188	1431

214	188	1448

200	189	1421

214	189	1455

200	190	1441

214	190	1459

200	191	1435

213	191	1448

200	192	1440

213	192	1454

200	193	1436

213	193	1459

200	194	1437

213	194	1464

200	195	1436

212	195	1455

199	196	1453

211	196	1457

199	197	1456

211	197	1464

198	198	1462

210	198	1461

198	199	1457

199	199	1460

209	199	1461

200	200	1464

208	200	1461

201	201	1462

207	201	1461

202	202	1458

206	202	1461

202	203	1463

203	203	1460

204	203	1461

205	203	1464

