172	123	1519

173	123	1520

171	124	1521

174	124	1524

171	125	1523

174	125	1529

171	126	1521

174	126	1532

171	127	1522

174	127	1536

170	128	1519

174	128	1536

169	129	1489

174	129	1542

169	130	1520

174	130	1546

169	131	1523

173	131	1544

166	132	1504

167	132	1496

168	132	1501

173	132	1544

165	133	1488

173	133	1531

162	134	1481

163	134	1487

164	134	1494

173	134	1505

157	135	1483

158	135	1483

159	135	1484

160	135	1481

161	135	1481

173	135	1498

153	136	1495

154	136	1488

155	136	1485

156	136	1481

174	136	1502

152	137	1488

174	137	1501

151	138	1490

174	138	1505

150	139	1513

175	139	1512

150	140	1495

175	140	1514

150	141	1492

175	141	1512

150	142	1487

175	142	1513

150	143	1485

175	143	1515

149	144	1424

174	144	1513

150	145	1478

174	145	1514

149	146	1505

174	146	1515

149	147	1487

174	147	1520

149	148	1498

173	148	1523

150	149	1483

172	149	1522

150	150	1483

171	150	1516

150	151	1485

170	151	1518

150	152	1501

169	152	1522

150	153	1491

169	153	1537

149	154	1483

168	154	1543

150	155	1482

167	155	1538

149	156	1498

166	156	1528

149	157	1493

165	157	1521

149	158	1483

165	158	1530

149	159	1480

164	159	1527

149	160	1486

164	160	1535

148	161	1479

164	161	1545

147	162	1493

164	162	1555

148	163	1492

163	163	1548

147	164	1465

163	164	1551

147	165	1489

163	165	1554

147	166	1495

162	166	1546

146	167	1450

162	167	1554

146	168	1502

162	168	1563

146	169	1502

162	169	1566

145	170	1479

162	170	1572

145	171	1495

162	171	1581

145	172	1507

161	172	1568

144	173	1500

145	173	1507

146	173	1503

147	173	1502

148	173	1503

149	173	1504

150	173	1504

151	173	1505

152	173	1505

153	173	1506

154	173	1506

155	173	1507

156	173	1510

157	173	1517

158	173	1524

159	173	1534

160	173	1548

161	173	1569

