209	156	1585

210	156	1588

211	156	1592

212	156	1598

209	157	1586

212	157	1598

209	158	1588

212	158	1600

209	159	1588

212	159	1603

210	160	1590

212	160	1605

210	161	1593

213	161	1612

210	162	1592

213	162	1612

210	163	1593

213	163	1616

209	164	1580

213	164	1614

206	165	1580

207	165	1564

208	165	1563

213	165	1619

205	166	1579

213	166	1610

204	167	1602

213	167	1581

204	168	1565

214	168	1565

202	169	1584

203	169	1562

215	169	1567

216	169	1603

200	170	1579

201	170	1578

216	170	1586

198	171	1549

199	171	1558

216	171	1585

197	172	1567

216	172	1588

196	173	1565

216	173	1594

196	174	1564

216	174	1593

195	175	1561

216	175	1589

195	176	1555

217	176	1618

195	177	1563

217	177	1617

195	178	1576

217	178	1631

195	179	1586

216	179	1607

195	180	1593

216	180	1623

195	181	1580

215	181	1600

195	182	1567

215	182	1611

196	183	1573

215	183	1627

196	184	1580

214	184	1612

196	185	1592

213	185	1613

196	186	1604

213	186	1641

197	187	1607

212	187	1637

197	188	1602

198	188	1588

212	188	1663

199	189	1603

211	189	1647

199	190	1612

211	190	1666

200	191	1613

210	191	1649

200	192	1616

210	192	1670

200	193	1618

209	193	1659

199	194	1645

209	194	1671

200	195	1634

209	195	1677

200	196	1640

208	196	1663

200	197	1639

208	197	1668

200	198	1644

208	198	1672

199	199	1661

208	199	1677

199	200	1663

207	200	1670

199	201	1661

200	201	1653

201	201	1649

202	201	1650

203	201	1652

204	201	1656

205	201	1658

206	201	1666

207	201	1676

