204	133	1292

205	133	1274

206	133	1271

207	133	1272

208	133	1279

209	133	1291

204	134	1293

209	134	1290

204	135	1288

209	135	1286

204	136	1290

210	136	1314

204	137	1290

210	137	1305

204	138	1292

211	138	1355

204	139	1287

210	139	1317

201	140	1355

203	140	1326

210	140	1326

204	141	1288

210	141	1321

204	142	1298

210	142	1310

205	143	1283

210	143	1314

205	144	1282

210	144	1344

205	145	1271

209	145	1309

200	146	1267

201	146	1252

202	146	1254

203	146	1257

204	146	1251

209	146	1312

199	147	1268

209	147	1309

198	148	1295

209	148	1300

196	149	1332

197	149	1302

209	149	1272

195	150	1281

210	150	1261

193	151	1317

194	151	1280

211	151	1260

192	152	1293

212	152	1270

189	153	1288

190	153	1272

191	153	1258

212	153	1263

187	154	1288

188	154	1276

212	154	1263

187	155	1274

213	155	1311

186	156	1318

213	156	1300

184	157	1361

186	157	1304

213	157	1294

186	158	1292

213	158	1289

184	159	1291

185	159	1295

213	159	1284

185	160	1302

214	160	1326

185	161	1329

214	161	1325

185	162	1315

213	162	1289

185	163	1298

213	163	1302

185	164	1284

212	164	1289

185	165	1299

212	165	1306

184	166	1310

211	166	1290

185	167	1345

211	167	1304

186	168	1301

211	168	1321

186	169	1306

210	169	1303

186	170	1316

210	170	1322

186	171	1345

209	171	1309

187	172	1310

209	172	1335

187	173	1330

208	173	1339

188	174	1356

207	174	1340

188	175	1351

207	175	1364

188	176	1358

206	176	1349

189	177	1350

205	177	1336

189	178	1355

205	178	1350

189	179	1333

205	179	1362

190	180	1327

204	180	1351

190	181	1326

204	181	1364

189	182	1338

203	182	1356

189	183	1337

203	183	1361

189	184	1348

202	184	1353

188	185	1348

202	185	1356

188	186	1358

202	186	1356

189	187	1349

202	187	1362

189	188	1351

202	188	1364

188	189	1344

201	189	1356

187	190	1347

201	190	1360

188	191	1333

189	191	1346

190	191	1354

191	191	1348

192	191	1342

193	191	1339

194	191	1340

195	191	1341

196	191	1343

197	191	1345

198	191	1349

199	191	1354

200	191	1358

