169	168	2028

170	168	2037

169	169	2023

170	169	2023

169	170	2021

170	170	2016

169	171	2019

171	171	2027

169	172	2015

171	172	2024

169	173	2016

171	173	2022

169	174	2014

171	174	2023

168	175	2032

171	175	2025

168	176	2013

170	176	2012

168	177	2006

170	177	2020

168	178	2008

170	178	2027

167	179	2047

170	179	2027

166	180	2019

170	180	2030

163	181	2015

164	181	1989

165	181	1982

170	181	2033

161	182	1991

162	182	1980

170	182	2038

160	183	1990

170	183	2039

159	184	1993

170	184	2030

158	185	1998

171	185	2011

172	185	1986

173	185	1981

174	185	1986

175	185	2016

157	186	2026

173	186	1992

156	187	2035

173	187	2034

156	188	2017

172	188	2039

156	189	2011

171	189	2021

156	190	2016

171	190	2035

156	191	2023

170	191	2016

156	192	2030

169	192	2013

156	193	2040

168	193	2021

156	194	2059

167	194	2030

157	195	2040

166	195	2039

157	196	2067

165	196	2047

157	197	2074

165	197	2067

157	198	2060

165	198	2068

157	199	2045

165	199	2073

156	200	2084

165	200	2081

156	201	2073

165	201	2088

156	202	2064

164	202	2057

156	203	2061

164	203	2063

156	204	2058

164	204	2076

155	205	2092

164	205	2084

155	206	2079

164	206	2090

155	207	2076

164	207	2093

155	208	2078

163	208	2069

155	209	2080

163	209	2073

155	210	2084

163	210	2076

155	211	2084

163	211	2078

155	212	2080

163	212	2088

155	213	2076

163	213	2088

155	214	2075

163	214	2087

155	215	2071

163	215	2086

155	216	2069

163	216	2086

154	217	2094

163	217	2085

154	218	2093

163	218	2084

155	219	2070

156	219	2057

157	219	2053

158	219	2053

159	219	2052

160	219	2055

161	219	2061

162	219	2072

163	219	2084

