181	113	1435

182	113	1438

180	114	1430

182	114	1432

180	115	1429

183	115	1440

179	116	1429

183	116	1440

178	117	1415

183	117	1444

178	118	1430

183	118	1449

178	119	1429

182	119	1448

177	120	1430

182	120	1453

177	121	1432

182	121	1454

176	122	1430

182	122	1439

174	123	1416

176	123	1436

181	123	1452

172	124	1412

173	124	1407

175	124	1417

181	124	1459

169	125	1417

170	125	1408

171	125	1411

180	125	1453

166	126	1398

167	126	1405

168	126	1413

180	126	1454

163	127	1412

164	127	1402

165	127	1398

180	127	1456

158	128	1396

159	128	1391

160	128	1390

161	128	1396

162	128	1402

180	128	1451

156	129	1410

157	129	1408

180	129	1433

155	130	1418

181	130	1422

154	131	1389

180	131	1417

154	132	1407

180	132	1421

153	133	1393

180	133	1421

153	134	1411

180	134	1424

153	135	1410

180	135	1423

153	136	1410

180	136	1428

152	137	1454

179	137	1424

153	138	1406

179	138	1425

152	139	1417

179	139	1430

152	140	1414

179	140	1436

152	141	1401

178	141	1437

152	142	1405

177	142	1436

153	143	1424

176	143	1436

177	143	1446

153	144	1431

175	144	1437

154	145	1417

174	145	1435

154	146	1412

173	146	1439

153	147	1394

172	147	1449

153	148	1404

172	148	1469

153	149	1448

171	149	1468

153	150	1381

170	150	1455

153	151	1400

170	151	1462

153	152	1438

169	152	1457

153	153	1438

169	153	1463

153	154	1425

169	154	1470

153	155	1416

169	155	1480

153	156	1427

169	156	1485

153	157	1433

169	157	1490

153	158	1416

169	158	1490

153	159	1422

169	159	1491

153	160	1432

169	160	1489

153	161	1438

169	161	1489

152	162	1463

169	162	1489

153	163	1445

169	163	1493

152	164	1461

169	164	1502

152	165	1434

169	165	1508

152	166	1433

169	166	1507

152	167	1443

169	167	1505

152	168	1455

168	168	1497

152	169	1457

168	169	1499

152	170	1459

168	170	1500

152	171	1467

168	171	1503

152	172	1466

168	172	1505

152	173	1464

168	173	1509

151	174	1462

168	174	1509

151	175	1467

168	175	1510

151	176	1474

168	176	1510

151	177	1473

167	177	1496

151	178	1485

167	178	1497

151	179	1481

167	179	1502

152	180	1485

167	180	1507

152	181	1493

167	181	1509

152	182	1491

166	182	1502

152	183	1501

166	183	1505

152	184	1508

166	184	1509

153	185	1503

166	185	1510

152	186	1510

153	186	1505

154	186	1501

155	186	1497

156	186	1495

157	186	1493

158	186	1493

159	186	1494

160	186	1495

161	186	1494

162	186	1494

163	186	1498

164	186	1504

165	186	1508

