177	115	1437

178	115	1436

179	115	1437

177	116	1439

179	116	1438

176	117	1438

180	117	1442

176	118	1438

180	118	1442

176	119	1441

180	119	1443

176	120	1442

180	120	1448

176	121	1442

180	121	1444

176	122	1443

179	122	1444

175	123	1446

179	123	1449

174	124	1457

179	124	1450

172	125	1449

173	125	1452

179	125	1450

171	126	1433

179	126	1447

170	127	1427

179	127	1444

167	128	1409

168	128	1409

169	128	1413

179	128	1430

165	129	1416

166	129	1410

180	129	1425

181	129	1427

161	130	1407

162	130	1409

163	130	1412

164	130	1414

181	130	1422

158	131	1418

159	131	1410

160	131	1405

182	131	1423

156	132	1441

157	132	1423

182	132	1421

156	133	1432

182	133	1421

155	134	1444

182	134	1423

155	135	1426

182	135	1426

155	136	1421

182	136	1430

154	137	1441

182	137	1432

154	138	1447

182	138	1434

154	139	1428

182	139	1435

154	140	1426

181	140	1431

154	141	1428

181	141	1435

154	142	1427

180	142	1438

154	143	1430

179	143	1438

155	144	1416

179	144	1441

155	145	1423

178	145	1438

155	146	1426

177	146	1435

155	147	1436

176	147	1441

155	148	1446

175	148	1445

155	149	1459

174	149	1454

156	150	1426

174	150	1464

155	151	1468

173	151	1454

154	152	1417

173	152	1447

154	153	1424

172	153	1452

155	154	1424

172	154	1449

154	155	1470

171	155	1451

154	156	1455

171	156	1456

154	157	1441

171	157	1465

154	158	1458

171	158	1475

154	159	1458

170	159	1472

154	160	1436

170	160	1474

153	161	1446

170	161	1474

153	162	1444

170	162	1474

153	163	1442

170	163	1481

153	164	1437

169	164	1473

152	165	1435

169	165	1478

153	166	1439

169	166	1480

152	167	1451

169	167	1484

151	168	1455

169	168	1486

151	169	1455

169	169	1492

151	170	1487

169	170	1497

151	171	1469

169	171	1506

151	172	1464

169	172	1510

151	173	1461

169	173	1512

150	174	1471

168	174	1502

150	175	1467

169	175	1517

150	176	1472

169	176	1520

149	177	1466

168	177	1516

149	178	1471

168	178	1521

149	179	1489

167	179	1503

149	180	1480

167	180	1503

149	181	1473

167	181	1505

149	182	1471

167	182	1508

148	183	1493

149	183	1478

150	183	1467

151	183	1459

152	183	1457

153	183	1458

154	183	1457

155	183	1458

156	183	1456

157	183	1456

158	183	1455

159	183	1454

160	183	1456

161	183	1459

162	183	1464

163	183	1469

164	183	1477

165	183	1484

166	183	1494

167	183	1508

