159	154	1703

160	154	1711

158	155	1698

160	155	1701

158	156	1694

160	156	1697

158	157	1695

161	157	1710

159	158	1692

160	158	1694

158	159	1698

161	159	1707

158	160	1697

160	160	1693

158	161	1693

161	161	1704

157	162	1709

160	162	1692

157	163	1704

160	163	1692

157	164	1698

160	164	1695

157	165	1691

161	165	1726

157	166	1689

160	166	1701

157	167	1689

160	167	1705

156	168	1688

159	168	1696

152	169	1665

153	169	1658

154	169	1666

155	169	1685

159	169	1700

149	170	1680

150	170	1674

151	170	1656

159	170	1701

147	171	1671

148	171	1657

159	171	1701

146	172	1683

159	172	1699

145	173	1674

159	173	1700

144	174	1675

159	174	1704

143	175	1687

159	175	1706

142	176	1693

159	176	1711

142	177	1705

159	177	1713

142	178	1696

159	178	1710

142	179	1693

159	179	1697

143	180	1686

159	180	1686

142	181	1703

159	181	1684

142	182	1709

159	182	1692

142	183	1678

158	183	1690

143	184	1696

158	184	1714

143	185	1696

157	185	1713

143	186	1700

156	186	1707

144	187	1695

156	187	1729

144	188	1718

155	188	1725

144	189	1745

155	189	1744

144	190	1732

154	190	1727

144	191	1717

154	191	1730

144	192	1708

154	192	1730

144	193	1710

154	193	1735

143	194	1730

154	194	1741

143	195	1728

154	195	1746

143	196	1726

154	196	1751

143	197	1723

154	197	1754

143	198	1723

154	198	1760

142	199	1748

154	199	1763

142	200	1750

154	200	1767

142	201	1749

153	201	1747

142	202	1753

153	202	1751

142	203	1746

153	203	1754

142	204	1740

153	204	1758

142	205	1739

153	205	1763

142	206	1745

153	206	1765

142	207	1751

153	207	1768

142	208	1754

153	208	1768

142	209	1750

153	209	1767

141	210	1766

153	210	1767

141	211	1767

153	211	1767

141	212	1776

153	212	1770

141	213	1776

154	213	1780

141	214	1771

154	214	1777

141	215	1770

142	215	1750

143	215	1741

144	215	1739

145	215	1738

146	215	1738

147	215	1738

148	215	1740

149	215	1744

150	215	1748

151	215	1754

152	215	1759

153	215	1769

154	215	1779

188	215	1779

