213	148	1540

214	148	1546

215	148	1560

212	149	1538

215	149	1552

212	150	1540

215	150	1549

212	151	1542

216	151	1561

212	152	1548

216	152	1560

213	153	1546

216	153	1561

213	154	1549

216	154	1558

213	155	1549

216	155	1557

213	156	1548

217	156	1575

212	157	1536

217	157	1580

212	158	1536

217	158	1579

213	159	1549

217	159	1577

213	160	1551

217	160	1575

213	161	1553

217	161	1585

213	162	1552

217	162	1593

212	163	1510

217	163	1565

210	164	1520

211	164	1520

217	164	1577

209	165	1523

217	165	1562

207	166	1554

208	166	1535

217	166	1540

206	167	1540

218	167	1531

204	168	1547

205	168	1527

219	168	1534

203	169	1563

220	169	1558

201	170	1541

202	170	1551

220	170	1555

200	171	1537

220	171	1559

199	172	1534

220	172	1562

199	173	1537

220	173	1559

199	174	1529

220	174	1556

198	175	1533

221	175	1593

198	176	1519

221	176	1588

198	177	1532

220	177	1560

198	178	1546

220	178	1574

198	179	1538

220	179	1595

199	180	1538

219	180	1566

198	181	1581

219	181	1581

199	182	1539

218	182	1562

199	183	1551

218	183	1579

199	184	1570

217	184	1574

200	185	1555

217	185	1607

201	186	1556

216	186	1607

202	187	1556

215	187	1595

202	188	1569

215	188	1614

202	189	1574

215	189	1636

203	190	1563

214	190	1620

203	191	1561

214	191	1639

203	192	1569

213	192	1627

203	193	1582

212	193	1619

203	194	1590

212	194	1628

203	195	1598

212	195	1633

203	196	1601

212	196	1639

203	197	1600

211	197	1627

203	198	1601

211	198	1634

203	199	1608

211	199	1640

203	200	1617

210	200	1631

203	201	1625

209	201	1635

210	201	1639

203	202	1626

208	202	1639

203	203	1628

207	203	1639

203	204	1637

204	204	1633

206	204	1637

205	205	1641

