204	127	1289

205	127	1288

206	127	1302

203	128	1290

207	128	1310

203	129	1286

207	129	1294

203	130	1290

208	130	1316

203	131	1293

208	131	1308

203	132	1298

208	132	1304

203	133	1301

208	133	1303

198	134	1341

203	134	1304

208	134	1302

198	135	1353

203	135	1306

208	135	1299

203	136	1311

209	136	1322

203	137	1307

209	137	1313

198	138	1360

203	138	1300

210	138	1357

199	139	1360

200	139	1358

203	139	1302

209	139	1314

200	140	1370

202	140	1362

209	140	1326

203	141	1313

209	141	1328

204	142	1294

209	142	1327

204	143	1296

209	143	1329

204	144	1296

209	144	1346

204	145	1292

208	145	1313

199	146	1289

200	146	1278

201	146	1284

202	146	1284

203	146	1276

208	146	1314

198	147	1291

208	147	1315

195	148	1370

197	148	1325

208	148	1312

195	149	1361

196	149	1352

208	149	1291

195	150	1307

209	150	1290

194	151	1287

210	151	1283

192	152	1310

193	152	1286

211	152	1296

188	153	1319

189	153	1308

190	153	1293

191	153	1280

211	153	1277

187	154	1306

211	154	1275

187	155	1285

212	155	1324

185	156	1374

186	156	1299

212	156	1297

184	157	1372

212	157	1295

185	158	1293

212	158	1295

184	159	1322

212	159	1296

184	160	1369

213	160	1330

184	161	1354

213	161	1321

185	162	1286

213	162	1334

185	163	1282

212	163	1307

184	164	1376

212	164	1327

185	165	1291

211	165	1311

185	166	1302

211	166	1332

185	167	1298

210	167	1307

184	168	1366

210	168	1318

185	169	1340

210	169	1336

185	170	1337

209	170	1318

185	171	1366

209	171	1341

185	172	1331

208	172	1334

186	173	1341

187	173	1323

207	173	1334

188	174	1316

207	174	1365

187	175	1374

206	175	1352

187	176	1364

205	176	1340

188	177	1369

205	177	1357

189	178	1323

205	178	1374

188	179	1353

204	179	1357

189	180	1341

204	180	1370

189	181	1354

203	181	1362

188	182	1369

203	182	1372

189	183	1355

202	183	1365

189	184	1353

202	184	1367

188	185	1362

202	185	1369

187	186	1350

202	186	1370

188	187	1344

202	187	1372

188	188	1332

201	188	1366

188	189	1345

201	189	1371

188	190	1354

201	190	1376

187	191	1371

200	191	1371

188	192	1367

200	192	1376

188	193	1368

199	193	1376

188	194	1374

189	194	1373

198	194	1373

190	195	1372

198	195	1376

190	196	1374

196	196	1374

197	196	1377

191	197	1376

192	197	1376

193	197	1375

194	197	1376

195	197	1377

186	203	1341

