216	143	1512

217	143	1513

215	144	1499

218	144	1511

215	145	1495

218	145	1500

215	146	1497

219	146	1518

215	147	1490

219	147	1517

216	148	1502

219	148	1515

216	149	1504

219	149	1514

216	150	1505

220	150	1534

216	151	1507

220	151	1531

216	152	1509

220	152	1530

216	153	1511

220	153	1528

216	154	1510

220	154	1530

216	155	1511

220	155	1533

216	156	1509

220	156	1536

216	157	1509

220	157	1535

216	158	1507

220	158	1537

216	159	1510

220	159	1541

214	160	1475

215	160	1493

220	160	1550

213	161	1472

219	161	1513

211	162	1520

212	162	1476

219	162	1495

211	163	1494

220	163	1497

207	164	1495

208	164	1531

209	164	1538

210	164	1500

221	164	1483

207	165	1492

222	165	1478

223	165	1495

205	166	1510

206	166	1497

224	166	1563

204	167	1496

223	167	1494

202	168	1510

203	168	1490

223	168	1496

202	169	1493

223	169	1502

201	170	1516

223	170	1503

201	171	1494

224	171	1550

201	172	1496

224	172	1526

200	173	1546

224	173	1522

201	174	1495

224	174	1529

200	175	1546

224	175	1554

201	176	1505

223	176	1528

200	177	1539

222	177	1512

201	178	1505

222	178	1524

201	179	1500

222	179	1535

201	180	1505

221	180	1519

202	181	1502

221	181	1545

202	182	1521

220	182	1534

202	183	1540

219	183	1537

203	184	1550

219	184	1573

204	185	1544

218	185	1563

204	186	1527

218	186	1583

204	187	1537

217	187	1566

205	188	1527

217	188	1589

203	189	1532

205	189	1527

216	189	1577

204	190	1528

216	190	1596

205	191	1530

215	191	1584

205	192	1532

215	192	1594

204	193	1546

214	193	1581

205	194	1553

214	194	1587

205	195	1562

214	195	1594

205	196	1564

213	196	1582

205	197	1567

213	197	1585

205	198	1573

213	198	1591

205	199	1578

212	199	1592

205	200	1584

211	200	1597

204	201	1595

210	201	1595

205	202	1595

206	202	1591

209	202	1594

207	203	1596

208	203	1597

