156	129	1357

157	129	1361

156	130	1360

157	130	1365

156	131	1361

158	131	1373

156	132	1361

158	132	1369

156	133	1362

158	133	1369

156	134	1363

158	134	1370

155	135	1359

159	135	1370

155	136	1360

159	136	1368

155	137	1360

158	137	1370

155	138	1361

158	138	1371

154	139	1361

158	139	1373

154	140	1360

158	140	1376

154	141	1359

157	141	1371

154	142	1361

157	142	1373

153	143	1357

157	143	1374

153	144	1356

157	144	1378

153	145	1358

157	145	1380

153	146	1361

156	146	1375

147	147	1326

148	147	1329

149	147	1335

152	147	1361

156	147	1376

145	148	1337

146	148	1327

150	148	1344

151	148	1357

156	148	1376

141	149	1326

142	149	1327

143	149	1330

144	149	1335

156	149	1376

140	150	1333

156	150	1375

137	151	1337

138	151	1337

139	151	1334

157	151	1341

136	152	1331

157	152	1321

135	153	1339

157	153	1318

134	154	1345

157	154	1325

134	155	1358

156	155	1343

133	156	1366

155	156	1347

133	157	1358

155	157	1353

133	158	1354

155	158	1353

132	159	1350

155	159	1363

132	160	1346

155	160	1370

132	161	1355

154	161	1365

132	162	1376

154	162	1362

132	163	1350

154	163	1362

133	164	1356

154	164	1366

133	165	1342

153	165	1371

133	166	1363

153	166	1387

134	167	1367

152	167	1391

134	168	1373

151	168	1391

133	169	1341

151	169	1407

134	170	1378

150	170	1405

135	171	1375

149	171	1403

134	172	1378

149	172	1416

134	173	1375

148	173	1414

134	174	1414

148	174	1418

134	175	1434

148	175	1421

134	176	1406

148	176	1426

134	177	1386

148	177	1428

134	178	1386

148	178	1429

134	179	1387

148	179	1433

133	180	1403

147	180	1428

133	181	1399

147	181	1432

133	182	1401

147	182	1435

133	183	1400

147	183	1439

133	184	1400

147	184	1440

133	185	1399

147	185	1441

132	186	1405

147	186	1444

132	187	1406

147	187	1447

132	188	1415

146	188	1439

132	189	1415

146	189	1444

131	190	1421

146	190	1448

131	191	1420

146	191	1449

132	192	1413

146	192	1452

131	193	1399

146	193	1453

131	194	1425

146	194	1456

131	195	1425

146	195	1456

131	196	1426

146	196	1458

130	197	1444

145	197	1446

130	198	1439

145	198	1448

130	199	1436

145	199	1449

130	200	1438

145	200	1450

129	201	1420

145	201	1453

129	202	1419

145	202	1455

129	203	1439

145	203	1457

129	204	1449

145	204	1454

129	205	1448

145	205	1456

129	206	1451

145	206	1457

129	207	1452

130	207	1441

131	207	1438

132	207	1436

133	207	1435

134	207	1433

135	207	1432

136	207	1434

137	207	1436

138	207	1437

139	207	1435

140	207	1436

141	207	1440

142	207	1445

143	207	1450

144	207	1454

