178	129	1573

179	129	1580

178	130	1572

179	130	1578

177	131	1572

179	131	1579

176	132	1572

179	132	1580

176	133	1569

180	133	1587

176	134	1574

180	134	1591

176	135	1578

180	135	1599

175	136	1584

179	136	1595

175	137	1581

179	137	1600

174	138	1592

178	138	1596

173	139	1562

178	139	1591

171	140	1515

172	140	1553

178	140	1576

169	141	1546

170	141	1547

178	141	1560

166	142	1546

167	142	1548

168	142	1543

179	142	1555

161	143	1542

162	143	1541

163	143	1537

164	143	1535

165	143	1537

180	143	1556

159	144	1546

160	144	1545

180	144	1556

158	145	1550

180	145	1560

158	146	1544

180	146	1563

157	147	1546

180	147	1565

157	148	1549

180	148	1566

156	149	1588

180	149	1566

156	150	1576

180	150	1564

156	151	1554

180	151	1568

157	152	1544

180	152	1572

156	153	1557

180	153	1581

156	154	1552

179	154	1578

157	155	1546

178	155	1575

157	156	1547

178	156	1581

157	157	1551

177	157	1576

157	158	1554

176	158	1577

157	159	1564

175	159	1580

157	160	1547

174	160	1586

156	161	1515

173	161	1594

157	162	1536

172	162	1584

156	163	1491

172	163	1594

156	164	1525

171	164	1588

156	165	1546

171	165	1598

156	166	1558

170	166	1592

156	167	1563

170	167	1598

155	168	1552

170	168	1604

155	169	1547

170	169	1619

155	170	1562

169	170	1612

154	171	1557

169	171	1623

154	172	1562

169	172	1630

154	173	1565

169	173	1641

154	174	1568

168	174	1619

153	175	1570

168	175	1622

153	176	1573

168	176	1630

153	177	1572

167	177	1620

152	178	1589

153	178	1574

154	178	1567

155	178	1566

156	178	1567

157	178	1568

158	178	1565

159	178	1565

160	178	1567

161	178	1570

162	178	1573

163	178	1576

164	178	1583

165	178	1591

166	178	1605

167	178	1628

