160	141	1523

161	141	1525

160	142	1526

161	142	1526

160	143	1525

161	143	1526

160	144	1525

161	144	1528

160	145	1523

161	145	1527

159	146	1523

161	146	1529

159	147	1524

161	147	1528

159	148	1524

161	148	1528

159	149	1524

161	149	1529

158	150	1525

161	150	1531

158	151	1525

161	151	1533

157	152	1528

161	152	1533

157	153	1523

161	153	1536

157	154	1524

160	154	1531

156	155	1523

160	155	1534

155	156	1534

160	156	1534

153	157	1492

154	157	1502

160	157	1542

149	158	1498

150	158	1497

151	158	1491

152	158	1488

159	158	1537

145	159	1477

146	159	1484

147	159	1483

148	159	1486

159	159	1538

143	160	1534

144	160	1515

159	160	1536

142	161	1504

159	161	1539

142	162	1498

159	162	1540

141	163	1513

159	163	1545

140	164	1516

159	164	1546

140	165	1520

159	165	1549

139	166	1547

158	166	1531

139	167	1518

158	167	1531

139	168	1513

158	168	1529

140	169	1524

158	169	1526

139	170	1529

158	170	1521

140	171	1530

158	171	1523

140	172	1534

157	172	1523

140	173	1541

157	173	1541

140	174	1539

156	174	1545

141	175	1534

156	175	1560

141	176	1536

155	176	1560

141	177	1549

155	177	1576

141	178	1553

154	178	1575

141	179	1549

154	179	1586

141	180	1545

153	180	1577

141	181	1547

153	181	1582

141	182	1548

153	182	1591

140	183	1546

152	183	1577

140	184	1558

152	184	1582

140	185	1556

152	185	1588

140	186	1559

152	186	1590

140	187	1560

152	187	1592

139	188	1567

152	188	1597

139	189	1562

152	189	1601

139	190	1561

152	190	1606

139	191	1565

152	191	1611

139	192	1568

152	192	1621

138	193	1591

151	193	1605

138	194	1588

151	194	1610

138	195	1581

151	195	1612

138	196	1580

151	196	1614

138	197	1585

151	197	1617

137	198	1620

151	198	1619

137	199	1601

151	199	1623

137	200	1594

150	200	1611

137	201	1593

150	201	1614

137	202	1592

150	202	1615

136	203	1617

150	203	1615

136	204	1614

150	204	1616

136	205	1611

150	205	1616

135	206	1616

150	206	1616

135	207	1622

151	207	1624

135	208	1620

150	208	1619

135	209	1621

136	209	1604

137	209	1597

138	209	1591

139	209	1589

140	209	1587

141	209	1588

142	209	1590

143	209	1591

144	209	1593

145	209	1594

146	209	1597

147	209	1600

148	209	1605

149	209	1611

150	209	1619

190	209	1625

