206	127	1302

207	127	1285

208	127	1286

209	127	1301

206	128	1284

210	128	1316

206	129	1283

210	129	1299

206	130	1285

210	130	1293

206	131	1286

210	131	1292

206	132	1290

211	132	1310

206	133	1300

211	133	1310

206	134	1308

211	134	1305

205	135	1362

211	135	1304

205	136	1338

211	136	1302

205	137	1359

212	137	1321

206	138	1310

213	138	1362

206	139	1309

213	139	1359

205	140	1337

212	140	1322

205	141	1333

212	141	1326

206	142	1312

212	142	1327

207	143	1294

212	143	1328

207	144	1295

212	144	1332

207	145	1289

212	145	1340

202	146	1306

203	146	1294

204	146	1290

205	146	1290

206	146	1283

211	146	1314

201	147	1301

211	147	1314

201	148	1285

211	148	1302

199	149	1381

200	149	1348

212	149	1306

198	150	1349

212	150	1268

197	151	1282

213	151	1261

195	152	1320

196	152	1294

214	152	1265

215	152	1295

193	153	1298

194	153	1306

216	153	1320

192	154	1280

215	154	1278

191	155	1284

216	155	1322

189	156	1347

190	156	1288

216	156	1321

189	157	1321

216	157	1330

189	158	1294

216	158	1321

188	159	1365

216	159	1311

188	160	1339

216	160	1304

188	161	1350

216	161	1304

188	162	1340

216	162	1307

188	163	1325

216	163	1318

188	164	1335

215	164	1303

188	165	1362

215	165	1321

189	166	1293

214	166	1298

188	167	1380

214	167	1311

188	168	1373

214	168	1328

188	169	1369

213	169	1306

189	170	1321

213	170	1321

189	171	1357

213	171	1347

190	172	1362

212	172	1338

189	173	1369

190	173	1374

211	173	1341

191	174	1366

210	174	1342

191	175	1381

210	175	1362

191	176	1379

210	176	1381

192	177	1348

209	177	1356

193	178	1322

209	178	1378

193	179	1333

208	179	1362

193	180	1356

208	180	1373

193	181	1361

207	181	1358

193	182	1366

207	182	1370

193	183	1353

207	183	1378

192	184	1365

206	184	1369

192	185	1350

206	185	1372

191	186	1366

206	186	1378

190	187	1365

192	187	1348

205	187	1368

190	188	1370

191	188	1356

205	188	1371

191	189	1340

205	189	1373

191	190	1343

205	190	1377

190	191	1327

204	191	1373

190	192	1337

204	192	1378

191	193	1361

203	193	1376

190	194	1380

203	194	1381

190	195	1371

191	195	1380

192	195	1378

202	195	1379

193	196	1379

201	196	1381

194	197	1374

200	197	1380

194	198	1377

197	198	1378

198	198	1379

199	198	1379

195	199	1381

196	199	1381

