191	129	1298

192	129	1297

193	129	1316

190	130	1296

194	130	1312

189	131	1310

195	131	1318

190	132	1298

196	132	1324

189	133	1345

197	133	1339

190	134	1302

197	134	1327

191	135	1300

197	135	1319

191	136	1310

197	136	1314

192	137	1306

198	137	1344

192	138	1320

198	138	1320

193	139	1306

199	139	1335

193	140	1310

199	140	1339

193	141	1312

199	141	1346

194	142	1307

199	142	1342

194	143	1309

199	143	1336

194	144	1314

199	144	1330

195	145	1305

199	145	1327

195	146	1307

199	146	1322

195	147	1293

200	147	1351

191	148	1328

193	148	1298

194	148	1288

200	148	1335

191	149	1291

192	149	1278

200	149	1301

190	150	1314

201	150	1282

189	151	1313

202	151	1271

203	151	1287

189	152	1305

204	152	1287

188	153	1316

204	153	1277

188	154	1292

205	154	1298

186	155	1345

187	155	1306

205	155	1287

186	156	1321

206	156	1308

184	157	1367

185	157	1316

206	157	1297

183	158	1333

207	158	1316

181	159	1317

182	159	1307

208	159	1333

182	160	1292

208	160	1310

181	161	1297

208	161	1306

180	162	1345

209	162	1352

181	163	1288

209	163	1358

180	164	1311

208	164	1328

180	165	1308

208	165	1342

180	166	1304

208	166	1353

181	167	1295

208	167	1362

181	168	1310

208	168	1364

180	169	1316

208	169	1362

181	170	1312

208	170	1371

181	171	1309

207	171	1348

182	172	1318

207	172	1369

183	173	1303

206	173	1363

183	174	1327

206	174	1386

184	175	1316

205	175	1368

184	176	1307

205	176	1379

185	177	1321

205	177	1387

185	178	1359

186	178	1344

204	178	1370

187	179	1349

204	179	1382

187	180	1369

203	180	1365

188	181	1341

203	181	1372

188	182	1360

203	182	1381

189	183	1349

203	183	1389

188	184	1378

202	184	1377

189	185	1349

202	185	1379

189	186	1354

202	186	1382

189	187	1355

202	187	1384

188	188	1382

202	188	1387

188	189	1357

202	189	1389

188	190	1357

202	190	1388

189	191	1357

202	191	1388

189	192	1337

201	192	1381

188	193	1360

201	193	1385

188	194	1373

200	194	1383

189	195	1379

200	195	1387

190	196	1383

199	196	1387

191	197	1388

198	197	1388

192	198	1387

197	198	1389

193	199	1386

196	199	1388

193	200	1389

194	200	1387

195	200	1387

189	201	1369

189	202	1384

