221	121	1563

222	121	1575

220	122	1547

222	122	1553

219	123	1546

223	123	1585

218	124	1553

222	124	1559

217	125	1553

222	125	1572

215	126	1582

216	126	1554

222	126	1593

199	127	1499

200	127	1501

201	127	1501

202	127	1497

214	127	1595

221	127	1575

197	128	1510

198	128	1504

203	128	1497

204	128	1505

206	128	1508

207	128	1506

211	128	1523

212	128	1544

213	128	1553

220	128	1564

195	129	1507

196	129	1502

205	129	1498

208	129	1498

209	129	1506

210	129	1516

220	129	1577

192	130	1523

193	130	1519

194	130	1510

219	130	1569

191	131	1495

218	131	1555

191	132	1502

218	132	1544

191	133	1512

218	133	1529

191	134	1534

218	134	1521

191	135	1513

219	135	1544

191	136	1503

219	136	1541

190	137	1528

219	137	1554

189	138	1585

191	138	1491

218	138	1528

190	139	1533

218	139	1534

190	140	1517

217	140	1521

189	141	1537

217	141	1536

188	142	1505

217	142	1547

188	143	1503

216	143	1539

187	144	1508

216	144	1553

186	145	1470

214	145	1549

215	145	1557

216	145	1552

185	146	1482

211	146	1539

212	146	1551

213	146	1559

185	147	1515

210	147	1541

184	148	1498

208	148	1532

209	148	1546

183	149	1484

205	149	1537

206	149	1545

207	149	1539

183	150	1499

204	150	1537

182	151	1516

202	151	1532

203	151	1536

181	152	1515

201	152	1528

180	153	1533

201	153	1537

179	154	1498

200	154	1546

179	155	1508

199	155	1548

177	156	1530

178	156	1516

198	156	1549

177	157	1513

197	157	1546

176	158	1512

197	158	1552

175	159	1517

196	159	1549

173	160	1502

174	160	1515

195	160	1549

173	161	1524

195	161	1553

173	162	1527

194	162	1559

173	163	1522

193	163	1563

173	164	1517

193	164	1570

173	165	1514

192	165	1570

173	166	1514

192	166	1572

173	167	1512

191	167	1574

173	168	1511

190	168	1572

173	169	1511

174	169	1508

175	169	1508

176	169	1507

177	169	1506

178	169	1505

179	169	1505

180	169	1506

181	169	1506

182	169	1507

183	169	1507

184	169	1510

185	169	1515

186	169	1525

187	169	1537

188	169	1550

189	169	1567

190	169	1580

