175	114	1497

176	114	1503

175	115	1501

176	115	1507

175	116	1503

177	116	1512

175	117	1505

177	117	1511

174	118	1505

178	118	1501

174	119	1505

177	119	1517

174	120	1509

177	120	1519

174	121	1511

176	121	1515

173	122	1514

176	122	1514

172	123	1490

176	123	1514

171	124	1490

176	124	1513

170	125	1480

177	125	1522

167	126	1475

168	126	1477

169	126	1477

177	126	1505

164	127	1467

165	127	1465

166	127	1465

178	127	1493

160	128	1468

161	128	1466

162	128	1468

163	128	1467

178	128	1483

158	129	1472

159	129	1469

179	129	1483

156	130	1482

157	130	1475

179	130	1483

155	131	1454

179	131	1485

155	132	1480

180	132	1494

155	133	1480

180	133	1497

154	134	1474

180	134	1496

154	135	1470

179	135	1492

153	136	1507

179	136	1491

153	137	1478

179	137	1494

153	138	1458

179	138	1493

154	139	1460

178	139	1497

154	140	1462

178	140	1506

154	141	1469

177	141	1505

154	142	1480

176	142	1500

154	143	1488

175	143	1497

155	144	1473

175	144	1508

155	145	1476

174	145	1512

155	146	1478

173	146	1516

155	147	1476

172	147	1511

155	148	1473

172	148	1512

154	149	1494

171	149	1508

154	150	1494

171	150	1514

154	151	1472

170	151	1509

154	152	1477

170	152	1513

154	153	1475

169	153	1511

153	154	1493

169	154	1516

153	155	1496

169	155	1523

154	156	1482

169	156	1528

153	157	1485

169	157	1537

153	158	1479

169	158	1540

153	159	1484

169	159	1540

153	160	1485

168	160	1525

153	161	1490

168	161	1533

152	162	1470

168	162	1538

152	163	1480

168	163	1541

152	164	1489

168	164	1540

152	165	1493

168	165	1545

152	166	1495

168	166	1547

151	167	1502

168	167	1552

151	168	1508

152	168	1500

153	168	1494

154	168	1491

155	168	1492

156	168	1492

157	168	1493

158	168	1492

159	168	1494

160	168	1496

161	168	1497

162	168	1498

163	168	1502

164	168	1509

165	168	1518

166	168	1528

167	168	1544

168	168	1555

