208	133	1317

209	133	1304

210	133	1314

207	134	1323

211	134	1320

207	135	1308

211	135	1310

206	136	1347

212	136	1326

206	137	1346

212	137	1315

207	138	1322

213	138	1347

208	139	1308

213	139	1342

207	140	1325

213	140	1353

207	141	1336

213	141	1348

207	142	1338

213	142	1345

208	143	1310

213	143	1335

208	144	1312

214	144	1375

208	145	1316

213	145	1340

208	146	1316

213	146	1351

208	147	1317

213	147	1355

208	148	1316

213	148	1362

208	149	1315

213	149	1367

208	150	1313

212	150	1334

208	151	1310

212	151	1335

204	152	1314

205	152	1304

206	152	1308

207	152	1296

212	152	1337

203	153	1303

213	153	1376

201	154	1350

202	154	1311

213	154	1370

199	155	1370

200	155	1354

214	155	1382

199	156	1310

213	156	1297

197	157	1334

198	157	1301

214	157	1294

196	158	1341

215	158	1314

193	159	1335

194	159	1318

195	159	1315

215	159	1300

191	160	1341

192	160	1308

215	160	1300

191	161	1304

215	161	1304

190	162	1351

215	162	1308

190	163	1340

216	163	1351

189	164	1389

216	164	1334

189	165	1335

216	165	1323

188	166	1391

216	166	1317

189	167	1322

217	167	1361

187	168	1363

188	168	1356

216	168	1323

189	169	1301

216	169	1338

189	170	1325

215	170	1321

189	171	1325

215	171	1338

189	172	1332

214	172	1321

189	173	1324

214	173	1336

189	174	1329

214	174	1354

188	175	1314

189	175	1378

213	175	1330

190	176	1340

213	176	1353

191	177	1326

212	177	1345

191	178	1356

211	178	1346

192	179	1346

210	179	1350

192	180	1371

210	180	1374

192	181	1378

209	181	1361

193	182	1358

209	182	1380

193	183	1373

209	183	1398

191	184	1383

193	184	1377

208	184	1382

193	185	1378

208	185	1392

192	186	1397

207	186	1383

192	187	1387

207	187	1395

192	188	1365

206	188	1385

193	189	1367

206	189	1388

193	190	1370

206	190	1395

191	191	1365

192	191	1358

205	191	1385

191	192	1365

205	192	1388

191	193	1370

205	193	1390

192	194	1356

205	194	1395

191	195	1372

204	195	1390

191	196	1379

204	196	1395

191	197	1369

192	197	1388

203	197	1393

190	198	1393

191	198	1394

193	198	1395

203	198	1396

194	199	1393

202	199	1397

194	200	1394

201	200	1394

195	201	1397

198	201	1393

199	201	1397

200	201	1398

196	202	1397

197	202	1396

