206	134	1288

207	134	1280

208	134	1280

209	134	1282

210	134	1291

211	134	1321

206	135	1288

211	135	1311

205	136	1321

211	136	1303

205	137	1334

212	137	1340

206	138	1295

212	138	1321

201	139	1370

206	139	1294

212	139	1357

205	140	1327

211	140	1310

205	141	1317

211	141	1312

205	142	1318

211	142	1309

206	143	1297

211	143	1307

206	144	1301

211	144	1317

206	145	1294

211	145	1328

202	146	1286

205	146	1280

211	146	1337

200	147	1298

201	147	1281

203	147	1262

204	147	1260

211	147	1343

200	148	1300

211	148	1341

198	149	1368

199	149	1339

211	149	1311

197	150	1328

211	150	1268

195	151	1318

196	151	1304

212	151	1266

194	152	1322

213	152	1269

191	153	1321

192	153	1307

193	153	1295

214	153	1285

190	154	1296

214	154	1276

189	155	1292

214	155	1277

189	156	1280

215	156	1329

188	157	1295

215	157	1328

187	158	1287

215	158	1323

187	159	1320

215	159	1316

187	160	1315

215	160	1310

187	161	1316

215	161	1306

187	162	1315

215	162	1306

185	163	1358

187	163	1313

215	163	1317

187	164	1307

214	164	1299

187	165	1326

214	165	1317

187	166	1326

213	166	1302

186	167	1364

213	167	1320

186	168	1365

212	168	1299

187	169	1334

212	169	1311

188	170	1320

212	170	1327

189	171	1297

211	171	1314

189	172	1335

211	172	1345

189	173	1376

210	173	1350

190	174	1338

209	174	1350

190	175	1376

208	175	1340

190	176	1352

208	176	1359

189	177	1364

207	177	1345

190	178	1377

207	178	1364

191	179	1346

206	179	1351

191	180	1337

206	180	1360

191	181	1370

206	181	1371

191	182	1363

205	182	1365

191	183	1350

205	183	1374

190	184	1337

204	184	1364

190	185	1336

204	185	1369

189	186	1367

204	186	1372

189	187	1353

204	187	1375

189	188	1352

204	188	1377

189	189	1335

203	189	1367

189	190	1372

203	190	1372

188	191	1367

203	191	1377

189	192	1366

202	192	1372

189	193	1354

190	193	1359

191	193	1367

192	193	1357

193	193	1350

194	193	1348

195	193	1353

196	193	1356

197	193	1359

198	193	1361

199	193	1366

200	193	1370

201	193	1373

202	193	1376

