163	164	1945

164	164	1951

163	165	1936

164	165	1941

163	166	1931

164	166	1935

163	167	1932

164	167	1934

163	168	1932

164	168	1934

163	169	1932

164	169	1936

162	170	1939

164	170	1932

162	171	1936

164	171	1932

162	172	1933

164	172	1932

162	173	1926

164	173	1935

161	174	1954

164	174	1938

161	175	1942

164	175	1941

161	176	1932

163	176	1930

159	177	1920

160	177	1925

163	177	1935

156	178	1920

157	178	1902

158	178	1894

163	178	1936

154	179	1903

155	179	1895

164	179	1957

152	180	1934

153	180	1901

164	180	1910

151	181	1920

164	181	1894

150	182	1943

164	182	1897

149	183	1970

164	183	1917

148	184	1973

163	184	1904

148	185	1957

163	185	1915

148	186	1952

163	186	1920

148	187	1963

163	187	1924

148	188	1967

163	188	1927

149	189	1936

163	189	1946

149	190	1937

162	190	1943

149	191	1945

161	191	1942

149	192	1962

160	192	1944

150	193	1952

159	193	1957

150	194	1971

159	194	1987

150	195	1977

158	195	1966

149	196	1998

158	196	1970

149	197	1980

158	197	1975

149	198	1975

158	198	1988

149	199	1976

158	199	1996

149	200	1970

158	200	2006

149	201	1968

158	201	2009

148	202	2001

157	202	1980

148	203	1992

157	203	1985

148	204	1990

157	204	1991

148	205	1991

157	205	1999

148	206	1993

156	206	1977

148	207	1995

156	207	1985

148	208	1995

156	208	1988

148	209	1989

156	209	1992

148	210	1983

156	210	1994

147	211	2007

156	211	1997

147	212	2001

156	212	1997

147	213	2006

156	213	1999

147	214	2006

156	214	2000

147	215	2005

156	215	2001

147	216	2002

156	216	2000

147	217	2006

156	217	2003

147	218	2005

148	218	1985

149	218	1977

150	218	1972

151	218	1973

152	218	1976

153	218	1981

154	218	1987

155	218	1992

156	218	2004

