213	129	1282

214	129	1278

215	129	1280

216	129	1292

213	130	1272

217	130	1312

213	131	1275

217	131	1288

213	132	1278

217	132	1285

213	133	1280

217	133	1285

213	134	1281

217	134	1285

213	135	1282

217	135	1286

213	136	1279

217	136	1288

213	137	1280

218	137	1314

212	138	1325

218	138	1321

212	139	1320

218	139	1322

212	140	1318

218	140	1318

212	141	1307

218	141	1325

208	142	1353

211	142	1339

218	142	1336

211	143	1336

218	143	1348

212	144	1300

217	144	1304

212	145	1307

217	145	1307

212	146	1309

217	146	1313

212	147	1297

217	147	1322

207	148	1293

208	148	1284

209	148	1267

210	148	1266

211	148	1269

217	148	1329

207	149	1269

217	149	1328

205	150	1322

206	150	1290

217	150	1317

204	151	1307

217	151	1299

202	152	1311

203	152	1284

217	152	1268

200	153	1314

201	153	1295

218	153	1272

197	154	1308

198	154	1309

199	154	1302

219	154	1293

195	155	1317

196	155	1288

219	155	1274

194	156	1313

219	156	1271

194	157	1300

219	157	1275

194	158	1281

219	158	1279

193	159	1306

220	159	1322

193	160	1278

220	160	1314

191	161	1361

192	161	1322

220	161	1311

192	162	1308

220	162	1302

192	163	1321

220	163	1300

192	164	1330

220	164	1301

192	165	1320

220	165	1312

192	166	1325

219	166	1295

192	167	1325

219	167	1317

191	168	1358

218	168	1304

191	169	1356

218	169	1328

191	170	1322

217	170	1309

191	171	1299

192	171	1344

217	171	1323

193	172	1315

216	172	1305

192	173	1356

216	173	1332

193	174	1354

194	174	1339

215	174	1332

195	175	1348

214	175	1337

195	176	1341

213	176	1344

193	177	1365

195	177	1361

212	177	1339

195	178	1346

212	178	1357

195	179	1348

211	179	1345

193	180	1351

194	180	1366

211	180	1366

195	181	1350

210	181	1357

195	182	1360

210	182	1370

195	183	1362

209	183	1361

195	184	1341

209	184	1371

194	185	1333

208	185	1364

193	186	1369

208	186	1368

194	187	1349

208	187	1373

194	188	1363

207	188	1364

194	189	1364

207	189	1368

194	190	1361

207	190	1373

193	191	1368

206	191	1365

191	192	1369

192	192	1363

206	192	1373

192	193	1369

205	193	1372

191	194	1363

204	194	1371

191	195	1370

192	195	1373

193	195	1375

194	195	1372

203	195	1374

195	196	1372

202	196	1373

196	197	1370

200	197	1371

201	197	1372

197	198	1372

198	198	1372

199	198	1373

