167	164	1956

168	164	1950

167	165	1953

168	165	1943

167	166	1951

168	166	1942

167	167	1945

168	167	1937

167	168	1943

168	168	1939

167	169	1944

168	169	1939

167	170	1942

168	170	1938

167	171	1938

168	171	1934

167	172	1931

168	172	1934

166	173	1939

168	173	1936

166	174	1938

168	174	1940

165	175	1963

168	175	1948

165	176	1948

168	176	1953

163	177	1919

164	177	1939

167	177	1932

159	178	1917

160	178	1907

161	178	1899

162	178	1898

167	178	1934

157	179	1942

158	179	1916

167	179	1938

156	180	1934

168	180	1964

155	181	1930

169	181	1975

154	182	1957

170	182	1897

171	182	1896

172	182	1902

153	183	1976

171	183	1907

153	184	1951

170	184	1918

153	185	1945

169	185	1930

152	186	1992

169	186	1956

153	187	1946

168	187	1934

153	188	1953

167	188	1925

153	189	1960

167	189	1944

153	190	1968

166	190	1954

153	191	1984

165	191	1964

154	192	1967

164	192	1971

154	193	1995

163	193	1977

154	194	2003

163	194	2002

154	195	1992

163	195	2012

154	196	1978

162	196	1982

153	197	2011

162	197	1987

153	198	1992

162	198	2000

153	199	1988

162	199	2008

153	200	1982

162	200	2016

153	201	1987

162	201	2018

152	202	2022

162	202	2027

152	203	2010

162	203	2038

152	204	2000

161	204	2001

152	205	2002

161	205	2008

152	206	2007

161	206	2019

152	207	2008

161	207	2028

152	208	2008

161	208	2028

152	209	2005

161	209	2032

151	210	2034

161	210	2038

151	211	2030

160	211	2014

151	212	2024

160	212	2008

151	213	2019

161	213	2035

151	214	2016

161	214	2025

151	215	2015

161	215	2023

151	216	2016

152	216	1999

153	216	1990

154	216	1986

155	216	1982

156	216	1985

157	216	1987

158	216	1996

159	216	2001

160	216	2013

161	216	2022

