207	156	1614

208	156	1618

209	156	1624

207	157	1616

209	157	1627

207	158	1619

210	158	1636

208	159	1625

210	159	1636

207	160	1627

210	160	1635

207	161	1624

211	161	1636

207	162	1625

211	162	1638

208	163	1623

211	163	1636

208	164	1625

210	164	1634

207	165	1619

210	165	1635

205	166	1598

206	166	1601

210	166	1626

203	167	1600

204	167	1596

210	167	1607

203	168	1619

211	168	1600

202	169	1631

212	169	1589

201	170	1610

213	170	1588

214	170	1603

199	171	1629

200	171	1611

214	171	1604

198	172	1614

214	172	1609

196	173	1583

197	173	1591

214	173	1615

195	174	1593

215	174	1658

195	175	1600

215	175	1644

194	176	1623

215	176	1635

194	177	1609

215	177	1631

194	178	1619

215	178	1634

193	179	1621

215	179	1645

194	180	1611

215	180	1668

194	181	1616

214	181	1638

194	182	1626

214	182	1651

194	183	1615

214	183	1668

195	184	1604

213	184	1643

195	185	1596

213	185	1671

196	186	1617

212	186	1665

196	187	1645

211	187	1664

196	188	1670

211	188	1688

197	189	1657

210	189	1673

198	190	1650

210	190	1686

199	191	1644

210	191	1701

199	192	1651

209	192	1689

199	193	1652

209	193	1706

199	194	1657

208	194	1688

199	195	1667

208	195	1693

199	196	1669

208	196	1697

199	197	1671

208	197	1703

199	198	1677

208	198	1706

199	199	1676

208	199	1710

199	200	1679

207	200	1696

199	201	1682

207	201	1700

199	202	1686

207	202	1708

199	203	1692

200	203	1685

201	203	1681

202	203	1681

203	203	1685

204	203	1692

205	203	1698

206	203	1706

