209	158	1712

210	158	1716

211	158	1720

209	159	1716

211	159	1721

209	160	1721

211	160	1726

209	161	1721

211	161	1729

210	162	1725

211	162	1728

210	163	1722

211	163	1725

209	164	1720

212	164	1730

208	165	1696

212	165	1731

209	166	1725

212	166	1731

208	167	1709

212	167	1734

209	168	1729

212	168	1735

208	169	1725

213	169	1738

207	170	1717

213	170	1753

206	171	1688

213	171	1753

205	172	1688

213	172	1742

204	173	1672

213	173	1712

203	174	1682

214	174	1727

202	175	1696

214	175	1705

200	176	1704

201	176	1687

215	176	1744

199	177	1694

215	177	1730

198	178	1710

215	178	1727

197	179	1714

215	179	1719

196	180	1718

216	180	1748

196	181	1716

216	181	1740

196	182	1709

216	182	1744

196	183	1700

215	183	1717

196	184	1704

215	184	1728

196	185	1707

215	185	1744

196	186	1689

214	186	1721

196	187	1716

214	187	1732

197	188	1702

214	188	1747

197	189	1713

214	189	1777

197	190	1733

213	190	1769

198	191	1719

212	191	1756

199	192	1713

212	192	1780

200	193	1716

212	193	1803

200	194	1724

211	194	1770

201	195	1736

211	195	1781

201	196	1741

211	196	1788

201	197	1744

211	197	1797

201	198	1744

211	198	1805

201	199	1748

210	199	1783

201	200	1756

210	200	1790

201	201	1764

210	201	1793

201	202	1769

210	202	1794

201	203	1771

210	203	1798

201	204	1775

210	204	1800

201	205	1780

210	205	1801

201	206	1782

210	206	1800

201	207	1788

210	207	1800

201	208	1797

210	208	1801

201	209	1798

210	209	1802

201	210	1797

210	210	1806

201	211	1805

209	211	1803

202	212	1796

209	212	1805

202	213	1805

203	213	1794

204	213	1787

205	213	1788

206	213	1792

207	213	1796

208	213	1799

209	213	1805

