159	130	1354

160	130	1360

159	131	1356

161	131	1364

159	132	1356

161	132	1364

159	133	1357

161	133	1362

159	134	1357

161	134	1363

159	135	1358

161	135	1365

158	136	1356

161	136	1368

158	137	1356

161	137	1371

158	138	1359

161	138	1375

158	139	1359

161	139	1377

158	140	1359

161	140	1378

157	141	1357

161	141	1377

157	142	1355

161	142	1380

157	143	1358

161	143	1380

157	144	1357

160	144	1376

156	145	1357

160	145	1375

156	146	1358

160	146	1379

156	147	1358

160	147	1382

151	148	1327

152	148	1333

153	148	1341

155	148	1354

159	148	1377

149	149	1327

150	149	1326

154	149	1347

159	149	1381

145	150	1325

146	150	1325

147	150	1327

148	150	1332

159	150	1382

143	151	1343

144	151	1329

160	151	1383

142	152	1348

160	152	1346

139	153	1331

140	153	1333

141	153	1332

160	153	1324

138	154	1336

160	154	1321

138	155	1342

160	155	1332

137	156	1360

160	156	1355

136	157	1371

159	157	1356

136	158	1357

159	158	1360

136	159	1353

158	159	1355

136	160	1346

158	160	1362

136	161	1337

158	161	1366

136	162	1343

158	162	1366

136	163	1334

158	163	1364

136	164	1338

158	164	1364

137	165	1356

157	165	1364

136	166	1367

157	166	1377

137	167	1360

156	167	1385

136	168	1381

156	168	1394

137	169	1352

155	169	1396

137	170	1372

154	170	1400

137	171	1375

153	171	1402

137	172	1359

153	172	1417

137	173	1342

152	173	1414

138	174	1368

152	174	1423

137	175	1366

151	175	1413

137	176	1392

151	176	1416

137	177	1387

151	177	1421

137	178	1390

151	178	1425

137	179	1385

151	179	1427

137	180	1389

151	180	1429

137	181	1393

151	181	1434

136	182	1408

150	182	1428

136	183	1399

150	183	1431

136	184	1396

150	184	1435

136	185	1397

150	185	1440

135	186	1430

150	186	1442

135	187	1401

150	187	1444

134	188	1419

150	188	1444

135	189	1412

150	189	1449

135	190	1397

150	190	1452

135	191	1406

149	191	1447

135	192	1410

149	192	1450

135	193	1411

149	193	1455

134	194	1426

149	194	1455

134	195	1404

149	195	1455

134	196	1410

149	196	1455

133	197	1408

148	197	1444

133	198	1410

148	198	1445

133	199	1411

148	199	1447

133	200	1429

148	200	1447

133	201	1430

148	201	1448

133	202	1431

148	202	1448

132	203	1426

148	203	1450

132	204	1430

148	204	1452

132	205	1436

148	205	1455

132	206	1445

147	206	1451

132	207	1446

147	207	1452

132	208	1453

133	208	1441

134	208	1435

135	208	1435

136	208	1434

137	208	1433

138	208	1431

139	208	1432

140	208	1434

141	208	1436

142	208	1437

143	208	1438

144	208	1441

145	208	1444

146	208	1447

147	208	1451

