162	114	1453

163	114	1454

164	114	1455

161	115	1451

164	115	1457

161	116	1450

164	116	1460

160	117	1451

164	117	1464

160	118	1453

163	118	1462

159	119	1453

163	119	1465

158	120	1441

163	120	1467

157	121	1434

162	121	1465

158	122	1461

162	122	1467

155	123	1435

156	123	1451

157	123	1458

162	123	1471

153	124	1419

154	124	1420

162	124	1475

150	125	1428

151	125	1426

152	125	1426

161	125	1469

146	126	1418

147	126	1417

148	126	1418

149	126	1423

161	126	1470

144	127	1422

145	127	1419

161	127	1471

138	128	1425

139	128	1422

140	128	1419

141	128	1417

142	128	1419

143	128	1421

160	128	1447

137	129	1428

160	129	1436

136	130	1433

160	130	1431

136	131	1429

160	131	1433

135	132	1433

160	132	1434

134	133	1474

160	133	1437

135	134	1431

160	134	1438

134	135	1435

160	135	1439

134	136	1433

160	136	1441

134	137	1434

160	137	1445

134	138	1436

160	138	1450

134	139	1433

160	139	1456

134	140	1429

159	140	1451

134	141	1428

158	141	1450

135	142	1426

157	142	1454

135	143	1429

156	143	1452

134	144	1446

156	144	1460

135	145	1436

155	145	1456

135	146	1433

154	146	1462

135	147	1437

153	147	1474

135	148	1455

152	148	1472

135	149	1463

152	149	1475

135	150	1442

151	150	1469

135	151	1441

151	151	1473

135	152	1439

151	152	1477

135	153	1438

151	153	1483

135	154	1444

151	154	1493

135	155	1457

151	155	1498

135	156	1461

151	156	1496

135	157	1454

151	157	1496

135	158	1448

151	158	1499

135	159	1447

151	159	1505

135	160	1449

151	160	1511

135	161	1456

151	161	1514

135	162	1457

151	162	1515

135	163	1458

151	163	1512

135	164	1458

151	164	1513

135	165	1466

151	165	1514

135	166	1468

151	166	1518

135	167	1469

151	167	1522

135	168	1474

151	168	1523

135	169	1483

136	169	1474

137	169	1470

138	169	1467

139	169	1465

140	169	1466

141	169	1467

142	169	1469

143	169	1469

144	169	1471

145	169	1473

146	169	1479

147	169	1483

148	169	1490

149	169	1498

150	169	1509

151	169	1522

