180	113	1526

181	113	1520

180	114	1528

181	114	1524

180	115	1529

181	115	1527

179	116	1529

181	116	1530

179	117	1531

181	117	1534

178	118	1532

181	118	1534

179	119	1530

181	119	1532

178	120	1532

181	120	1530

177	121	1540

181	121	1530

175	122	1493

176	122	1522

181	122	1530

174	123	1510

181	123	1527

172	124	1503

173	124	1506

181	124	1506

170	125	1490

171	125	1493

182	125	1488

165	126	1486

166	126	1485

167	126	1491

168	126	1489

169	126	1489

182	126	1492

162	127	1496

163	127	1489

164	127	1483

183	127	1496

161	128	1508

184	128	1506

160	129	1514

184	129	1507

160	130	1504

184	130	1506

159	131	1508

185	131	1493

158	132	1509

184	132	1504

158	133	1516

184	133	1509

158	134	1515

184	134	1513

158	135	1514

184	135	1514

158	136	1527

184	136	1511

159	137	1490

183	137	1513

159	138	1489

182	138	1516

159	139	1493

181	139	1518

158	140	1512

181	140	1522

159	141	1503

180	141	1516

159	142	1507

179	142	1515

159	143	1516

178	143	1522

159	144	1524

177	144	1523

159	145	1526

177	145	1526

159	146	1516

176	146	1521

159	147	1512

175	147	1520

159	148	1510

175	148	1520

159	149	1508

174	149	1520

159	150	1505

174	150	1524

158	151	1532

174	151	1528

158	152	1524

173	152	1525

158	153	1516

173	153	1533

158	154	1511

173	154	1535

158	155	1506

173	155	1538

157	156	1514

173	156	1540

157	157	1509

172	157	1539

157	158	1505

172	158	1542

156	159	1543

172	159	1548

156	160	1517

172	160	1551

156	161	1513

172	161	1558

156	162	1513

172	162	1561

155	163	1536

171	163	1559

155	164	1528

156	164	1516

157	164	1509

158	164	1506

159	164	1505

160	164	1505

161	164	1504

162	164	1505

163	164	1506

164	164	1507

165	164	1508

166	164	1512

167	164	1516

168	164	1523

169	164	1532

170	164	1546

171	164	1558

