197	128	1308

198	128	1301

199	128	1309

197	129	1293

200	129	1309

196	130	1290

201	130	1326

196	131	1296

201	131	1308

196	132	1295

202	132	1342

196	133	1310

202	133	1313

196	134	1322

203	134	1342

197	135	1312

203	135	1311

197	136	1304

204	136	1338

198	137	1306

204	137	1347

195	138	1376

196	138	1381

197	138	1322

204	138	1349

198	139	1314

204	139	1331

199	140	1305

204	140	1321

199	141	1307

205	141	1344

199	142	1306

205	142	1354

200	143	1303

205	143	1361

200	144	1305

204	144	1319

200	145	1306

205	145	1365

200	146	1294

205	146	1354

198	147	1300

199	147	1297

205	147	1341

196	148	1304

197	148	1280

205	148	1315

196	149	1284

206	149	1307

194	150	1384

195	150	1321

207	150	1279

193	151	1332

208	151	1270

209	151	1294

192	152	1314

209	152	1274

192	153	1312

210	153	1307

190	154	1347

191	154	1330

210	154	1291

190	155	1314

210	155	1286

188	156	1307

189	156	1319

211	156	1309

187	157	1310

212	157	1335

186	158	1313

212	158	1307

186	159	1287

213	159	1333

185	160	1311

213	160	1333

185	161	1313

212	161	1301

184	162	1347

212	162	1307

185	163	1298

212	163	1318

185	164	1299

212	164	1332

184	165	1373

212	165	1349

185	166	1330

211	166	1317

184	167	1375

211	167	1326

185	168	1332

211	168	1336

185	169	1353

211	169	1348

186	170	1311

210	170	1323

186	171	1346

210	171	1343

186	172	1387

209	172	1333

187	173	1346

209	173	1361

187	174	1362

208	174	1352

188	175	1367

189	175	1323

208	175	1367

188	176	1364

190	176	1327

208	176	1377

190	177	1365

207	177	1352

191	178	1332

207	178	1367

189	179	1366

190	179	1359

207	179	1382

190	180	1343

206	180	1367

190	181	1367

191	181	1358

206	181	1376

192	182	1360

206	182	1387

190	183	1375

192	183	1364

205	183	1377

191	184	1364

205	184	1382

190	185	1365

191	185	1351

205	185	1384

192	186	1347

205	186	1386

192	187	1358

204	187	1374

191	188	1381

204	188	1378

191	189	1374

204	189	1381

191	190	1388

204	190	1384

192	191	1369

204	191	1388

191	192	1375

203	192	1381

191	193	1375

203	193	1386

190	194	1350

202	194	1385

191	195	1380

201	195	1381

191	196	1386

201	196	1387

192	197	1387

193	197	1387

194	197	1383

199	197	1387

200	197	1388

195	198	1384

197	198	1384

198	198	1387

196	199	1388

