117	125	1493

118	125	1491

119	125	1496

116	126	1502

120	126	1499

117	127	1499

121	127	1502

117	128	1509

122	128	1504

118	129	1498

123	129	1508

119	130	1499

123	130	1501

119	131	1512

124	131	1500

120	132	1504

125	132	1504

120	133	1520

125	133	1483

121	134	1472

126	134	1460

127	134	1460

120	135	1478

128	135	1459

129	135	1462

120	136	1473

130	136	1467

119	137	1497

131	137	1467

119	138	1478

132	138	1469

118	139	1484

133	139	1469

117	140	1473

134	140	1470

117	141	1458

135	141	1476

116	142	1459

135	142	1473

115	143	1474

135	143	1475

115	144	1463

135	144	1479

114	145	1458

135	145	1481

113	146	1464

135	146	1479

113	147	1462

135	147	1475

113	148	1470

135	148	1473

113	149	1474

135	149	1472

113	150	1477

135	150	1475

113	151	1475

136	151	1494

113	152	1472

136	152	1499

113	153	1474

136	153	1501

113	154	1483

136	154	1499

114	155	1492

136	155	1495

115	156	1474

136	156	1489

116	157	1470

137	157	1500

116	158	1500

137	158	1493

117	159	1486

138	159	1503

118	160	1495

138	160	1503

119	161	1498

120	161	1472

139	161	1515

121	162	1472

139	162	1517

121	163	1489

140	163	1528

122	164	1475

140	164	1522

123	165	1491

141	165	1521

124	166	1475

141	166	1522

124	167	1494

142	167	1536

125	168	1485

142	168	1529

125	169	1492

143	169	1534

126	170	1486

143	170	1531

126	171	1512

144	171	1538

127	172	1491

145	172	1550

127	173	1494

145	173	1541

127	174	1506

146	174	1553

128	175	1499

147	175	1558

128	176	1507

147	176	1555

129	177	1502

148	177	1558

129	178	1510

149	178	1560

130	179	1507

149	179	1556

130	180	1513

149	180	1556

130	181	1522

131	181	1509

132	181	1504

133	181	1500

134	181	1501

135	181	1500

136	181	1501

137	181	1501

138	181	1502

139	181	1504

140	181	1504

141	181	1506

142	181	1509

143	181	1514

144	181	1518

145	181	1519

146	181	1524

147	181	1532

148	181	1543

149	181	1554

150	181	1563

