159	154	1702

158	155	1693

160	155	1699

158	156	1688

161	156	1713

158	157	1690

160	157	1691

158	158	1688

161	158	1708

158	159	1691

161	159	1707

158	160	1692

161	160	1703

157	161	1698

160	161	1693

157	162	1695

160	162	1695

157	163	1692

160	163	1695

157	164	1690

161	164	1719

157	165	1689

160	165	1697

156	166	1694

160	166	1702

156	167	1692

159	167	1692

156	168	1689

159	168	1695

154	169	1664

155	169	1681

159	169	1699

149	170	1659

150	170	1665

151	170	1657

152	170	1654

153	170	1650

160	170	1727

148	171	1653

159	171	1701

146	172	1674

147	172	1655

159	172	1699

145	173	1667

159	173	1699

144	174	1669

159	174	1703

143	175	1695

159	175	1706

142	176	1716

159	176	1711

142	177	1692

158	177	1687

142	178	1685

158	178	1683

142	179	1686

159	179	1696

142	180	1688

159	180	1686

142	181	1692

159	181	1685

142	182	1692

158	182	1677

143	183	1686

158	183	1691

142	184	1716

157	184	1690

142	185	1719

157	185	1708

143	186	1696

156	186	1704

143	187	1711

156	187	1729

144	188	1706

155	188	1733

144	189	1712

155	189	1748

144	190	1711

154	190	1728

144	191	1709

154	191	1730

144	192	1707

154	192	1733

144	193	1711

154	193	1741

143	194	1731

154	194	1747

143	195	1718

154	195	1753

143	196	1716

154	196	1755

143	197	1716

154	197	1756

143	198	1718

153	198	1737

142	199	1739

153	199	1742

143	200	1720

153	200	1747

142	201	1740

153	201	1753

142	202	1742

153	202	1757

142	203	1742

153	203	1765

142	204	1735

153	204	1764

142	205	1733

153	205	1766

141	206	1774

153	206	1763

141	207	1766

153	207	1769

141	208	1762

153	208	1771

141	209	1757

153	209	1771

141	210	1752

153	210	1768

141	211	1759

153	211	1765

141	212	1762

153	212	1767

141	213	1766

153	213	1768

141	214	1763

153	214	1772

188	214	1776

141	215	1762

142	215	1746

143	215	1738

144	215	1734

145	215	1734

146	215	1736

147	215	1738

148	215	1738

149	215	1740

150	215	1745

151	215	1753

152	215	1762

153	215	1774

188	215	1773

