210	157	1711

210	158	1714

211	158	1717

210	159	1718

211	159	1721

210	160	1718

211	160	1723

210	161	1720

212	161	1730

209	162	1711

212	162	1727

209	163	1702

212	163	1726

209	164	1694

212	164	1729

209	165	1717

212	165	1733

209	166	1724

212	166	1733

208	167	1750

212	167	1735

209	168	1727

212	168	1735

209	169	1726

213	169	1744

208	170	1700

214	170	1766

206	171	1699

207	171	1695

213	171	1744

205	172	1699

213	172	1734

204	173	1690

213	173	1705

203	174	1684

214	174	1710

202	175	1690

214	175	1696

200	176	1714

201	176	1696

215	176	1723

199	177	1699

215	177	1719

198	178	1700

215	178	1714

197	179	1701

216	179	1754

197	180	1697

216	180	1731

196	181	1689

216	181	1725

196	182	1712

216	182	1731

196	183	1703

216	183	1748

196	184	1672

215	184	1721

196	185	1690

215	185	1737

196	186	1693

214	186	1716

196	187	1703

214	187	1726

197	188	1705

214	188	1742

198	189	1705

214	189	1769

198	190	1714

213	190	1753

199	191	1708

213	191	1788

199	192	1733

212	192	1770

200	193	1724

212	193	1793

201	194	1727

211	194	1765

201	195	1731

211	195	1774

201	196	1734

211	196	1786

201	197	1741

211	197	1795

202	198	1737

211	198	1802

202	199	1741

210	199	1780

201	200	1764

210	200	1783

201	201	1762

210	201	1788

201	202	1759

210	202	1790

201	203	1763

210	203	1793

201	204	1767

210	204	1798

201	205	1778

210	205	1800

201	206	1786

210	206	1802

201	207	1792

209	207	1793

201	208	1793

209	208	1796

201	209	1802

209	209	1799

201	210	1804

209	210	1799

201	211	1802

208	211	1802

202	212	1791

208	212	1802

202	213	1796

208	213	1803

202	214	1804

203	214	1797

204	214	1797

205	214	1795

206	214	1795

207	214	1797

208	214	1801

