171	170	2102

172	170	2085

173	170	2099

171	171	2092

173	171	2080

171	172	2094

173	172	2075

171	173	2086

173	173	2075

171	174	2071

173	174	2074

171	175	2064

173	175	2073

171	176	2067

173	176	2076

170	177	2109

173	177	2079

170	178	2077

173	178	2088

170	179	2070

173	179	2096

170	180	2068

173	180	2121

169	181	2093

172	181	2076

167	182	2050

168	182	2053

172	182	2086

166	183	2042

172	183	2086

163	184	2058

164	184	2043

165	184	2033

172	184	2085

162	185	2054

172	185	2083

161	186	2050

172	186	2087

159	187	2129

160	187	2066

172	187	2082

174	187	2082

175	187	2048

176	187	2044

177	187	2046

178	187	2057

159	188	2097

173	188	2067

177	188	2041

178	188	2059

158	189	2092

176	189	2056

158	190	2082

174	190	2059

175	190	2082

158	191	2081

173	191	2053

158	192	2093

173	192	2076

158	193	2100

172	193	2077

158	194	2112

171	194	2083

159	195	2080

169	195	2064

170	195	2090

159	196	2100

168	196	2074

160	197	2089

168	197	2109

160	198	2107

167	198	2097

159	199	2141

167	199	2105

159	200	2118

167	200	2114

159	201	2102

167	201	2123

159	202	2097

167	202	2131

158	203	2138

167	203	2140

158	204	2131

167	204	2148

158	205	2128

167	205	2150

158	206	2122

167	206	2145

158	207	2117

167	207	2150

158	208	2115

166	208	2124

158	209	2115

166	209	2138

157	210	2150

165	210	2115

157	211	2146

165	211	2123

157	212	2140

165	212	2126

157	213	2131

165	213	2129

157	214	2128

165	214	2132

157	215	2127

165	215	2129

157	216	2125

165	216	2130

157	217	2123

165	217	2130

157	218	2122

165	218	2131

197	218	2150

157	219	2124

158	219	2110

159	219	2104

160	219	2099

161	219	2096

162	219	2097

163	219	2103

164	219	2113

165	219	2129

197	219	2147

