154	131	1383

155	131	1386

154	132	1385

155	132	1389

153	133	1383

155	133	1389

153	134	1382

155	134	1387

153	135	1382

155	135	1387

153	136	1382

155	136	1387

153	137	1383

155	137	1389

153	138	1382

155	138	1389

153	139	1384

155	139	1389

152	140	1385

155	140	1388

152	141	1386

155	141	1390

152	142	1386

155	142	1394

152	143	1386

155	143	1395

151	144	1385

155	144	1397

151	145	1385

155	145	1399

151	146	1384

155	146	1404

151	147	1386

154	147	1400

146	148	1364

147	148	1373

150	148	1382

154	148	1400

144	149	1351

145	149	1352

148	149	1374

149	149	1385

154	149	1403

142	150	1368

143	150	1362

154	150	1402

139	151	1357

140	151	1356

141	151	1357

153	151	1398

136	152	1356

137	152	1365

138	152	1361

153	152	1384

135	153	1357

154	153	1360

134	154	1364

154	154	1344

133	155	1367

154	155	1349

132	156	1372

153	156	1365

131	157	1374

153	157	1386

132	158	1387

153	158	1394

132	159	1381

152	159	1383

131	160	1384

152	160	1387

131	161	1381

152	161	1390

131	162	1395

152	162	1391

131	163	1396

152	163	1387

131	164	1402

152	164	1386

131	165	1413

152	165	1388

131	166	1391

151	166	1395

132	167	1395

151	167	1410

131	168	1442

150	168	1416

132	169	1403

150	169	1430

132	170	1378

149	170	1428

133	171	1390

148	171	1429

133	172	1389

148	172	1441

133	173	1405

147	173	1440

133	174	1404

147	174	1449

133	175	1416

146	175	1440

132	176	1458

146	176	1442

132	177	1411

146	177	1442

132	178	1402

146	178	1447

132	179	1435

146	179	1448

132	180	1419

146	180	1453

132	181	1419

146	181	1458

132	182	1418

146	182	1464

132	183	1418

146	183	1467

132	184	1418

146	184	1468

131	185	1428

145	185	1459

131	186	1438

145	186	1462

131	187	1441

145	187	1465

131	188	1438

145	188	1467

131	189	1438

145	189	1470

130	190	1432

145	190	1473

130	191	1395

145	191	1474

131	192	1437

145	192	1475

130	193	1463

145	193	1478

130	194	1447

145	194	1481

130	195	1445

145	195	1485

130	196	1448

144	196	1473

129	197	1444

144	197	1475

129	198	1459

144	198	1476

129	199	1462

144	199	1476

129	200	1463

144	200	1476

129	201	1461

144	201	1477

128	202	1468

144	202	1478

128	203	1470

144	203	1479

128	204	1476

144	204	1481

128	205	1482

144	205	1482

128	206	1476

129	206	1467

130	206	1461

131	206	1457

132	206	1456

133	206	1455

134	206	1454

135	206	1454

136	206	1455

137	206	1456

138	206	1457

139	206	1457

140	206	1459

141	206	1464

142	206	1470

143	206	1476

144	206	1482

