155	152	1726

155	153	1715

156	153	1718

155	154	1711

156	154	1717

154	155	1710

156	155	1717

154	156	1711

156	156	1719

154	157	1712

156	157	1718

153	158	1721

156	158	1720

153	159	1712

156	159	1720

153	160	1711

156	160	1723

153	161	1708

155	161	1713

152	162	1716

155	162	1715

152	163	1713

155	163	1719

152	164	1710

155	164	1722

151	165	1726

155	165	1728

151	166	1712

154	166	1716

149	167	1692

150	167	1704

154	167	1720

145	168	1686

146	168	1686

147	168	1683

148	168	1680

154	168	1721

142	169	1692

143	169	1680

144	169	1677

154	169	1714

140	170	1713

141	170	1697

154	170	1691

139	171	1697

154	171	1685

138	172	1708

154	172	1700

138	173	1706

153	173	1695

137	174	1712

153	174	1704

137	175	1707

153	175	1708

137	176	1709

153	176	1718

137	177	1709

153	177	1719

137	178	1709

153	178	1716

137	179	1711

153	179	1714

137	180	1715

152	180	1707

137	181	1720

152	181	1730

137	182	1728

151	182	1732

137	183	1743

150	183	1737

138	184	1728

150	184	1761

138	185	1741

149	185	1761

138	186	1749

149	186	1786

138	187	1743

148	187	1764

138	188	1738

148	188	1765

137	189	1758

148	189	1773

137	190	1750

147	190	1758

137	191	1748

147	191	1764

137	192	1747

147	192	1768

136	193	1771

147	193	1776

136	194	1761

147	194	1786

136	195	1763

147	195	1793

136	196	1764

147	196	1793

136	197	1767

146	197	1776

136	198	1762

146	198	1783

135	199	1780

146	199	1793

135	200	1776

146	200	1798

135	201	1778

146	201	1803

135	202	1777

146	202	1805

135	203	1774

145	203	1787

135	204	1780

145	204	1791

134	205	1807

145	205	1793

134	206	1797

145	206	1791

134	207	1794

145	207	1795

134	208	1793

145	208	1798

134	209	1788

145	209	1799

134	210	1788

145	210	1795

134	211	1792

145	211	1794

134	212	1796

145	212	1798

134	213	1797

135	213	1781

136	213	1776

137	213	1773

138	213	1773

139	213	1773

140	213	1773

141	213	1776

142	213	1780

143	213	1787

144	213	1793

145	213	1800

182	213	1810

