181	117	1472

182	117	1476

183	117	1480

181	118	1474

183	118	1480

180	119	1471

183	119	1479

181	120	1474

183	120	1479

180	121	1475

183	121	1481

181	122	1480

183	122	1485

180	123	1479

183	123	1488

180	124	1480

183	124	1489

179	125	1481

183	125	1489

178	126	1478

183	126	1489

175	127	1495

176	127	1482

177	127	1485

184	127	1498

174	128	1507

184	128	1505

172	129	1465

173	129	1465

184	129	1494

171	130	1456

185	130	1479

169	131	1452

170	131	1450

185	131	1470

165	132	1448

166	132	1443

167	132	1443

168	132	1445

186	132	1471

163	133	1456

164	133	1451

185	133	1465

162	134	1458

185	134	1464

161	135	1462

185	135	1464

161	136	1462

185	136	1466

160	137	1470

185	137	1469

160	138	1457

185	138	1469

160	139	1451

185	139	1469

160	140	1451

185	140	1472

160	141	1454

185	141	1475

160	142	1456

185	142	1477

160	143	1458

185	143	1479

159	144	1463

184	144	1480

160	145	1453

183	145	1480

159	146	1458

183	146	1486

160	147	1476

182	147	1486

160	148	1515

181	148	1486

182	148	1456

160	149	1474

180	149	1491

160	150	1482

179	150	1492

161	151	1463

178	151	1491

161	152	1457

178	152	1493

161	153	1452

177	153	1489

160	154	1457

177	154	1489

160	155	1468

176	155	1486

160	156	1469

176	156	1489

160	157	1476

176	157	1499

160	158	1472

175	158	1500

160	159	1467

175	159	1506

159	160	1477

175	160	1511

159	161	1472

175	161	1516

159	162	1476

175	162	1524

159	163	1474

174	163	1514

159	164	1475

174	164	1516

158	165	1486

174	165	1520

158	166	1492

174	166	1523

158	167	1481

174	167	1524

158	168	1480

174	168	1529

158	169	1474

174	169	1536

157	170	1471

174	170	1544

157	171	1488

174	171	1546

157	172	1493

174	172	1545

157	173	1490

174	173	1546

156	174	1508

174	174	1546

156	175	1502

174	175	1556

156	176	1503

174	176	1560

156	177	1498

173	177	1549

156	178	1499

173	178	1549

155	179	1520

173	179	1556

155	180	1521

173	180	1557

155	181	1518

172	181	1543

155	182	1516

173	182	1561

155	183	1519

156	183	1507

157	183	1501

158	183	1499

159	183	1500

160	183	1499

161	183	1499

162	183	1497

163	183	1497

164	183	1496

165	183	1497

166	183	1498

167	183	1502

168	183	1507

169	183	1515

170	183	1522

171	183	1533

172	183	1547

