160	154	1712

159	155	1701

161	155	1710

159	156	1702

161	156	1705

159	157	1702

161	157	1705

159	158	1703

161	158	1708

159	159	1700

162	159	1732

158	160	1715

162	160	1725

158	161	1697

162	161	1721

158	162	1695

161	162	1706

157	163	1717

161	163	1706

157	164	1709

161	164	1706

158	165	1692

161	165	1709

157	166	1699

161	166	1711

157	167	1690

160	167	1702

155	168	1690

156	168	1683

160	168	1704

153	169	1663

154	169	1666

160	169	1707

149	170	1667

150	170	1661

151	170	1658

152	170	1651

160	170	1705

148	171	1664

160	171	1705

146	172	1704

147	172	1676

160	172	1706

145	173	1690

160	173	1710

144	174	1705

160	174	1714

144	175	1699

159	175	1703

143	176	1713

159	176	1702

143	177	1694

159	177	1696

143	178	1687

159	178	1688

144	179	1686

160	179	1703

143	180	1694

159	180	1679

143	181	1698

159	181	1682

143	182	1702

159	182	1689

144	183	1693

159	183	1704

144	184	1695

158	184	1704

144	185	1700

158	185	1726

144	186	1706

157	186	1716

144	187	1724

156	187	1722

144	188	1749

156	188	1751

144	189	1763

155	189	1743

144	190	1751

155	190	1744

144	191	1730

155	191	1746

144	192	1733

155	192	1750

144	193	1724

155	193	1756

144	194	1725

154	194	1737

144	195	1728

154	195	1743

144	196	1728

154	196	1748

143	197	1754

154	197	1754

143	198	1753

154	198	1755

144	199	1728

154	199	1759

144	200	1728

154	200	1762

143	201	1748

154	201	1765

143	202	1748

154	202	1763

143	203	1749

154	203	1769

143	204	1748

154	204	1776

143	205	1747

153	205	1758

143	206	1749

153	206	1761

143	207	1753

153	207	1761

142	208	1779

153	208	1763

142	209	1777

153	209	1763

142	210	1769

154	210	1782

142	211	1768

154	211	1780

142	212	1763

154	212	1781

142	213	1769

154	213	1781

142	214	1769

143	214	1752

144	214	1743

145	214	1741

146	214	1740

147	214	1743

148	214	1744

149	214	1745

150	214	1747

151	214	1747

152	214	1756

153	214	1765

154	214	1780

