159	155	1721

160	155	1722

159	156	1716

160	156	1716

159	157	1710

160	157	1710

159	158	1710

161	158	1719

159	159	1711

161	159	1718

159	160	1713

161	160	1719

158	161	1716

161	161	1717

158	162	1717

161	162	1717

158	163	1715

161	163	1719

157	164	1719

161	164	1721

157	165	1717

160	165	1710

157	166	1713

160	166	1712

157	167	1709

160	167	1714

156	168	1719

160	168	1719

154	169	1701

155	169	1723

160	169	1718

152	170	1681

153	170	1679

159	170	1707

149	171	1678

150	171	1675

151	171	1673

159	171	1708

147	172	1697

148	172	1677

159	172	1711

146	173	1699

159	173	1713

145	174	1691

159	174	1713

144	175	1705

159	175	1715

143	176	1742

159	176	1718

143	177	1721

159	177	1718

143	178	1708

159	178	1713

144	179	1700

160	179	1727

144	180	1700

160	180	1718

144	181	1701

159	181	1700

144	182	1703

159	182	1706

144	183	1704

159	183	1718

144	184	1706

158	184	1709

144	185	1707

158	185	1728

144	186	1715

157	186	1725

144	187	1725

157	187	1756

145	188	1721

156	188	1754

145	189	1730

156	189	1780

145	190	1735

155	190	1757

145	191	1733

155	191	1757

144	192	1768

155	192	1757

144	193	1757

154	193	1743

144	194	1749

154	194	1747

144	195	1746

154	195	1755

144	196	1741

154	196	1758

144	197	1742

154	197	1759

144	198	1739

154	198	1760

144	199	1742

154	199	1765

143	200	1763

154	200	1775

144	201	1746

154	201	1778

143	202	1756

154	202	1781

143	203	1756

154	203	1788

143	204	1757

153	204	1771

143	205	1763

153	205	1776

143	206	1769

153	206	1775

143	207	1773

153	207	1777

143	208	1770

153	208	1777

143	209	1767

154	209	1794

143	210	1765

154	210	1793

143	211	1768

154	211	1790

143	212	1771

154	212	1793

143	213	1775

154	213	1790

143	214	1775

154	214	1792

142	215	1791

143	215	1773

144	215	1763

145	215	1759

146	215	1758

147	215	1757

148	215	1758

149	215	1761

150	215	1765

151	215	1769

152	215	1777

153	215	1785

154	215	1794

