161	114	1445

162	114	1444

163	114	1443

161	115	1446

163	115	1448

160	116	1447

163	116	1451

160	117	1448

163	117	1452

159	118	1448

163	118	1456

159	119	1449

162	119	1456

159	120	1448

162	120	1458

158	121	1454

162	121	1459

157	122	1455

162	122	1463

155	123	1435

157	123	1456

161	123	1462

152	124	1412

153	124	1410

154	124	1412

156	124	1441

161	124	1464

150	125	1420

151	125	1419

161	125	1464

146	126	1412

147	126	1414

148	126	1420

149	126	1421

160	126	1462

144	127	1412

145	127	1412

160	127	1465

139	128	1411

140	128	1407

141	128	1407

142	128	1410

143	128	1412

160	128	1463

137	129	1420

138	129	1414

159	129	1436

135	130	1460

136	130	1425

159	130	1429

135	131	1433

159	131	1429

134	132	1444

159	132	1428

134	133	1425

159	133	1429

133	134	1402

159	134	1432

133	135	1443

159	135	1434

134	136	1422

159	136	1436

134	137	1423

159	137	1438

134	138	1423

159	138	1440

133	139	1422

159	139	1444

133	140	1388

158	140	1440

133	141	1420

158	141	1446

133	142	1431

157	142	1449

134	143	1420

156	143	1450

134	144	1422

155	144	1449

134	145	1433

154	145	1451

134	146	1443

153	146	1452

135	147	1433

153	147	1469

134	148	1443

152	148	1473

134	149	1449

151	149	1469

135	150	1432

151	150	1471

134	151	1438

150	151	1465

134	152	1435

150	152	1472

134	153	1448

150	153	1478

134	154	1471

150	154	1482

135	155	1436

150	155	1482

134	156	1442

150	156	1486

134	157	1440

150	157	1493

134	158	1452

150	158	1497

134	159	1455

151	159	1511

134	160	1458

151	160	1509

133	161	1485

151	161	1506

134	162	1455

151	162	1507

133	163	1480

151	163	1514

134	164	1462

151	164	1522

134	165	1464

151	165	1522

134	166	1465

151	166	1518

134	167	1469

151	167	1517

134	168	1481

151	168	1522

134	169	1483

151	169	1522

134	170	1478

135	170	1470

136	170	1466

137	170	1464

138	170	1463

139	170	1464

140	170	1463

141	170	1464

142	170	1464

143	170	1466

144	170	1469

145	170	1472

146	170	1476

147	170	1483

148	170	1492

149	170	1500

150	170	1507

151	170	1524

