211	131	1332

210	132	1310

212	132	1311

209	133	1314

213	133	1311

209	134	1313

213	134	1304

209	135	1313

214	135	1323

208	136	1358

214	136	1320

208	137	1363

214	137	1316

209	138	1318

215	138	1353

209	139	1320

215	139	1340

209	140	1329

215	140	1346

209	141	1326

215	141	1352

209	142	1319

215	142	1344

209	143	1322

215	143	1337

210	144	1310

215	144	1337

210	145	1313

215	145	1349

210	146	1314

215	146	1359

210	147	1315

214	147	1328

210	148	1314

214	148	1331

210	149	1316

214	149	1336

207	150	1325

210	150	1303

214	150	1339

205	151	1310

206	151	1288

208	151	1283

209	151	1279

214	151	1342

204	152	1319

214	152	1337

204	153	1297

215	153	1366

200	154	1336

201	154	1343

202	154	1308

203	154	1300

215	154	1314

199	155	1320

216	155	1301

197	156	1342

198	156	1315

216	156	1285

196	157	1307

217	157	1307

194	158	1312

195	158	1300

217	158	1303

193	159	1304

217	159	1304

192	160	1323

217	160	1305

192	161	1305

217	161	1307

191	162	1332

217	162	1306

191	163	1314

218	163	1346

190	164	1394

218	164	1332

191	165	1308

218	165	1327

190	166	1368

218	166	1326

190	167	1367

218	167	1334

190	168	1388

217	168	1318

190	169	1350

217	169	1338

191	170	1312

216	170	1320

191	171	1322

216	171	1337

190	172	1346

215	172	1318

189	173	1382

191	173	1317

215	173	1333

190	174	1383

192	174	1316

215	174	1351

192	175	1347

214	175	1339

193	176	1321

213	176	1339

193	177	1341

213	177	1370

193	178	1362

212	178	1370

194	179	1353

211	179	1363

194	180	1361

211	180	1383

194	181	1355

210	181	1367

193	182	1385

210	182	1386

194	183	1357

209	183	1375

193	184	1375

195	184	1367

209	184	1388

192	185	1392

195	185	1368

208	185	1380

194	186	1380

208	186	1390

194	187	1379

207	187	1381

194	188	1382

207	188	1387

194	189	1383

207	189	1390

194	190	1373

207	190	1392

193	191	1390

206	191	1382

193	192	1391

206	192	1389

194	193	1380

206	193	1393

194	194	1389

205	194	1390

193	195	1392

205	195	1393

190	196	1391

193	196	1386

204	196	1394

193	197	1390

203	197	1393

193	198	1390

202	198	1393

193	199	1392

194	199	1395

202	199	1396

191	200	1396

195	200	1395

200	200	1394

201	200	1395

190	201	1379

196	201	1395

197	201	1394

198	201	1393

199	201	1395

