156	155	1748

157	155	1751

156	156	1745

157	156	1747

155	157	1752

157	157	1745

155	158	1750

157	158	1745

155	159	1746

157	159	1748

155	160	1744

157	160	1748

155	161	1745

157	161	1749

154	162	1759

157	162	1751

154	163	1754

157	163	1754

154	164	1752

157	164	1756

154	165	1749

156	165	1748

153	166	1758

156	166	1752

153	167	1754

156	167	1757

153	168	1749

156	168	1760

149	169	1723

150	169	1716

151	169	1727

152	169	1742

156	169	1764

146	170	1719

147	170	1721

148	170	1717

155	170	1753

144	171	1719

145	171	1709

156	171	1756

142	172	1733

143	172	1720

156	172	1724

141	173	1729

156	173	1707

140	174	1753

156	174	1718

139	175	1764

155	175	1722

139	176	1746

155	176	1744

139	177	1744

155	177	1754

139	178	1745

154	178	1740

139	179	1748

154	179	1743

139	180	1751

154	180	1747

139	181	1752

154	181	1757

139	182	1753

153	182	1750

140	183	1747

153	183	1768

140	184	1754

152	184	1765

140	185	1759

152	185	1794

140	186	1770

151	186	1795

140	187	1779

150	187	1797

140	188	1784

150	188	1809

140	189	1778

149	189	1792

140	190	1777

149	190	1798

140	191	1774

149	191	1807

139	192	1783

149	192	1813

139	193	1777

149	193	1820

138	194	1797

149	194	1823

138	195	1794

149	195	1831

138	196	1794

148	196	1810

138	197	1793

148	197	1815

138	198	1796

148	198	1820

137	199	1837

148	199	1828

137	200	1833

148	200	1834

137	201	1830

148	201	1840

137	202	1820

148	202	1840

137	203	1818

148	203	1844

137	204	1816

147	204	1824

136	205	1842

147	205	1829

136	206	1832

147	206	1835

136	207	1830

147	207	1835

136	208	1830

147	208	1831

136	209	1826

147	209	1827

136	210	1824

147	210	1832

136	211	1825

147	211	1837

136	212	1829

147	212	1840

136	213	1833

137	213	1819

138	213	1813

139	213	1808

140	213	1805

141	213	1800

142	213	1803

143	213	1808

144	213	1816

145	213	1823

146	213	1831

147	213	1839

