159	154	1684

160	154	1683

159	155	1679

161	155	1688

159	156	1680

161	156	1685

159	157	1678

161	157	1681

159	158	1677

161	158	1681

158	159	1687

161	159	1682

158	160	1682

161	160	1684

158	161	1677

161	161	1683

158	162	1676

161	162	1684

157	163	1681

161	163	1686

158	164	1673

161	164	1688

157	165	1674

161	165	1690

157	166	1670

160	166	1679

156	167	1711

160	167	1682

156	168	1671

160	168	1683

153	169	1649

154	169	1655

155	169	1664

160	169	1686

150	170	1652

151	170	1636

152	170	1633

160	170	1690

148	171	1646

149	171	1639

160	171	1691

147	172	1647

160	172	1690

145	173	1679

146	173	1654

160	173	1689

144	174	1663

160	174	1694

143	175	1697

159	175	1684

143	176	1678

159	176	1688

142	177	1713

159	177	1685

142	178	1682

160	178	1701

142	179	1686

160	179	1691

143	180	1669

159	180	1663

143	181	1672

159	181	1665

143	182	1669

159	182	1668

143	183	1674

159	183	1683

143	184	1679

158	184	1681

143	185	1691

158	185	1710

144	186	1678

157	186	1703

144	187	1684

157	187	1725

144	188	1702

156	188	1719

145	189	1696

156	189	1739

144	190	1720

155	190	1720

144	191	1709

155	191	1723

145	192	1690

155	192	1720

144	193	1698

155	193	1727

144	194	1693

155	194	1733

144	195	1698

154	195	1722

144	196	1704

154	196	1722

144	197	1710

154	197	1724

144	198	1709

154	198	1727

143	199	1719

154	199	1732

143	200	1712

154	200	1736

143	201	1715

154	201	1741

142	202	1749

154	202	1747

142	203	1762

154	203	1751

142	204	1758

154	204	1753

142	205	1759

154	205	1754

142	206	1756

154	206	1758

142	207	1746

154	207	1762

142	208	1742

153	208	1745

142	209	1738

153	209	1747

142	210	1736

154	210	1764

142	211	1734

154	211	1762

142	212	1735

154	212	1758

189	212	1763

142	213	1737

154	213	1757

189	213	1760

142	214	1742

154	214	1758

189	214	1757

142	215	1743

154	215	1761

188	215	1764

189	215	1755

141	216	1763

142	216	1741

143	216	1729

144	216	1723

145	216	1721

146	216	1720

147	216	1721

148	216	1723

149	216	1726

150	216	1730

151	216	1732

152	216	1738

153	216	1748

154	216	1760

188	216	1762

189	216	1754

