210	137	1443

211	137	1456

209	138	1429

212	138	1441

213	138	1458

209	139	1424

213	139	1448

208	140	1445

213	140	1445

208	141	1440

213	141	1446

208	142	1448

213	142	1445

208	143	1440

214	143	1465

209	144	1438

215	144	1447

210	145	1434

214	145	1461

210	146	1436

213	146	1443

209	147	1443

213	147	1444

209	148	1444

214	148	1471

209	149	1442

214	149	1475

209	150	1441

214	150	1481

209	151	1443

214	151	1474

209	152	1441

214	152	1483

209	153	1444

213	153	1462

209	154	1441

213	154	1466

206	155	1451

207	155	1427

209	155	1431

213	155	1460

205	156	1445

208	156	1416

213	156	1446

204	157	1454

213	157	1426

203	158	1460

214	158	1451

201	159	1461

202	159	1443

215	159	1455

199	160	1445

200	160	1434

216	160	1446

198	161	1432

216	161	1420

196	162	1425

197	162	1419

217	162	1445

194	163	1441

195	163	1421

217	163	1443

193	164	1471

217	164	1446

193	165	1455

217	165	1448

193	166	1464

217	166	1447

193	167	1434

217	167	1444

193	168	1439

218	168	1483

193	169	1431

218	169	1480

193	170	1423

217	170	1449

193	171	1424

217	171	1467

193	172	1423

216	172	1449

193	173	1431

216	173	1465

192	174	1467

215	174	1446

193	175	1430

215	175	1460

193	176	1424

215	176	1482

194	177	1432

214	177	1467

194	178	1476

213	178	1470

194	179	1503

195	179	1446

212	179	1475

194	180	1530

196	180	1441

211	180	1482

195	181	1501

211	181	1507

195	182	1467

210	182	1489

194	183	1471

210	183	1513

194	184	1452

209	184	1500

195	185	1487

209	185	1526

195	186	1498

208	186	1518

194	187	1519

207	187	1513

194	188	1499

207	188	1528

194	189	1511

206	189	1513

193	190	1498

206	190	1518

191	191	1477

192	191	1491

194	191	1514

206	191	1525

192	192	1509

193	192	1523

206	192	1529

193	193	1514

205	193	1522

194	194	1505

205	194	1529

194	195	1516

204	195	1526

194	196	1522

203	196	1526

194	197	1524

202	197	1525

194	198	1523

202	198	1530

194	199	1531

195	199	1519

201	199	1529

196	200	1524

199	200	1525

200	200	1530

196	201	1531

197	201	1527

198	201	1527

