209	158	1668

210	158	1669

211	158	1674

210	159	1671

211	159	1675

210	160	1670

211	160	1675

210	161	1672

211	161	1677

210	162	1672

212	162	1684

210	163	1676

212	163	1686

209	164	1675

212	164	1686

208	165	1663

211	165	1682

209	166	1673

211	166	1684

206	167	1646

207	167	1654

208	167	1648

211	167	1687

205	168	1637

211	168	1684

204	169	1641

212	169	1677

203	170	1657

213	170	1662

214	170	1678

202	171	1639

214	171	1665

201	172	1634

214	172	1661

199	173	1643

200	173	1631

214	173	1664

198	174	1643

214	174	1664

196	175	1658

197	175	1651

214	175	1664

195	176	1646

215	176	1699

195	177	1652

215	177	1684

195	178	1654

215	178	1676

195	179	1651

215	179	1675

195	180	1650

215	180	1683

195	181	1646

215	181	1700

195	182	1645

214	182	1678

195	183	1657

214	183	1692

195	184	1668

213	184	1672

195	185	1668

213	185	1689

195	186	1691

213	186	1711

196	187	1667

212	187	1698

197	188	1662

211	188	1693

197	189	1674

211	189	1717

198	190	1673

210	190	1705

199	191	1671

210	191	1721

199	192	1679

210	192	1739

199	193	1682

210	193	1755

199	194	1679

209	194	1729

199	195	1684

209	195	1740

199	196	1695

209	196	1751

199	197	1698

208	197	1734

199	198	1709

208	198	1739

199	199	1717

208	199	1741

199	200	1719

208	200	1744

199	201	1716

208	201	1748

199	202	1720

208	202	1754

199	203	1730

207	203	1741

199	204	1737

200	204	1727

201	204	1721

202	204	1721

203	204	1722

204	204	1725

205	204	1727

206	204	1734

207	204	1744

