210	157	1701

211	157	1706

210	158	1706

212	158	1713

209	159	1696

212	159	1719

209	160	1698

212	160	1721

210	161	1715

212	161	1723

210	162	1716

212	162	1719

210	163	1720

212	163	1721

210	164	1717

212	164	1722

210	165	1720

213	165	1731

210	166	1720

213	166	1730

210	167	1721

213	167	1731

210	168	1719

213	168	1730

210	169	1714

213	169	1734

208	170	1688

209	170	1691

214	170	1758

207	171	1692

214	171	1762

205	172	1670

206	172	1699

213	172	1721

204	173	1662

214	173	1714

204	174	1684

214	174	1695

202	175	1670

203	175	1681

215	175	1715

201	176	1679

215	176	1706

199	177	1680

200	177	1681

215	177	1702

198	178	1691

216	178	1745

198	179	1697

216	179	1731

197	180	1707

216	180	1719

197	181	1701

217	181	1762

197	182	1698

217	182	1771

196	183	1724

217	183	1795

197	184	1704

216	184	1745

197	185	1701

215	185	1718

197	186	1692

215	186	1731

197	187	1696

215	187	1748

197	188	1710

214	188	1726

198	189	1708

214	189	1753

198	190	1707

214	190	1788

199	191	1720

213	191	1769

200	192	1724

212	192	1754

200	193	1734

212	193	1768

201	194	1721

212	194	1785

201	195	1726

212	195	1802

201	196	1736

211	196	1777

201	197	1750

211	197	1784

202	198	1738

211	198	1796

202	199	1742

211	199	1803

202	200	1746

210	200	1782

202	201	1748

210	201	1779

201	202	1765

210	202	1780

201	203	1768

210	203	1784

201	204	1782

210	204	1787

201	205	1788

210	205	1788

201	206	1787

210	206	1790

201	207	1786

210	207	1794

201	208	1791

210	208	1799

201	209	1795

210	209	1802

201	210	1796

209	210	1799

202	211	1794

209	211	1800

202	212	1798

209	212	1800

202	213	1800

203	213	1792

204	213	1786

205	213	1787

206	213	1788

207	213	1795

208	213	1798

209	213	1803

