214	136	1410

212	137	1416

213	137	1396

215	137	1397

211	138	1424

216	138	1406

212	139	1399

216	139	1403

212	140	1405

217	140	1429

212	141	1400

217	141	1432

212	142	1415

217	142	1429

212	143	1407

217	143	1426

212	144	1421

217	144	1420

213	145	1400

217	145	1419

213	146	1404

217	146	1420

213	147	1407

217	147	1424

213	148	1405

217	148	1425

212	149	1416

217	149	1428

213	150	1402

217	150	1432

213	151	1404

217	151	1435

213	152	1407

217	152	1438

213	153	1405

217	153	1446

212	154	1396

216	154	1421

209	155	1397

210	155	1378

211	155	1374

216	155	1395

207	156	1438

208	156	1404

216	156	1372

207	157	1421

217	157	1386

205	158	1433

206	158	1403

218	158	1393

202	159	1430

203	159	1406

204	159	1398

219	159	1390

201	160	1417

220	160	1395

199	161	1405

200	161	1399

221	161	1413

197	162	1404

198	162	1389

221	162	1404

197	163	1394

221	163	1404

196	164	1426

221	164	1406

197	165	1387

221	165	1408

197	166	1380

221	166	1410

196	167	1407

221	167	1409

196	168	1397

221	168	1406

196	169	1391

221	169	1413

194	170	1441

195	170	1460

221	170	1428

194	171	1414

196	171	1407

220	171	1412

194	172	1448

196	172	1414

220	172	1431

196	173	1420

219	173	1410

196	174	1426

219	174	1426

196	175	1434

218	175	1408

196	176	1462

218	176	1428

196	177	1490

197	177	1436

217	177	1421

198	178	1402

216	178	1428

217	178	1454

198	179	1431

215	179	1437

197	180	1494

215	180	1464

198	181	1477

214	181	1455

198	182	1447

214	182	1479

198	183	1446

213	183	1465

197	184	1439

199	184	1426

212	184	1458

197	185	1491

198	185	1463

212	185	1480

198	186	1456

211	186	1474

196	187	1478

197	187	1470

211	187	1495

196	188	1475

210	188	1488

196	189	1466

210	189	1496

195	190	1483

209	190	1477

194	191	1466

196	191	1458

209	191	1481

194	192	1493

195	192	1462

209	192	1490

195	193	1457

208	193	1483

194	194	1490

208	194	1490

195	195	1488

207	195	1483

195	196	1495

207	196	1494

194	197	1494

195	197	1496

206	197	1494

193	198	1492

194	198	1494

196	198	1493

205	198	1494

194	199	1496

195	199	1496

204	199	1490

195	200	1496

196	200	1494

204	200	1495

197	201	1491

203	201	1494

197	202	1495

198	202	1493

202	202	1492

199	203	1496

200	203	1495

201	203	1494

