209	156	1631

210	156	1633

211	156	1636

209	157	1631

211	157	1636

209	158	1632

211	158	1638

209	159	1638

211	159	1643

208	160	1642

211	160	1645

208	161	1639

211	161	1647

208	162	1637

211	162	1645

208	163	1637

211	163	1647

208	164	1642

211	164	1647

207	165	1643

211	165	1646

206	166	1616

211	166	1643

205	167	1605

211	167	1632

204	168	1598

212	168	1622

203	169	1608

213	169	1605

202	170	1599

214	170	1610

200	171	1626

201	171	1604

215	171	1655

198	172	1590

199	172	1608

215	172	1655

197	173	1601

215	173	1653

195	174	1635

196	174	1610

215	174	1650

195	175	1621

215	175	1643

195	176	1614

215	176	1640

194	177	1640

215	177	1635

194	178	1626

216	178	1680

194	179	1626

215	179	1641

195	180	1614

215	180	1657

194	181	1632

214	181	1636

194	182	1651

214	182	1649

195	183	1609

214	183	1665

195	184	1608

213	184	1642

195	185	1615

213	185	1664

196	186	1627

212	186	1654

196	187	1643

211	187	1657

197	188	1645

211	188	1682

198	189	1642

211	189	1707

198	190	1655

210	190	1683

198	191	1659

210	191	1697

199	192	1649

210	192	1713

199	193	1655

209	193	1699

199	194	1667

209	194	1717

199	195	1675

208	195	1707

199	196	1678

208	196	1708

199	197	1676

208	197	1712

199	198	1677

208	198	1715

199	199	1677

207	199	1701

199	200	1681

207	200	1707

199	201	1684

207	201	1710

199	202	1688

207	202	1718

199	203	1698

200	203	1688

201	203	1685

202	203	1687

203	203	1690

204	203	1698

205	203	1703

206	203	1712

