179	130	1725

177	131	1708

178	131	1721

179	131	1722

177	132	1726

180	132	1728

177	133	1731

180	133	1729

176	134	1735

180	134	1736

176	135	1730

180	135	1744

175	136	1724

179	136	1734

175	137	1741

179	137	1736

175	138	1727

178	138	1727

174	139	1706

178	139	1722

170	140	1691

171	140	1694

172	140	1697

173	140	1696

178	140	1708

167	141	1692

168	141	1692

169	141	1687

179	141	1698

161	142	1701

162	142	1696

163	142	1687

164	142	1681

165	142	1678

166	142	1680

179	142	1702

160	143	1696

179	143	1697

159	144	1700

180	144	1704

159	145	1703

180	145	1705

158	146	1718

180	146	1705

158	147	1710

180	147	1708

158	148	1700

180	148	1711

158	149	1692

179	149	1704

158	150	1692

179	150	1706

158	151	1694

179	151	1710

158	152	1692

179	152	1723

158	153	1691

178	153	1727

159	154	1682

177	154	1729

158	155	1690

176	155	1723

158	156	1689

175	156	1725

158	157	1695

174	157	1730

157	158	1719

173	158	1728

158	159	1693

172	159	1726

157	160	1702

172	160	1740

157	161	1696

171	161	1727

157	162	1690

170	162	1719

156	163	1710

170	163	1728

156	164	1692

170	164	1738

156	165	1690

170	165	1751

155	166	1704

169	166	1736

155	167	1700

169	167	1746

155	168	1695

169	168	1755

155	169	1694

169	169	1770

154	170	1710

168	170	1749

154	171	1704

168	171	1755

154	172	1699

168	172	1770

153	173	1710

167	173	1753

153	174	1707

167	174	1764

152	175	1726

167	175	1767

152	176	1717

167	176	1770

151	177	1735

167	177	1781

151	178	1728

166	178	1761

151	179	1723

166	179	1768

150	180	1736

166	180	1773

150	181	1728

165	181	1751

149	182	1766

165	182	1755

149	183	1749

165	183	1765

149	184	1739

165	184	1774

149	185	1738

165	185	1779

148	186	1761

165	186	1779

148	187	1758

149	187	1732

150	187	1718

151	187	1710

152	187	1706

153	187	1702

154	187	1702

155	187	1702

156	187	1703

157	187	1702

158	187	1704

159	187	1705

160	187	1710

161	187	1716

162	187	1729

163	187	1741

164	187	1761

