175	113	1432

176	113	1435

177	113	1438

175	114	1430

177	114	1438

174	115	1427

178	115	1445

174	116	1429

177	116	1441

173	117	1431

178	117	1446

173	118	1432

177	118	1450

173	119	1436

177	119	1454

172	120	1438

176	120	1450

169	121	1461

171	121	1442

176	121	1453

168	122	1435

170	122	1437

175	122	1450

167	123	1420

175	123	1453

164	124	1414

165	124	1409

166	124	1411

175	124	1456

160	125	1400

161	125	1403

162	125	1410

163	125	1415

175	125	1461

158	126	1403

159	126	1401

174	126	1457

153	127	1401

154	127	1400

155	127	1398

156	127	1398

157	127	1401

175	127	1463

150	128	1409

151	128	1403

152	128	1405

175	128	1450

150	129	1409

174	129	1423

149	130	1402

175	130	1409

149	131	1413

174	131	1424

148	132	1404

174	132	1426

147	133	1425

174	133	1427

147	134	1431

174	134	1427

147	135	1439

174	135	1427

147	136	1426

174	136	1429

147	137	1396

174	137	1433

147	138	1408

173	138	1428

146	139	1449

173	139	1433

147	140	1417

172	140	1435

146	141	1422

171	141	1435

147	142	1418

170	142	1432

148	143	1411

170	143	1444

148	144	1412

169	144	1449

148	145	1412

168	145	1452

148	146	1414

167	146	1457

147	147	1419

166	147	1463

147	148	1382

165	148	1462

147	149	1408

165	149	1470

147	150	1428

164	150	1459

147	151	1428

164	151	1464

148	152	1421

163	152	1458

147	153	1391

163	153	1463

147	154	1407

163	154	1468

147	155	1437

163	155	1475

148	156	1429

163	156	1480

147	157	1419

163	157	1481

147	158	1421

163	158	1482

147	159	1428

163	159	1485

147	160	1438

163	160	1490

147	161	1439

163	161	1492

147	162	1434

163	162	1494

147	163	1437

163	163	1496

147	164	1442

163	164	1499

147	165	1449

163	165	1502

146	166	1451

163	166	1505

147	167	1451

163	167	1510

147	168	1454

163	168	1511

147	169	1457

163	169	1509

146	170	1444

163	170	1511

146	171	1448

162	171	1500

146	172	1458

147	172	1464

148	172	1460

149	172	1458

150	172	1458

151	172	1460

152	172	1461

153	172	1459

154	172	1459

155	172	1460

156	172	1462

157	172	1464

158	172	1468

159	172	1471

160	172	1477

161	172	1488

162	172	1501

