214	129	1281

215	129	1277

216	129	1284

213	130	1283

217	130	1292

213	131	1279

217	131	1289

213	132	1282

217	132	1287

213	133	1284

218	133	1316

213	134	1286

218	134	1309

213	135	1288

218	135	1308

213	136	1285

218	136	1303

212	137	1329

218	137	1302

212	138	1339

218	138	1302

212	139	1342

218	139	1305

213	140	1282

218	140	1309

212	141	1317

218	141	1315

209	142	1363

212	142	1310

218	142	1319

211	143	1363

218	143	1325

212	144	1314

218	144	1336

213	145	1292

217	145	1306

213	146	1292

217	146	1311

213	147	1289

217	147	1315

208	148	1303

209	148	1277

210	148	1282

211	148	1291

212	148	1280

217	148	1318

207	149	1291

217	149	1318

206	150	1304

217	150	1315

203	151	1373

204	151	1341

205	151	1314

217	151	1301

203	152	1287

217	152	1273

200	153	1319

201	153	1304

202	153	1283

218	153	1270

198	154	1309

199	154	1299

219	154	1286

195	155	1307

196	155	1295

197	155	1281

219	155	1272

194	156	1304

219	156	1268

194	157	1282

219	157	1268

194	158	1281

220	158	1316

193	159	1321

220	159	1312

191	160	1352

192	160	1349

220	160	1306

192	161	1334

220	161	1303

193	162	1280

220	162	1298

192	163	1328

220	163	1295

192	164	1319

220	164	1298

193	165	1274

220	165	1308

192	166	1319

220	166	1325

192	167	1323

219	167	1307

192	168	1325

219	168	1336

192	169	1348

218	169	1320

193	170	1308

217	170	1301

193	171	1336

217	171	1314

193	172	1363

217	172	1335

194	173	1329

216	173	1318

194	174	1366

195	174	1300

215	174	1318

196	175	1294

214	175	1328

196	176	1317

213	176	1337

194	177	1369

195	177	1345

213	177	1366

195	178	1322

212	178	1351

195	179	1356

212	179	1373

195	180	1358

211	180	1358

195	181	1364

211	181	1373

194	182	1363

210	182	1363

194	183	1361

209	183	1358

195	184	1338

209	184	1370

194	185	1354

208	185	1364

193	186	1373

208	186	1369

194	187	1346

207	187	1356

193	188	1364

207	188	1359

193	189	1350

207	189	1364

193	190	1347

207	190	1372

193	191	1372

206	191	1365

193	192	1368

206	192	1374

193	193	1372

194	193	1369

205	193	1371

193	194	1374

195	194	1368

204	194	1372

195	195	1374

204	195	1374

191	196	1374

196	196	1370

203	196	1374

196	197	1373

202	197	1373

197	198	1373

198	198	1372

199	198	1371

200	198	1372

201	198	1374

190	204	1363

