167	166	1977

168	166	1986

167	167	1971

168	167	1979

167	168	1975

168	168	1980

167	169	1977

168	169	1977

166	170	2016

168	170	1975

166	171	1989

168	171	1969

166	172	1987

168	172	1968

166	173	1984

168	173	1971

166	174	1976

169	174	2009

166	175	1969

168	175	1982

166	176	1965

168	176	1986

165	177	1985

168	177	1992

165	178	1977

168	178	1988

161	179	1961

162	179	1938

163	179	1940

164	179	1960

168	179	1988

159	180	1947

160	180	1944

168	180	1989

158	181	1945

168	181	1979

156	182	1977

157	182	1950

169	182	1944

155	183	1974

169	183	1933

155	184	1963

169	184	1950

153	185	2015

154	185	1991

169	185	1983

153	186	1986

168	186	1963

153	187	1981

168	187	1976

153	188	1980

168	188	1979

153	189	1988

168	189	1976

153	190	1998

167	190	1962

154	191	1977

167	191	1982

154	192	1992

166	192	1989

154	193	2004

165	193	2004

155	194	1995

164	194	2006

155	195	2014

163	195	2009

154	196	2044

163	196	2026

154	197	2032

163	197	2034

154	198	2024

163	198	2044

154	199	2017

162	199	2020

154	200	2010

162	200	2028

153	201	2043

162	201	2033

153	202	2034

162	202	2035

153	203	2029

162	203	2042

153	204	2024

161	204	2020

153	205	2028

161	205	2030

153	206	2031

161	206	2037

153	207	2033

161	207	2044

153	208	2032

161	208	2048

153	209	2028

160	209	2028

153	210	2021

160	210	2031

152	211	2043

160	211	2032

152	212	2039

160	212	2032

152	213	2040

160	213	2032

152	214	2039

161	214	2051

152	215	2036

161	215	2049

152	216	2035

161	216	2048

152	217	2038

153	217	2022

154	217	2014

155	217	2012

156	217	2012

157	217	2014

158	217	2017

159	217	2025

160	217	2036

161	217	2051

