168	94	1222

169	94	1210

170	94	1210

171	94	1218

168	95	1213

172	95	1227

168	96	1210

172	96	1222

168	97	1210

172	97	1222

168	98	1212

172	98	1220

167	99	1222

173	99	1243

167	100	1226

172	100	1227

167	101	1225

172	101	1234

167	102	1222

172	102	1235

167	103	1220

172	103	1236

166	104	1227

172	104	1242

166	105	1222

172	105	1249

166	106	1216

172	106	1255

161	107	1240

162	107	1225

166	107	1199

172	107	1254

161	108	1215

163	108	1199

164	108	1201

165	108	1193

171	108	1237

157	109	1217

158	109	1214

159	109	1217

160	109	1207

171	109	1234

155	110	1204

156	110	1185

171	110	1219

149	111	1215

150	111	1207

151	111	1201

152	111	1204

153	111	1208

154	111	1192

172	111	1213

147	112	1198

148	112	1189

173	112	1214

145	113	1205

146	113	1190

173	113	1201

144	114	1203

174	114	1220

144	115	1198

174	115	1215

143	116	1203

174	116	1212

143	117	1198

174	117	1210

141	118	1234

142	118	1202

174	118	1210

140	119	1219

174	119	1212

140	120	1187

174	120	1213

140	121	1244

174	121	1213

140	122	1250

174	122	1211

140	123	1228

175	123	1239

140	124	1206

175	124	1242

140	125	1217

175	125	1250

140	126	1188

175	126	1257

141	127	1203

174	127	1241

142	128	1187

173	128	1243

174	128	1223

139	129	1215

141	129	1206

172	129	1246

141	130	1219

172	130	1239

140	131	1237

142	131	1204

171	131	1256

141	132	1210

143	132	1189

170	132	1251

142	133	1205

169	133	1251

141	134	1175

168	134	1263

141	135	1197

142	135	1155

167	135	1268

143	136	1208

166	136	1264

143	137	1199

165	137	1253

142	138	1187

164	138	1245

142	139	1262

164	139	1254

143	140	1198

163	140	1241

142	141	1188

163	141	1248

142	142	1194

163	142	1256

140	143	1189

142	143	1209

163	143	1265

141	144	1173

162	144	1254

141	145	1206

162	145	1263

140	146	1222

162	146	1273

140	147	1202

162	147	1279

140	148	1176

162	148	1283

141	149	1213

162	149	1281

138	150	1281

139	150	1272

140	150	1221

161	150	1273

140	151	1229

161	151	1278

139	152	1237

141	152	1213

161	152	1282

140	153	1220

161	153	1285

138	154	1263

139	154	1239

161	154	1291

137	155	1219

139	155	1230

160	155	1275

138	156	1256

140	156	1220

160	156	1280

138	157	1214

139	157	1220

160	157	1285

138	158	1224

160	158	1289

139	159	1226

160	159	1292

161	159	1293

138	160	1235

159	160	1282

136	161	1292

137	161	1248

159	161	1287

136	162	1236

138	162	1238

159	162	1289

136	163	1255

137	163	1213

159	163	1293

137	164	1238

158	164	1278

137	165	1238

158	165	1281

136	166	1246

158	166	1282

137	167	1247

158	167	1286

136	168	1242

158	168	1291

136	169	1237

157	169	1276

136	170	1245

157	170	1277

135	171	1256

157	171	1278

136	172	1246

157	172	1282

136	173	1250

157	173	1285

135	174	1255

157	174	1288

135	175	1250

157	175	1290

133	176	1218

134	176	1218

157	176	1292

134	177	1240

135	177	1259

136	177	1259

137	177	1258

138	177	1255

139	177	1250

140	177	1247

141	177	1245

142	177	1244

143	177	1244

144	177	1245

145	177	1247

146	177	1246

147	177	1248

148	177	1249

149	177	1250

150	177	1252

151	177	1253

152	177	1257

153	177	1260

154	177	1264

155	177	1274

156	177	1283

