166	141	1466

166	142	1468

167	142	1471

166	143	1470

167	143	1473

166	144	1470

167	144	1475

166	145	1471

167	145	1475

165	146	1472

167	146	1476

165	147	1468

167	147	1474

165	148	1468

167	148	1474

165	149	1469

167	149	1475

165	150	1474

167	150	1480

164	151	1472

167	151	1483

164	152	1472

167	152	1484

164	153	1473

167	153	1484

163	154	1475

167	154	1487

163	155	1474

166	155	1484

162	156	1476

166	156	1486

160	157	1468

162	157	1473

166	157	1488

158	158	1435

159	158	1439

161	158	1460

166	158	1488

156	159	1439

157	159	1439

165	159	1480

152	160	1434

153	160	1433

154	160	1436

155	160	1438

165	160	1460

150	161	1451

151	161	1442

165	161	1439

148	162	1447

149	162	1442

165	162	1436

147	163	1451

165	163	1449

146	164	1461

165	164	1466

145	165	1475

165	165	1476

144	166	1478

164	166	1463

145	167	1460

164	167	1468

145	168	1457

164	168	1467

144	169	1464

164	169	1466

144	170	1469

164	170	1466

144	171	1473

164	171	1468

144	172	1500

164	172	1471

145	173	1469

164	173	1477

145	174	1470

163	174	1478

145	175	1470

163	175	1494

145	176	1473

162	176	1493

144	177	1465

161	177	1496

145	178	1482

161	178	1511

145	179	1502

160	179	1514

145	180	1488

159	180	1514

145	181	1488

159	181	1525

144	182	1529

158	182	1519

145	183	1497

158	183	1524

145	184	1497

157	184	1520

144	185	1527

157	185	1528

144	186	1510

157	186	1534

144	187	1497

157	187	1540

143	188	1520

157	188	1546

144	189	1504

157	189	1556

143	190	1512

156	190	1538

143	191	1488

156	191	1543

143	192	1501

156	192	1542

142	193	1530

156	193	1545

142	194	1514

156	194	1547

142	195	1504

156	195	1556

142	196	1516

156	196	1558

142	197	1521

155	197	1551

142	198	1521

155	198	1556

141	199	1522

154	199	1545

141	200	1546

154	200	1545

141	201	1545

154	201	1548

141	202	1543

154	202	1551

141	203	1539

154	203	1554

140	204	1544

154	204	1553

140	205	1548

154	205	1556

140	206	1551

154	206	1557

140	207	1548

154	207	1560

140	208	1550

154	208	1559

140	209	1550

154	209	1560

140	210	1552

153	210	1555

139	211	1556

153	211	1559

139	212	1555

152	212	1554

139	213	1558

140	213	1548

141	213	1541

142	213	1540

143	213	1540

144	213	1542

145	213	1541

146	213	1542

147	213	1543

148	213	1544

149	213	1546

150	213	1548

151	213	1553

152	213	1557

