211	130	1317

212	130	1324

210	131	1314

213	131	1322

210	132	1312

214	132	1342

210	133	1315

214	133	1328

210	134	1317

214	134	1325

210	135	1315

214	135	1325

206	136	1391

209	136	1357

215	136	1362

209	137	1353

215	137	1354

209	138	1360

215	138	1340

209	139	1368

215	139	1336

209	140	1350

215	140	1337

209	141	1345

215	141	1338

209	142	1342

215	142	1340

209	143	1366

215	143	1340

210	144	1328

216	144	1379

210	145	1333

216	145	1388

210	146	1335

215	146	1351

210	147	1334

215	147	1359

210	148	1321

215	148	1368

206	149	1314

207	149	1300

208	149	1303

209	149	1306

215	149	1372

205	150	1315

215	150	1371

203	151	1393

204	151	1357

215	151	1349

203	152	1329

216	152	1345

201	153	1325

202	153	1301

217	153	1314

199	154	1348

200	154	1328

218	154	1338

196	155	1348

197	155	1345

198	155	1339

218	155	1318

196	156	1317

218	156	1314

194	157	1322

195	157	1301

218	157	1320

193	158	1333

218	158	1323

193	159	1319

218	159	1324

192	160	1374

218	160	1320

192	161	1330

218	161	1317

191	162	1400

219	162	1348

191	163	1400

219	163	1340

191	164	1346

219	164	1340

190	165	1345

219	165	1349

191	166	1368

218	166	1330

191	167	1364

218	167	1354

191	168	1368

217	168	1337

191	169	1350

217	169	1353

192	170	1334

216	170	1331

191	171	1340

216	171	1346

191	172	1394

192	172	1370

216	172	1367

193	173	1343

215	173	1346

193	174	1369

214	174	1342

193	175	1390

214	175	1377

194	176	1383

213	176	1379

195	177	1371

212	177	1369

194	178	1380

212	178	1386

194	179	1384

211	179	1368

195	180	1372

211	180	1389

195	181	1384

210	181	1383

193	182	1390

195	182	1397

210	182	1395

193	183	1388

195	183	1402

210	183	1404

195	184	1390

209	184	1392

193	185	1398

194	185	1396

209	185	1399

193	186	1398

195	186	1386

208	186	1393

195	187	1380

208	187	1399

194	188	1378

208	188	1403

194	189	1370

208	189	1405

194	190	1379

207	190	1391

194	191	1385

207	191	1395

193	192	1385

207	192	1397

193	193	1383

207	193	1404

193	194	1385

206	194	1400

194	195	1398

205	195	1400

194	196	1403

205	196	1404

194	197	1404

204	197	1399

194	198	1405

195	198	1402

203	198	1402

196	199	1402

202	199	1401

196	200	1405

197	200	1403

198	200	1399

200	200	1401

201	200	1405

199	201	1405

