180	132	1694

181	132	1692

182	132	1696

179	133	1705

182	133	1695

179	134	1695

182	134	1692

179	135	1694

182	135	1697

179	136	1699

182	136	1703

179	137	1702

182	137	1713

178	138	1700

181	138	1703

177	139	1681

181	139	1706

176	140	1688

181	140	1704

175	141	1665

181	141	1701

171	142	1656

172	142	1663

173	142	1667

174	142	1666

181	142	1677

166	143	1657

167	143	1652

168	143	1656

169	143	1656

170	143	1656

181	143	1668

163	144	1667

164	144	1663

165	144	1656

182	144	1668

162	145	1673

182	145	1667

162	146	1667

182	146	1668

161	147	1669

182	147	1673

161	148	1663

182	148	1673

160	149	1663

182	149	1674

160	150	1662

182	150	1672

160	151	1663

182	151	1676

160	152	1662

182	152	1679

160	153	1662

182	153	1689

160	154	1662

181	154	1685

160	155	1663

180	155	1687

160	156	1668

179	156	1683

160	157	1679

179	157	1700

160	158	1678

178	158	1704

160	159	1661

176	159	1688

177	159	1704

160	160	1662

175	160	1686

160	161	1663

175	161	1699

160	162	1663

174	162	1694

160	163	1661

173	163	1687

159	164	1681

173	164	1697

159	165	1669

173	165	1709

159	166	1666

173	166	1727

158	167	1692

172	167	1715

158	168	1674

172	168	1729

158	169	1669

171	169	1714

157	170	1681

171	170	1718

157	171	1675

171	171	1721

156	172	1702

171	172	1726

156	173	1692

171	173	1737

156	174	1681

170	174	1730

156	175	1680

170	175	1739

155	176	1698

170	176	1747

155	177	1687

169	177	1722

154	178	1696

169	178	1728

154	179	1699

155	179	1683

156	179	1675

157	179	1672

158	179	1670

159	179	1668

160	179	1668

161	179	1670

162	179	1672

163	179	1673

164	179	1677

165	179	1680

166	179	1686

167	179	1694

168	179	1714

169	179	1739

