170	94	1247

171	94	1245

172	94	1254

169	95	1255

173	95	1261

169	96	1251

173	96	1255

169	97	1248

173	97	1252

169	98	1247

174	98	1270

169	99	1250

174	99	1276

169	100	1250

173	100	1263

168	101	1261

173	101	1268

168	102	1258

173	102	1273

168	103	1254

173	103	1277

167	104	1259

173	104	1280

167	105	1250

173	105	1283

163	106	1271

164	106	1242

166	106	1241

173	106	1286

161	107	1257

162	107	1244

165	107	1238

172	107	1266

158	108	1246

159	108	1249

160	108	1255

172	108	1272

156	109	1238

157	109	1222

172	109	1264

151	110	1237

152	110	1223

153	110	1220

154	110	1221

155	110	1224

172	110	1242

148	111	1234

149	111	1222

150	111	1217

173	111	1239

146	112	1228

147	112	1226

174	112	1247

145	113	1259

174	113	1240

144	114	1233

174	114	1236

144	115	1257

175	115	1257

143	116	1251

175	116	1259

143	117	1218

175	117	1261

143	118	1226

175	118	1261

143	119	1222

175	119	1262

140	120	1256

142	120	1255

175	120	1262

141	121	1231

142	121	1210

175	121	1263

143	122	1212

175	122	1264

143	123	1214

175	123	1269

142	124	1227

175	124	1269

143	125	1223

175	125	1274

141	126	1259

142	126	1223

175	126	1279

141	127	1280

143	127	1233

174	127	1283

143	128	1241

172	128	1276

173	128	1287

143	129	1230

171	129	1270

143	130	1248

171	130	1286

143	131	1268

170	131	1279

144	132	1237

169	132	1282

143	133	1283

168	133	1283

144	134	1233

167	134	1286

144	135	1235

166	135	1290

143	136	1269

165	136	1285

143	137	1277

164	137	1273

142	138	1268

164	138	1279

142	139	1260

163	139	1268

143	140	1238

163	140	1275

143	141	1235

163	141	1284

142	142	1251

163	142	1296

141	143	1271

163	143	1298

140	144	1194

142	144	1242

162	144	1294

140	145	1229

141	145	1239

162	145	1299

140	146	1245

162	146	1303

139	147	1251

162	147	1303

139	148	1245

162	148	1300

139	149	1217

140	149	1243

161	149	1299

138	150	1227

139	150	1220

141	150	1238

161	150	1303

138	151	1242

140	151	1210

161	151	1309

139	152	1239

161	152	1311

139	153	1248

161	153	1319

139	154	1218

160	154	1305

139	155	1248

160	155	1310

139	156	1249

161	156	1308

139	157	1248

161	157	1315

138	158	1254

160	158	1319

137	159	1244

159	159	1307

137	160	1252

159	160	1314

137	161	1231

138	161	1264

139	161	1255

140	161	1254

141	161	1254

142	161	1253

143	161	1251

144	161	1249

145	161	1248

146	161	1246

147	161	1247

148	161	1248

149	161	1250

150	161	1252

151	161	1255

152	161	1258

153	161	1260

154	161	1263

155	161	1269

156	161	1276

157	161	1287

158	161	1300

159	161	1318

