173	170	2120

172	171	2114

174	171	2099

172	172	2104

174	172	2085

172	173	2099

174	173	2083

172	174	2085

174	174	2082

172	175	2078

174	175	2080

172	176	2073

174	176	2078

172	177	2073

174	177	2081

171	178	2105

174	178	2084

171	179	2095

174	179	2095

171	180	2083

174	180	2112

171	181	2073

173	181	2079

171	182	2065

173	182	2084

167	183	2071

168	183	2045

169	183	2047

170	183	2056

173	183	2087

165	184	2065

166	184	2049

173	184	2089

164	185	2048

173	185	2097

162	186	2080

163	186	2052

173	186	2108

161	187	2083

173	187	2112

177	187	2088

178	187	2078

161	188	2069

173	188	2096

175	188	2070

176	188	2054

179	188	2078

159	189	2113

160	189	2087

174	189	2064

177	189	2061

178	189	2086

159	190	2080

176	190	2071

159	191	2079

175	191	2079

159	192	2086

174	192	2075

159	193	2105

173	193	2074

159	194	2115

172	194	2083

159	195	2133

171	195	2094

160	196	2095

170	196	2095

160	197	2114

169	197	2100

161	198	2098

168	198	2101

160	199	2139

168	199	2122

160	200	2121

168	200	2134

160	201	2112

168	201	2141

160	202	2106

167	202	2109

159	203	2151

167	203	2115

159	204	2132

167	204	2117

159	205	2124

167	205	2122

159	206	2123

167	206	2126

159	207	2123

167	207	2129

159	208	2123

167	208	2132

158	209	2157

167	209	2142

158	210	2156

167	210	2159

158	211	2150

166	211	2138

158	212	2147

166	212	2147

158	213	2144

166	213	2152

158	214	2145

166	214	2148

158	215	2143

166	215	2143

158	216	2143

166	216	2141

158	217	2139

166	217	2143

158	218	2138

166	218	2141

158	219	2136

166	219	2140

197	219	2160

157	220	2159

158	220	2136

159	220	2120

160	220	2111

161	220	2109

162	220	2112

163	220	2117

164	220	2123

165	220	2133

166	220	2145

197	220	2161

