209	154	1655

210	154	1657

209	155	1658

211	155	1661

209	156	1656

211	156	1662

209	157	1654

211	157	1662

209	158	1653

211	158	1662

209	159	1654

211	159	1662

209	160	1653

211	160	1663

209	161	1656

211	161	1667

208	162	1640

211	162	1667

208	163	1648

211	163	1668

208	164	1655

211	164	1671

208	165	1654

211	165	1674

208	166	1641

211	166	1679

206	167	1628

207	167	1622

211	167	1677

205	168	1627

211	168	1670

204	169	1632

212	169	1665

203	170	1627

213	170	1640

214	170	1675

202	171	1620

214	171	1659

200	172	1633

201	172	1620

214	172	1646

198	173	1616

199	173	1619

214	173	1648

197	174	1626

214	174	1654

195	175	1662

196	175	1635

214	175	1654

195	176	1644

214	176	1652

194	177	1667

215	177	1692

194	178	1662

215	178	1680

194	179	1644

215	179	1679

194	180	1640

215	180	1692

194	181	1669

214	181	1669

194	182	1663

214	182	1690

195	183	1646

213	183	1666

195	184	1647

213	184	1678

195	185	1648

213	185	1693

195	186	1653

212	186	1679

195	187	1663

212	187	1706

196	188	1653

211	188	1700

197	189	1654

210	189	1693

197	190	1678

210	190	1714

198	191	1675

210	191	1738

198	192	1673

209	192	1714

199	193	1676

209	193	1729

199	194	1679

209	194	1743

199	195	1683

208	195	1728

199	196	1681

208	196	1736

199	197	1683

208	197	1741

199	198	1689

208	198	1743

199	199	1695

208	199	1747

199	200	1699

207	200	1730

199	201	1702

207	201	1732

198	202	1721

207	202	1737

199	203	1711

207	203	1740

199	204	1716

207	204	1745

199	205	1722

207	205	1747

199	206	1726

206	206	1739

199	207	1732

206	207	1745

199	208	1735

205	208	1741

199	209	1745

205	209	1746

200	210	1740

204	210	1745

200	211	1747

203	211	1744

201	212	1745

202	212	1744

203	212	1746

