157	106	1507

158	106	1518

157	107	1507

159	107	1529

157	108	1506

159	108	1526

157	109	1492

160	109	1533

158	110	1516

160	110	1532

158	111	1518

160	111	1531

158	112	1520

160	112	1527

158	113	1518

160	113	1523

157	114	1448

161	114	1524

156	115	1475

161	115	1517

156	116	1510

161	116	1498

155	117	1486

162	117	1494

154	118	1485

163	118	1490

152	119	1478

153	119	1480

164	119	1495

150	120	1474

151	120	1476

165	120	1499

148	121	1485

149	121	1485

165	121	1497

146	122	1487

147	122	1479

166	122	1503

145	123	1473

166	123	1502

144	124	1452

166	124	1501

144	125	1478

167	125	1510

144	126	1478

167	126	1508

144	127	1478

167	127	1508

143	128	1474

167	128	1509

143	129	1473

167	129	1511

143	130	1470

166	130	1504

143	131	1435

166	131	1507

143	132	1450

166	132	1513

144	133	1465

165	133	1503

144	134	1468

165	134	1512

144	135	1469

164	135	1506

144	136	1462

164	136	1518

144	137	1430

164	137	1528

145	138	1474

163	138	1517

146	139	1474

163	139	1521

145	140	1441

162	140	1514

146	141	1460

162	141	1516

146	142	1458

162	142	1519

146	143	1448

161	143	1511

147	144	1457

161	144	1512

146	145	1437

161	145	1516

146	146	1435

161	146	1517

146	147	1439

162	147	1533

146	148	1459

162	148	1535

146	149	1439

162	149	1540

147	150	1471

162	150	1540

147	151	1484

162	151	1541

147	152	1481

162	152	1543

147	153	1482

162	153	1545

146	154	1460

162	154	1546

146	155	1451

162	155	1546

147	156	1491

162	156	1545

147	157	1493

162	157	1546

146	158	1493

162	158	1547

146	159	1463

163	159	1561

147	160	1495

163	160	1567

147	161	1496

163	161	1569

147	162	1501

163	162	1571

147	163	1504

163	163	1570

147	164	1505

148	164	1505

149	164	1504

150	164	1504

151	164	1502

152	164	1503

153	164	1504

154	164	1505

155	164	1507

156	164	1509

157	164	1512

158	164	1515

159	164	1520

160	164	1528

161	164	1537

162	164	1549

163	164	1564

