159	154	1699

160	154	1700

159	155	1693

160	155	1692

158	156	1704

161	156	1705

158	157	1707

161	157	1704

158	158	1708

161	158	1706

158	159	1700

161	159	1706

158	160	1694

161	160	1707

158	161	1689

161	161	1706

157	162	1701

160	162	1689

157	163	1701

161	163	1704

157	164	1698

161	164	1704

157	165	1692

160	165	1696

156	166	1694

160	166	1697

156	167	1691

160	167	1703

154	168	1688

155	168	1692

160	168	1705

152	169	1663

153	169	1659

159	169	1697

150	170	1657

151	170	1656

159	170	1698

148	171	1657

149	171	1653

159	171	1698

146	172	1686

147	172	1664

159	172	1700

145	173	1666

159	173	1700

144	174	1673

159	174	1703

143	175	1700

159	175	1706

142	176	1686

159	176	1710

142	177	1694

159	177	1710

142	178	1694

159	178	1705

143	179	1682

159	179	1690

143	180	1684

159	180	1684

143	181	1688

159	181	1685

143	182	1688

159	182	1695

143	183	1692

158	183	1691

143	184	1698

158	184	1704

144	185	1699

157	185	1697

144	186	1701

156	186	1707

144	187	1711

156	187	1736

144	188	1726

155	188	1732

144	189	1734

155	189	1742

144	190	1724

154	190	1723

144	191	1715

154	191	1726

144	192	1710

154	192	1730

144	193	1710

154	193	1736

143	194	1736

154	194	1740

143	195	1731

154	195	1748

143	196	1726

154	196	1754

143	197	1723

154	197	1758

143	198	1725

154	198	1756

143	199	1727

154	199	1760

143	200	1728

154	200	1765

143	201	1728

153	201	1750

143	202	1730

153	202	1750

142	203	1751

153	203	1753

142	204	1752

153	204	1757

142	205	1750

153	205	1760

142	206	1747

153	206	1761

142	207	1750

153	207	1763

142	208	1753

153	208	1766

142	209	1754

153	209	1767

142	210	1751

153	210	1764

141	211	1775

154	211	1780

141	212	1772

154	212	1778

141	213	1773

154	213	1778

141	214	1775

154	214	1778

141	215	1775

142	215	1755

143	215	1744

144	215	1741

145	215	1738

146	215	1738

147	215	1739

148	215	1740

149	215	1744

150	215	1748

151	215	1754

152	215	1760

153	215	1768

154	215	1778

