162	114	1450

163	114	1451

161	115	1449

163	115	1454

161	116	1452

163	116	1454

160	117	1456

163	117	1457

160	118	1454

163	118	1458

159	119	1453

163	119	1463

159	120	1456

163	120	1463

158	121	1462

162	121	1462

156	122	1468

157	122	1462

162	122	1463

155	123	1426

162	123	1469

153	124	1415

154	124	1417

161	124	1468

149	125	1424

150	125	1422

151	125	1420

152	125	1422

161	125	1473

146	126	1416

147	126	1417

148	126	1421

161	126	1474

142	127	1409

143	127	1417

144	127	1418

145	127	1418

160	127	1461

138	128	1419

139	128	1413

140	128	1411

141	128	1410

160	128	1447

136	129	1463

137	129	1431

160	129	1433

135	130	1436

160	130	1429

135	131	1426

160	131	1428

135	132	1426

160	132	1429

134	133	1431

160	133	1430

135	134	1429

160	134	1434

134	135	1440

160	135	1435

134	136	1433

160	136	1438

134	137	1424

160	137	1440

134	138	1420

160	138	1444

134	139	1418

159	139	1445

134	140	1420

158	140	1448

134	141	1424

158	141	1454

134	142	1432

157	142	1454

134	143	1446

156	143	1453

134	144	1456

155	144	1454

135	145	1437

154	145	1456

135	146	1437

153	146	1458

135	147	1442

153	147	1474

135	148	1443

152	148	1477

134	149	1415

152	149	1488

135	150	1437

151	150	1476

134	151	1443

151	151	1479

135	152	1444

150	152	1472

135	153	1444

150	153	1476

135	154	1441

150	154	1480

135	155	1441

151	155	1497

135	156	1445

151	156	1505

135	157	1451

151	157	1508

135	158	1454

150	158	1490

134	159	1455

151	159	1503

134	160	1461

151	160	1502

134	161	1475

151	161	1508

134	162	1465

151	162	1515

134	163	1464

151	163	1520

134	164	1455

151	164	1518

134	165	1469

151	165	1516

134	166	1465

151	166	1523

134	167	1471

150	167	1512

134	168	1468

150	168	1512

134	169	1480

151	169	1525

134	170	1490

151	170	1524

134	171	1481

135	171	1476

136	171	1471

137	171	1470

138	171	1470

139	171	1470

140	171	1469

141	171	1468

142	171	1468

143	171	1469

144	171	1470

145	171	1473

146	171	1477

147	171	1482

148	171	1491

149	171	1500

150	171	1511

151	171	1526

