189	135	1403

190	135	1405

191	135	1404

187	136	1408

188	136	1400

192	136	1413

187	137	1401

193	137	1424

194	137	1426

195	137	1432

185	138	1393

186	138	1409

196	138	1416

197	138	1418

184	139	1414

197	139	1424

183	140	1412

197	140	1420

183	141	1430

197	141	1416

182	142	1478

197	142	1415

182	143	1485

197	143	1413

182	144	1448

198	144	1431

180	145	1410

181	145	1409

198	145	1427

180	146	1403

198	146	1423

180	147	1405

198	147	1417

179	148	1413

199	148	1433

179	149	1413

199	149	1426

179	150	1410

199	150	1429

179	151	1411

199	151	1430

178	152	1411

199	152	1430

179	153	1411

199	153	1424

178	154	1430

199	154	1420

178	155	1432

199	155	1418

203	155	1422

204	155	1416

205	155	1424

178	156	1426

200	156	1413

202	156	1411

206	156	1440

178	157	1407

201	157	1412

205	157	1419

178	158	1419

205	158	1427

178	159	1411

205	159	1436

178	160	1416

204	160	1410

177	161	1468

204	161	1415

177	162	1457

204	162	1420

177	163	1441

204	163	1423

177	164	1432

204	164	1423

176	165	1439

204	165	1425

177	166	1413

204	166	1427

177	167	1419

204	167	1421

177	168	1416

204	168	1417

177	169	1413

204	169	1413

177	170	1424

205	170	1438

177	171	1429

205	171	1440

177	172	1434

206	172	1466

177	173	1432

205	173	1454

177	174	1474

204	174	1439

206	174	1494

177	175	1485

204	175	1459

178	176	1445

204	176	1456

178	177	1458

203	177	1449

178	178	1493

203	178	1464

204	178	1468

178	179	1441

202	179	1452

179	180	1418

201	180	1438

179	181	1439

201	181	1454

180	182	1435

200	182	1452

181	183	1435

199	183	1462

181	184	1446

198	184	1506

182	185	1429

197	185	1509

182	186	1415

196	186	1484

183	187	1443

196	187	1496

183	188	1447

196	188	1507

183	189	1446

195	189	1489

184	190	1438

195	190	1497

183	191	1482

195	191	1501

184	192	1454

195	192	1506

184	193	1460

194	193	1496

185	194	1462

194	194	1504

184	195	1471

194	195	1509

184	196	1480

193	196	1504

185	197	1481

193	197	1505

185	198	1483

193	198	1507

185	199	1485

193	199	1509

185	200	1493

192	200	1507

186	201	1507

187	201	1505

190	201	1504

191	201	1507

188	202	1507

189	202	1509

