197	133	1349

195	134	1316

196	134	1329

198	134	1340

195	135	1323

199	135	1336

195	136	1328

199	136	1324

192	137	1342

193	137	1344

194	137	1336

200	137	1335

191	138	1348

201	138	1338

202	138	1339

203	138	1341

191	139	1343

204	139	1338

191	140	1333

205	140	1341

190	141	1405

206	141	1348

190	142	1389

207	142	1377

190	143	1387

206	143	1345

188	144	1358

189	144	1373

206	144	1348

187	145	1339

206	145	1345

187	146	1330

206	146	1341

186	147	1335

206	147	1339

186	148	1335

207	148	1360

186	149	1332

207	149	1355

185	150	1369

207	150	1351

186	151	1327

207	151	1349

185	152	1351

207	152	1349

185	153	1343

207	153	1349

185	154	1350

207	154	1348

185	155	1349

207	155	1344

185	156	1341

208	156	1371

212	156	1351

213	156	1343

214	156	1350

185	157	1366

208	157	1361

210	157	1363

211	157	1341

215	157	1359

185	158	1331

209	158	1354

215	158	1369

185	159	1313

214	159	1338

184	160	1383

214	160	1345

183	161	1390

214	161	1371

183	162	1396

213	162	1344

183	163	1394

213	163	1350

183	164	1366

213	164	1358

184	165	1386

213	165	1371

183	166	1346

213	166	1385

183	167	1368

212	167	1346

184	168	1359

213	168	1396

183	169	1412

213	169	1380

183	170	1435

213	170	1370

184	171	1354

213	171	1364

183	172	1383

213	172	1359

183	173	1401

213	173	1358

184	174	1362

213	174	1370

184	175	1354

213	175	1393

184	176	1351

212	176	1362

184	177	1401

212	177	1380

183	178	1380

185	178	1350

211	178	1361

185	179	1359

211	179	1385

186	180	1357

210	180	1368

186	181	1394

210	181	1386

186	182	1419

209	182	1367

186	183	1418

187	183	1384

209	183	1389

186	184	1349

188	184	1365

208	184	1385

187	185	1402

189	185	1356

205	185	1371

206	185	1383

207	185	1404

189	186	1369

204	186	1389

189	187	1388

204	187	1425

189	188	1364

203	188	1417

189	189	1387

203	189	1431

190	190	1387

202	190	1416

189	191	1408

202	191	1429

188	192	1396

190	192	1386

201	192	1425

189	193	1360

190	193	1383

201	193	1437

191	194	1398

200	194	1437

191	195	1407

199	195	1429

191	196	1417

198	196	1425

191	197	1421

197	197	1431

192	198	1428

193	198	1428

194	198	1428

195	198	1432

196	198	1436

192	199	1435

