202	135	1450

201	136	1451

203	136	1454

204	136	1471

200	137	1451

204	137	1466

196	138	1489

198	138	1469

199	138	1457

204	138	1461

196	139	1459

197	139	1451

205	139	1444

206	139	1461

207	139	1460

208	139	1464

196	140	1454

208	140	1463

196	141	1454

209	141	1471

195	142	1499

209	142	1459

195	143	1480

210	143	1477

211	143	1495

194	144	1493

210	144	1473

193	145	1467

209	145	1461

192	146	1430

210	146	1481

192	147	1455

210	147	1476

191	148	1429

210	148	1471

191	149	1455

210	149	1467

191	150	1457

210	150	1466

191	151	1462

211	151	1491

191	152	1457

211	152	1486

191	153	1460

211	153	1479

191	154	1454

211	154	1475

216	154	1514

191	155	1458

211	155	1476

215	155	1475

217	155	1499

191	156	1454

211	156	1472

213	156	1464

214	156	1460

217	156	1486

190	157	1438

212	157	1466

217	157	1487

191	158	1455

217	158	1485

190	159	1441

216	159	1465

190	160	1465

216	160	1473

190	161	1485

216	161	1483

189	162	1523

216	162	1498

189	163	1518

216	163	1512

189	164	1513

215	164	1469

189	165	1508

215	165	1470

189	166	1500

215	166	1471

189	167	1491

216	167	1508

189	168	1494

216	168	1493

189	169	1475

216	169	1487

189	170	1486

216	170	1488

188	171	1481

189	171	1488

216	171	1492

190	172	1453

216	172	1513

189	173	1476

215	173	1482

189	174	1483

215	174	1506

190	175	1461

214	175	1482

190	176	1474

214	176	1503

190	177	1484

213	177	1482

191	178	1482

213	178	1501

191	179	1505

192	179	1457

212	179	1483

193	180	1448

212	180	1505

192	181	1480

210	181	1483

211	181	1506

192	182	1495

209	182	1493

193	183	1493

208	183	1508

193	184	1491

208	184	1538

192	185	1461

194	185	1485

207	185	1520

194	186	1491

207	186	1538

192	187	1521

194	187	1497

207	187	1554

191	188	1513

194	188	1500

206	188	1534

194	189	1493

206	189	1547

193	190	1512

205	190	1534

193	191	1501

205	191	1544

194	192	1497

205	192	1555

194	193	1502

204	193	1543

194	194	1509

204	194	1554

194	195	1510

203	195	1543

194	196	1513

203	196	1549

194	197	1523

203	197	1554

194	198	1528

202	198	1550

194	199	1532

202	199	1555

194	200	1538

202	200	1557

194	201	1550

201	201	1555

194	202	1556

200	202	1554

194	203	1558

199	203	1555

195	204	1557

196	204	1556

197	204	1557

198	204	1559

