127	126	1289

128	126	1288

129	126	1289

130	126	1289

121	127	1288

122	127	1286

123	127	1287

124	127	1285

125	127	1289

126	127	1291

130	127	1291

120	128	1290

131	128	1294

119	129	1306

132	129	1298

118	130	1310

133	130	1299

134	130	1300

117	131	1294

134	131	1301

114	132	1276

115	132	1275

116	132	1277

134	132	1301

113	133	1276

134	133	1300

112	134	1283

134	134	1300

111	135	1287

134	135	1305

110	136	1283

134	136	1309

109	137	1296

133	137	1305

109	138	1295

133	138	1306

108	139	1311

133	139	1306

108	140	1303

133	140	1311

108	141	1281

132	141	1314

107	142	1287

132	142	1314

107	143	1286

132	143	1314

107	144	1281

132	144	1315

106	145	1281

131	145	1316

104	146	1307

105	146	1278

131	146	1318

104	147	1320

131	147	1321

104	148	1309

132	148	1325

135	148	1316

136	148	1314

137	148	1315

138	148	1317

104	149	1293

133	149	1320

134	149	1317

138	149	1316

103	150	1290

138	150	1316

103	151	1290

138	151	1317

103	152	1293

137	152	1319

103	153	1288

137	153	1325

103	154	1281

137	154	1329

103	155	1276

136	155	1324

102	156	1308

136	156	1324

102	157	1284

135	157	1321

102	158	1284

135	158	1322

102	159	1280

134	159	1317

101	160	1296

134	160	1320

101	161	1289

134	161	1322

102	162	1292

133	162	1324

101	163	1319

133	163	1330

101	164	1358

132	164	1328

101	165	1284

131	165	1330

102	166	1294

130	166	1333

103	167	1304

129	167	1328

102	168	1319

128	168	1328

102	169	1321

127	169	1329

102	170	1318

124	170	1314

125	170	1322

126	170	1335

102	171	1321

123	171	1322

102	172	1307

122	172	1344

102	173	1307

121	173	1357

101	174	1316

120	174	1357

102	175	1310

120	175	1369

101	176	1336

120	176	1388

101	177	1327

119	177	1382

101	178	1319

119	178	1393

100	179	1328

118	179	1377

100	180	1324

118	180	1382

100	181	1324

118	181	1388

100	182	1327

118	182	1392

99	183	1337

117	183	1383

99	184	1334

117	184	1388

98	185	1346

117	185	1395

98	186	1347

116	186	1388

97	187	1389

116	187	1392

97	188	1387

115	188	1388

97	189	1372

115	189	1390

97	190	1375

98	190	1353

99	190	1344

100	190	1340

101	190	1340

102	190	1339

103	190	1340

104	190	1342

105	190	1342

106	190	1341

107	190	1343

108	190	1346

109	190	1349

110	190	1352

111	190	1357

112	190	1364

113	190	1373

114	190	1386

