163	126	1356

164	126	1356

165	126	1356

166	126	1359

160	127	1356

161	127	1359

162	127	1359

167	127	1367

160	128	1357

168	128	1375

159	129	1367

169	129	1375

158	130	1386

170	130	1380

157	131	1348

170	131	1378

156	132	1350

171	132	1365

156	133	1339

170	133	1377

155	134	1342

171	134	1380

155	135	1337

171	135	1387

155	136	1338

171	136	1387

154	137	1344

171	137	1386

153	138	1360

170	138	1379

153	139	1370

171	139	1384

152	140	1339

171	140	1385

152	141	1371

171	141	1389

152	142	1369

170	142	1380

152	143	1346

171	143	1384

152	144	1342

170	144	1378

151	145	1372

171	145	1383

151	146	1360

170	146	1383

150	147	1362

170	147	1386

150	148	1357

170	148	1387

173	148	1392

174	148	1392

175	148	1394

149	149	1358

171	149	1389

172	149	1393

176	149	1398

149	150	1361

175	150	1391

149	151	1349

175	151	1391

149	152	1340

175	152	1391

149	153	1337

175	153	1393

149	154	1335

174	154	1392

148	155	1352

174	155	1396

147	156	1354

173	156	1391

146	157	1349

173	157	1391

146	158	1343

173	158	1390

146	159	1341

173	159	1391

147	160	1341

172	160	1389

146	161	1355

172	161	1390

146	162	1336

172	162	1391

147	163	1347

172	163	1396

147	164	1352

172	164	1406

147	165	1356

171	165	1408

147	166	1358

170	166	1401

147	167	1359

169	167	1400

147	168	1363

168	168	1402

146	169	1319

166	169	1382

167	169	1396

147	170	1360

165	170	1383

147	171	1358

163	171	1386

164	171	1388

146	172	1364

162	172	1398

145	173	1371

161	173	1403

145	174	1371

161	174	1411

146	175	1376

160	175	1411

145	176	1382

160	176	1422

144	177	1429

159	177	1418

145	178	1395

159	178	1429

145	179	1395

159	179	1441

145	180	1391

159	180	1446

144	181	1396

159	181	1450

144	182	1374

159	182	1453

144	183	1400

159	183	1460

144	184	1402

158	184	1454

144	185	1407

158	185	1460

144	186	1415

157	186	1443

143	187	1425

157	187	1449

143	188	1427

157	188	1455

143	189	1424

156	189	1446

142	190	1434

156	190	1449

142	191	1432

156	191	1453

142	192	1437

156	192	1458

142	193	1441

155	193	1454

142	194	1445

155	194	1456

141	195	1459

142	195	1448

143	195	1440

144	195	1439

145	195	1436

146	195	1436

147	195	1434

148	195	1437

149	195	1438

150	195	1439

151	195	1441

152	195	1442

153	195	1447

154	195	1450

155	195	1459

