163	128	1381

164	128	1377

165	128	1378

162	129	1384

166	129	1383

159	130	1375

160	130	1377

161	130	1379

167	130	1386

168	130	1385

159	131	1375

169	131	1386

157	132	1430

158	132	1392

169	132	1386

156	133	1386

169	133	1387

155	134	1372

170	134	1390

155	135	1371

170	135	1390

153	136	1377

154	136	1371

170	136	1390

152	137	1381

170	137	1388

151	138	1394

170	138	1387

151	139	1384

170	139	1386

152	140	1371

170	140	1387

151	141	1375

170	141	1388

150	142	1379

170	142	1388

149	143	1369

169	143	1384

150	144	1368

169	144	1382

149	145	1374

170	145	1380

149	146	1371

169	146	1380

149	147	1367

170	147	1384

147	148	1408

148	148	1372

169	148	1387

147	149	1385

170	149	1351

147	150	1370

170	150	1381

172	150	1389

173	150	1388

174	150	1391

175	150	1392

146	151	1379

171	151	1387

175	151	1391

146	152	1367

175	152	1392

145	153	1381

174	153	1391

145	154	1388

174	154	1392

145	155	1388

173	155	1390

145	156	1361

173	156	1394

145	157	1354

173	157	1395

145	158	1359

172	158	1384

144	159	1379

172	159	1382

144	160	1376

171	160	1379

144	161	1371

171	161	1383

144	162	1365

171	162	1383

144	163	1411

172	163	1389

145	164	1374

171	164	1389

145	165	1370

171	165	1395

144	166	1417

169	166	1388

170	166	1394

144	167	1420

168	167	1393

145	168	1376

167	168	1391

145	169	1380

165	169	1383

166	169	1393

145	170	1392

164	170	1383

144	171	1370

163	171	1382

145	172	1386

161	172	1381

162	172	1385

145	173	1387

160	173	1392

145	174	1389

159	174	1395

144	175	1418

159	175	1405

145	176	1391

158	176	1405

144	177	1402

158	177	1416

143	178	1440

158	178	1426

143	179	1425

158	179	1438

143	180	1427

158	180	1445

144	181	1404

158	181	1451

143	182	1424

158	182	1456

143	183	1420

158	183	1459

143	184	1428

158	184	1460

143	185	1431

158	185	1461

143	186	1435

158	186	1466

143	187	1432

157	187	1464

143	188	1432

157	188	1469

142	189	1463

157	189	1473

142	190	1449

156	190	1461

142	191	1448

156	191	1468

142	192	1439

156	192	1473

142	193	1443

155	193	1465

142	194	1450

155	194	1468

141	195	1473

155	195	1472

141	196	1471

142	196	1461

143	196	1455

144	196	1452

145	196	1449

146	196	1449

147	196	1449

148	196	1449

149	196	1451

150	196	1451

151	196	1454

152	196	1456

153	196	1459

154	196	1464

