169	145	1670

170	145	1668

168	146	1672

171	146	1668

166	147	1665

167	147	1665

172	147	1678

165	148	1669

173	148	1679

165	149	1668

174	149	1684

163	150	1681

164	150	1676

174	150	1679

162	151	1663

174	151	1678

161	152	1656

174	152	1674

161	153	1651

174	153	1673

160	154	1655

174	154	1672

160	155	1652

174	155	1672

159	156	1675

174	156	1672

159	157	1663

174	157	1673

159	158	1659

174	158	1674

159	159	1656

174	159	1673

158	160	1655

174	160	1670

158	161	1646

174	161	1670

157	162	1651

174	162	1671

157	163	1645

175	163	1694

176	163	1683

177	163	1679

178	163	1679

157	164	1646

178	164	1676

156	165	1649

178	165	1677

156	166	1647

178	166	1683

155	167	1659

177	167	1676

156	168	1639

177	168	1677

156	169	1637

177	169	1680

155	170	1648

176	170	1671

155	171	1647

176	171	1671

155	172	1647

176	172	1673

155	173	1647

176	173	1675

155	174	1649

176	174	1674

156	175	1642

176	175	1677

155	176	1664

175	176	1677

155	177	1662

174	177	1677

175	177	1698

155	178	1662

173	178	1679

155	179	1668

172	179	1676

155	180	1671

170	180	1667

171	180	1679

155	181	1667

169	181	1669

154	182	1672

168	182	1676

154	183	1669

167	183	1693

154	184	1673

166	184	1691

154	185	1672

165	185	1681

153	186	1702

165	186	1697

153	187	1695

164	187	1695

153	188	1692

164	188	1710

153	189	1689

164	189	1727

152	190	1703

164	190	1742

152	191	1702

163	191	1728

152	192	1698

163	192	1739

152	193	1698

163	193	1750

151	194	1718

162	194	1739

151	195	1720

162	195	1753

150	196	1749

161	196	1738

150	197	1743

161	197	1742

150	198	1734

151	198	1716

152	198	1709

153	198	1703

154	198	1701

155	198	1701

156	198	1702

157	198	1706

158	198	1709

159	198	1718

160	198	1729

161	198	1752

