184	135	1430

185	135	1434

186	135	1441

184	136	1425

187	136	1431

183	137	1407

187	137	1424

183	138	1424

187	138	1424

180	139	1450

181	139	1427

182	139	1426

188	139	1432

189	139	1431

190	139	1430

191	139	1431

180	140	1430

192	140	1434

179	141	1429

192	141	1431

180	142	1423

193	142	1442

179	143	1443

193	143	1438

179	144	1452

193	144	1434

178	145	1448

194	145	1447

177	146	1427

194	146	1442

176	147	1429

194	147	1439

175	148	1426

194	148	1436

175	149	1432

195	149	1452

175	150	1439

195	150	1450

175	151	1438

195	151	1449

175	152	1442

195	152	1445

175	153	1433

195	153	1444

175	154	1437

195	154	1442

175	155	1435

196	155	1452

199	155	1442

200	155	1435

201	155	1442

175	156	1432

196	156	1451

198	156	1439

202	156	1455

175	157	1432

197	157	1444

201	157	1437

175	158	1430

201	158	1439

176	159	1429

201	159	1447

175	160	1427

201	160	1450

174	161	1418

201	161	1453

174	162	1443

201	162	1454

174	163	1491

201	163	1455

175	164	1430

201	164	1454

174	165	1459

201	165	1451

174	166	1457

201	166	1451

174	167	1450

201	167	1449

174	168	1452

201	168	1446

174	169	1445

201	169	1443

174	170	1444

201	170	1444

174	171	1467

202	171	1476

174	172	1465

201	172	1454

173	173	1409

201	173	1464

174	174	1386

201	174	1475

175	175	1426

200	175	1456

176	176	1430

200	176	1474

176	177	1439

199	177	1461

177	178	1436

199	178	1469

177	179	1441

198	179	1458

177	180	1442

198	180	1468

178	181	1434

197	181	1459

177	182	1448

196	182	1465

178	183	1469

195	183	1491

179	184	1463

195	184	1521

180	185	1462

194	185	1512

181	186	1461

194	186	1523

180	187	1532

194	187	1532

180	188	1459

193	188	1508

181	189	1469

193	189	1515

181	190	1469

193	190	1522

181	191	1476

193	191	1529

181	192	1507

193	192	1532

181	193	1516

192	193	1520

182	194	1491

192	194	1525

182	195	1499

192	195	1530

182	196	1503

192	196	1534

183	197	1501

191	197	1527

183	198	1507

191	198	1529

183	199	1512

191	199	1531

183	200	1512

191	200	1533

183	201	1522

190	201	1530

184	202	1530

185	202	1528

187	202	1528

188	202	1530

189	202	1534

190	202	1534

186	203	1532

