171	136	1559

172	136	1559

169	137	1566

170	137	1561

173	137	1563

168	138	1561

174	138	1569

175	138	1569

167	139	1557

176	139	1566

166	140	1516

176	140	1564

165	141	1567

176	141	1563

164	142	1549

176	142	1560

163	143	1549

176	143	1561

161	144	1543

162	144	1546

176	144	1560

162	145	1542

176	145	1561

161	146	1546

176	146	1558

161	147	1543

176	147	1559

160	148	1546

176	148	1558

160	149	1539

176	149	1558

160	150	1534

176	150	1557

159	151	1549

176	151	1556

159	152	1539

176	152	1556

158	153	1528

176	153	1554

158	154	1528

177	154	1561

157	155	1534

178	155	1555

179	155	1561

180	155	1562

181	155	1564

157	156	1540

181	156	1565

157	157	1532

181	157	1562

156	158	1541

180	158	1557

156	159	1536

180	159	1554

156	160	1532

180	160	1553

156	161	1528

179	161	1553

156	162	1529

179	162	1551

156	163	1529

179	163	1552

155	164	1552

179	164	1551

155	165	1540

178	165	1549

156	166	1521

178	166	1549

156	167	1522

178	167	1551

156	168	1525

178	168	1555

156	169	1526

178	169	1561

156	170	1532

176	170	1552

177	170	1561

156	171	1534

175	171	1555

156	172	1535

174	172	1553

156	173	1536

173	173	1547

156	174	1542

171	174	1539

172	174	1550

156	175	1541

170	175	1550

155	176	1543

169	176	1557

155	177	1547

168	177	1559

155	178	1549

167	178	1556

154	179	1563

167	179	1571

154	180	1553

167	180	1592

154	181	1554

167	181	1612

154	182	1556

167	182	1624

153	183	1591

166	183	1608

153	184	1570

166	184	1623

153	185	1578

166	185	1642

153	186	1584

165	186	1622

152	187	1619

165	187	1634

152	188	1595

165	188	1643

152	189	1598

164	189	1635

152	190	1597

164	190	1641

151	191	1617

163	191	1628

151	192	1613

163	192	1636

150	193	1630

163	193	1641

150	194	1631

163	194	1647

150	195	1637

151	195	1619

152	195	1611

153	195	1607

154	195	1607

155	195	1605

156	195	1605

157	195	1604

158	195	1607

159	195	1609

160	195	1617

161	195	1625

162	195	1637

