163	126	1363

164	126	1365

165	126	1369

161	127	1360

162	127	1363

166	127	1375

159	128	1361

160	128	1358

167	128	1375

159	129	1362

167	129	1378

159	130	1363

168	130	1385

158	131	1380

169	131	1390

157	132	1360

169	132	1392

157	133	1350

169	133	1391

156	134	1347

169	134	1391

155	135	1353

169	135	1389

155	136	1346

169	136	1386

154	137	1375

169	137	1385

154	138	1395

169	138	1385

155	139	1347

169	139	1388

154	140	1368

169	140	1390

153	141	1411

169	141	1388

153	142	1354

169	142	1388

153	143	1349

169	143	1387

154	144	1345

169	144	1390

153	145	1353

169	145	1389

152	146	1368

169	146	1389

151	147	1385

170	147	1387

151	148	1391

170	148	1393

173	148	1410

174	148	1410

151	149	1373

171	149	1406

172	149	1407

175	149	1416

151	150	1364

175	150	1418

150	151	1387

174	151	1413

151	152	1345

174	152	1411

150	153	1352

174	153	1409

150	154	1349

174	154	1409

150	155	1349

174	155	1410

149	156	1373

173	156	1405

149	157	1363

173	157	1407

148	158	1402

173	158	1409

148	159	1386

172	159	1402

148	160	1392

172	160	1400

148	161	1376

172	161	1400

148	162	1362

172	162	1404

149	163	1351

172	163	1413

148	164	1379

172	164	1425

148	165	1381

171	165	1418

148	166	1384

170	166	1405

148	167	1368

169	167	1399

148	168	1361

168	168	1395

148	169	1365

168	169	1404

147	170	1377

166	170	1391

167	170	1398

147	171	1383

164	171	1395

165	171	1397

147	172	1379

163	172	1405

147	173	1373

162	173	1408

147	174	1370

162	174	1416

146	175	1390

161	175	1414

147	176	1378

161	176	1424

147	177	1377

160	177	1423

146	178	1384

160	178	1428

146	179	1388

160	179	1435

145	180	1405

160	180	1442

146	181	1399

160	181	1451

146	182	1402

160	182	1456

145	183	1428

160	183	1461

145	184	1415

159	184	1455

145	185	1420

159	185	1462

145	186	1417

158	186	1451

144	187	1429

158	187	1458

144	188	1434

158	188	1458

144	189	1437

158	189	1464

144	190	1438

158	190	1466

143	191	1443

157	191	1456

143	192	1442

157	192	1460

143	193	1438

157	193	1466

143	194	1440

156	194	1462

143	195	1445

156	195	1463

142	196	1456

143	196	1450

144	196	1449

145	196	1447

146	196	1446

147	196	1444

148	196	1444

149	196	1445

150	196	1446

151	196	1447

152	196	1449

153	196	1451

154	196	1454

155	196	1459

156	196	1467

