148	91	1068

149	91	1056

150	91	1060

147	92	1063

151	92	1045

140	93	1082

141	93	1053

142	93	1045

143	93	1045

144	93	1054

146	93	1066

152	93	1048

139	94	1064

145	94	1049

152	94	1047

137	95	1118

138	95	1066

152	95	1052

135	96	1105

136	96	1121

153	96	1068

154	96	1091

133	97	1093

134	97	1102

155	97	1059

156	97	1081

133	98	1093

156	98	1056

131	99	1069

132	99	1046

157	99	1054

130	100	1062

157	100	1054

129	101	1060

157	101	1051

127	102	1120

128	102	1061

156	102	1055

125	103	1127

126	103	1116

156	103	1057

124	104	1144

156	104	1059

123	105	1135

156	105	1062

124	106	1105

156	106	1062

122	107	1141

123	107	1144

156	107	1057

121	108	1086

155	108	1061

120	109	1100

155	109	1065

120	110	1085

155	110	1062

121	111	1115

155	111	1059

120	112	1062

154	112	1061

121	113	1060

154	113	1067

120	114	1077

154	114	1069

119	115	1117

154	115	1067

120	116	1061

153	116	1064

120	117	1065

153	117	1070

117	118	1096

118	118	1138

119	118	1104

153	118	1072

117	119	1104

153	119	1071

157	119	1113

158	119	1092

159	119	1086

160	119	1086

161	119	1103

117	120	1089

153	120	1073

156	120	1092

161	120	1077

116	121	1048

152	121	1075

154	121	1113

155	121	1088

161	121	1073

115	122	1061

153	122	1096

161	122	1073

115	123	1062

161	123	1067

115	124	1057

160	124	1067

116	125	1105

160	125	1074

115	126	1088

160	126	1077

114	127	1063

159	127	1077

114	128	1082

159	128	1083

113	129	1058

158	129	1073

114	130	1084

158	130	1078

115	131	1097

158	131	1080

114	132	1114

157	132	1077

113	133	1137

115	133	1095

157	133	1083

115	134	1125

156	134	1073

112	135	1059

113	135	1046

114	135	1050

156	135	1079

113	136	1060

156	136	1083

114	137	1097

115	137	1116

155	137	1075

114	138	1091

116	138	1064

155	138	1082

114	139	1056

115	139	1107

154	139	1076

115	140	1138

154	140	1082

116	141	1109

153	141	1088

115	142	1142

152	142	1091

115	143	1092

151	143	1091

116	144	1046

150	144	1088

116	145	1043

149	145	1092

116	146	1077

148	146	1094

114	147	1078

116	147	1089

146	147	1085

147	147	1094

116	148	1086

145	148	1091

114	149	1111

115	149	1083

142	149	1087

143	149	1093

144	149	1089

114	150	1117

115	150	1099

141	150	1103

116	151	1101

141	151	1117

113	152	1107

114	152	1093

115	152	1098

140	152	1119

113	153	1122

115	153	1094

140	153	1137

113	154	1087

114	154	1139

140	154	1143

113	155	1123

139	155	1133

113	156	1116

139	156	1139

113	157	1100

139	157	1143

112	158	1089

114	158	1075

138	158	1125

112	159	1110

115	159	1088

138	159	1129

112	160	1088

113	160	1128

114	160	1100

138	160	1132

112	161	1130

113	161	1127

138	161	1133

114	162	1120

138	162	1137

115	163	1101

138	163	1141

114	164	1114

137	164	1132

113	165	1104

137	165	1135

114	166	1112

137	166	1141

114	167	1110

137	167	1144

114	168	1114

136	168	1137

114	169	1110

136	169	1140

113	170	1100

135	170	1138

113	171	1078

114	171	1107

115	171	1113

116	171	1110

117	171	1108

118	171	1104

119	171	1103

120	171	1100

121	171	1099

122	171	1099

123	171	1098

124	171	1100

125	171	1100

126	171	1103

127	171	1105

128	171	1109

129	171	1112

130	171	1115

131	171	1118

132	171	1123

133	171	1129

134	171	1135

135	171	1142

