197	147	1725

198	147	1724

199	147	1729

196	148	1727

200	148	1731

201	148	1710

194	149	1729

195	149	1730

202	149	1726

203	149	1730

194	150	1731

203	150	1729

194	151	1731

204	151	1736

194	152	1732

204	152	1735

192	153	1755

193	153	1742

204	153	1732

191	154	1737

204	154	1727

190	155	1738

204	155	1726

190	156	1734

205	156	1733

190	157	1729

205	157	1734

189	158	1736

205	158	1731

189	159	1737

205	159	1728

189	160	1735

205	160	1728

189	161	1732

206	161	1736

189	162	1736

207	162	1729

208	162	1726

209	162	1728

189	163	1734

209	163	1726

189	164	1736

209	164	1721

189	165	1731

209	165	1718

188	166	1715

209	166	1721

188	167	1752

209	167	1721

188	168	1735

209	168	1723

188	169	1733

209	169	1723

188	170	1727

209	170	1723

187	171	1745

209	171	1721

188	172	1722

210	172	1736

187	173	1758

210	173	1749

188	174	1730

210	174	1776

188	175	1727

209	175	1753

188	176	1725

208	176	1735

188	177	1740

208	177	1750

188	178	1744

208	178	1775

188	179	1746

207	179	1746

189	180	1739

207	180	1756

190	181	1723

207	181	1779

190	182	1730

206	182	1761

190	183	1722

205	183	1767

191	184	1726

204	184	1770

191	185	1726

204	185	1791

191	186	1732

204	186	1808

191	187	1736

203	187	1786

191	188	1725

203	188	1806

191	189	1774

202	189	1789

191	190	1767

202	190	1798

191	191	1757

202	191	1805

192	192	1747

202	192	1814

191	193	1774

202	193	1820

191	194	1769

202	194	1828

191	195	1770

201	195	1802

191	196	1774

201	196	1802

191	197	1786

201	197	1810

191	198	1793

201	198	1811

191	199	1795

201	199	1815

191	200	1800

201	200	1812

191	201	1801

201	201	1817

191	202	1800

201	202	1816

192	203	1782

193	203	1776

194	203	1773

195	203	1775

196	203	1777

197	203	1782

198	203	1787

199	203	1794

200	203	1804

201	203	1816

