143	88	1023

144	88	1020

145	88	1027

142	89	1016

146	89	1021

147	89	1051

135	90	1026

136	90	1011

137	90	1009

138	90	1013

139	90	1033

141	90	1022

147	90	1025

133	91	1042

134	91	1024

140	91	1019

147	91	1023

132	92	1058

148	92	1053

129	93	1115

130	93	1109

131	93	1080

148	93	1038

128	94	1058

149	94	1025

150	94	1029

151	94	1049

127	95	1068

152	95	1055

126	96	1030

152	96	1036

125	97	1017

152	97	1032

123	98	1028

124	98	1013

152	98	1032

122	99	1035

152	99	1035

120	100	1024

121	100	1033

152	100	1040

118	101	1062

120	101	1021

152	101	1047

119	102	1040

152	102	1058

118	103	1057

152	103	1072

116	104	1080

117	104	1092

151	104	1035

116	105	1047

151	105	1041

116	106	1031

151	106	1050

115	107	1068

151	107	1065

115	108	1058

150	108	1040

115	109	1071

150	109	1044

114	110	1029

150	110	1056

114	111	1028

150	111	1071

114	112	1069

149	112	1043

114	113	1044

149	113	1047

113	114	1065

149	114	1054

112	115	978

149	115	1066

111	116	1067

148	116	1045

111	117	1070

148	117	1049

153	117	1054

154	117	1048

155	117	1049

156	117	1055

111	118	1058

148	118	1056

151	118	1058

152	118	1043

157	118	1056

109	119	1092

111	119	1091

112	119	1069

148	119	1062

150	119	1054

157	119	1054

110	120	1091

111	120	1056

113	120	1018

149	120	1058

157	120	1063

109	121	1055

112	121	1034

156	121	1049

110	122	1046

156	122	1059

109	123	1084

111	123	1070

156	123	1073

109	124	1075

110	124	1077

155	124	1051

111	125	1049

155	125	1059

108	126	1054

109	126	1057

110	126	1064

155	126	1073

108	127	1071

109	127	1114

154	127	1056

110	128	1073

154	128	1067

109	129	1057

154	129	1082

109	130	1057

153	130	1062

110	131	1057

153	131	1078

107	132	1015

109	132	1092

152	132	1059

109	133	1085

152	133	1069

107	134	1076

110	134	1033

152	134	1086

107	135	1088

109	135	1069

151	135	1062

110	136	1031

151	136	1074

109	137	1063

151	137	1095

109	138	1063

150	138	1075

110	139	1048

149	139	1071

111	140	1040

148	140	1073

108	141	1073

110	141	1097

147	141	1075

110	142	1090

146	142	1074

108	143	1035

110	143	1072

145	143	1080

108	144	1059

109	144	1053

144	144	1082

109	145	1068

110	145	1094

143	145	1083

109	146	1066

111	146	1057

142	146	1086

108	147	1025

109	147	1057

110	147	1051

140	147	1073

141	147	1095

110	148	1087

138	148	1076

139	148	1091

108	149	1044

109	149	1041

137	149	1104

108	150	1087

136	150	1111

109	151	1059

135	151	1098

110	152	1091

135	152	1109

110	153	1090

135	153	1116

110	154	1117

135	154	1121

109	155	1086

134	155	1109

110	156	1058

134	156	1113

108	157	1099

109	157	1100

134	157	1115

108	158	1087

109	158	1097

134	158	1111

110	159	1076

134	159	1110

110	160	1074

134	160	1113

108	161	1118

109	161	1105

134	161	1119

109	162	1080

134	162	1122

109	163	1063

134	163	1123

108	164	1067

133	164	1116

108	165	1098

133	165	1119

107	166	1109

109	166	1084

133	166	1122

109	167	1090

132	167	1115

109	168	1094

132	168	1119

109	169	1084

132	169	1123

107	170	1095

108	170	1089

131	170	1118

108	171	1081

131	171	1119

107	172	1077

108	172	1088

109	172	1093

110	172	1091

111	172	1086

112	172	1082

113	172	1079

114	172	1077

115	172	1076

116	172	1076

117	172	1075

118	172	1075

119	172	1075

120	172	1075

121	172	1077

122	172	1080

123	172	1083

124	172	1086

125	172	1089

126	172	1092

127	172	1097

128	172	1102

129	172	1107

130	172	1112

131	172	1119

