157	157	2021

158	157	1994

159	157	1983

160	157	1989

156	158	2001

161	158	1991

156	159	1979

162	159	1992

155	160	1987

162	160	1977

153	161	1997

154	161	1984

163	161	1979

152	162	1973

163	162	1979

151	163	1974

163	163	1982

151	164	1965

163	164	1978

150	165	2000

163	165	1977

150	166	1970

163	166	1977

150	167	1965

163	167	1984

149	168	1982

163	168	1988

149	169	1958

162	169	1966

148	170	1981

163	170	2009

148	171	1968

163	171	1998

148	172	1958

164	172	1977

165	172	1972

166	172	1992

147	173	1966

165	173	1968

147	174	1953

165	174	1969

147	175	1945

165	175	1974

146	176	1977

165	176	1977

146	177	1967

164	177	1965

146	178	1963

164	178	1969

146	179	1962

164	179	1971

146	180	1959

164	180	1971

146	181	1957

164	181	1975

146	182	1960

163	182	1963

146	183	1965

162	183	1965

163	183	1986

146	184	1969

161	184	1975

146	185	1975

159	185	1952

160	185	1984

146	186	1995

158	186	1953

146	187	2004

157	187	1964

146	188	1995

156	188	1975

146	189	1985

155	189	1963

145	190	2016

155	190	1976

145	191	1996

154	191	1964

145	192	1986

154	192	1977

145	193	1983

154	193	1988

144	194	2019

154	194	1998

144	195	2005

154	195	2010

144	196	1999

154	196	2016

144	197	1996

154	197	2022

143	198	2037

153	198	1997

143	199	2022

153	199	2012

143	200	2022

153	200	2022

143	201	2016

153	201	2028

143	202	2011

144	202	1987

145	202	1975

146	202	1969

147	202	1967

148	202	1966

149	202	1968

150	202	1972

151	202	1978

152	202	1993

153	202	2029

