156	113	1149

157	113	1131

158	113	1128

159	113	1131

160	113	1131

150	114	1149

151	114	1135

152	114	1134

153	114	1133

155	114	1142

160	114	1129

149	115	1141

154	115	1130

161	115	1136

148	116	1141

161	116	1135

146	117	1217

147	117	1158

162	117	1139

163	117	1145

146	118	1196

164	118	1141

145	119	1182

165	119	1149

142	120	1131

143	120	1129

144	120	1139

165	120	1146

141	121	1128

165	121	1146

139	122	1140

140	122	1127

165	122	1148

138	123	1135

165	123	1149

137	124	1144

165	124	1148

136	125	1208

164	125	1143

135	126	1200

164	126	1148

134	127	1150

164	127	1153

135	128	1220

164	128	1155

133	129	1126

134	129	1164

164	129	1156

133	130	1135

163	130	1151

133	131	1146

163	131	1156

132	132	1144

163	132	1161

133	133	1176

163	133	1162

131	134	1181

132	134	1173

162	134	1151

131	135	1186

162	135	1156

131	136	1207

162	136	1161

130	137	1221

162	137	1166

130	138	1194

162	138	1169

166	138	1176

167	138	1164

168	138	1164

169	138	1165

170	138	1183

128	139	1180

130	139	1190

162	139	1157

164	139	1179

165	139	1165

170	139	1174

130	140	1173

163	140	1172

170	140	1174

130	141	1144

170	141	1184

129	142	1149

169	142	1164

129	143	1140

169	143	1168

127	144	1151

128	144	1170

168	144	1167

127	145	1165

168	145	1179

128	146	1148

167	146	1171

128	147	1175

167	147	1180

127	148	1180

166	148	1167

127	149	1184

166	149	1176

128	150	1149

166	150	1179

127	151	1201

165	151	1172

128	152	1150

165	152	1178

127	153	1145

164	153	1165

126	154	1105

127	154	1118

164	154	1173

128	155	1146

164	155	1180

127	156	1175

163	156	1177

126	157	1219

163	157	1193

126	158	1198

127	158	1184

162	158	1189

126	159	1215

128	159	1163

161	159	1194

129	160	1172

160	160	1195

127	161	1212

128	161	1230

159	161	1194

127	162	1225

129	162	1176

158	162	1195

129	163	1193

157	163	1198

127	164	1230

128	164	1215

130	164	1155

156	164	1198

128	165	1208

129	165	1168

154	165	1186

155	165	1205

127	166	1211

129	166	1158

152	166	1190

153	166	1203

128	167	1161

151	167	1211

129	168	1153

151	168	1232

127	169	1195

128	169	1131

151	169	1242

128	170	1172

150	170	1242

128	171	1160

149	171	1228

128	172	1198

129	172	1174

130	172	1166

131	172	1163

132	172	1160

133	172	1161

134	172	1160

135	172	1160

136	172	1159

137	172	1158

138	172	1158

139	172	1159

140	172	1163

141	172	1163

142	172	1165

143	172	1168

144	172	1173

145	172	1178

146	172	1184

147	172	1194

148	172	1211

149	172	1232

