207	141	1660

205	142	1663

206	142	1663

208	142	1661

209	142	1661

204	143	1665

210	143	1664

211	143	1667

203	144	1650

212	144	1666

213	144	1666

202	145	1631

214	145	1661

202	146	1631

214	146	1663

202	147	1659

213	147	1670

201	148	1675

213	148	1670

200	149	1654

214	149	1673

200	150	1660

214	150	1668

199	151	1665

215	151	1670

199	152	1668

215	152	1675

199	153	1669

215	153	1675

199	154	1666

215	154	1676

198	155	1671

216	155	1674

198	156	1666

216	156	1677

198	157	1664

216	157	1676

198	158	1660

217	158	1668

218	158	1661

219	158	1663

220	158	1668

198	159	1664

220	159	1670

198	160	1663

220	160	1674

198	161	1661

220	161	1675

197	162	1653

220	162	1675

197	163	1674

220	163	1676

197	164	1670

220	164	1664

197	165	1659

219	165	1665

197	166	1656

219	166	1664

196	167	1647

219	167	1663

196	168	1623

220	168	1670

196	169	1661

220	169	1673

197	170	1663

219	170	1665

197	171	1663

219	171	1671

196	172	1671

220	172	1698

197	173	1663

219	173	1688

197	174	1666

219	174	1698

197	175	1665

219	175	1722

197	176	1614

218	176	1697

198	177	1667

218	177	1710

198	178	1672

217	178	1696

199	179	1663

217	179	1717

199	180	1648

215	180	1688

217	180	1738

199	181	1633

214	181	1693

216	181	1716

200	182	1667

213	182	1702

200	183	1685

212	183	1702

200	184	1693

212	184	1714

200	185	1658

212	185	1728

200	186	1670

212	186	1744

200	187	1686

212	187	1754

200	188	1686

212	188	1763

200	189	1688

211	189	1748

200	190	1702

211	190	1756

200	191	1701

211	191	1762

200	192	1702

210	192	1742

200	193	1705

210	193	1745

200	194	1711

210	194	1751

200	195	1719

210	195	1757

200	196	1726

210	196	1762

200	197	1727

210	197	1764

200	198	1733

210	198	1764

200	199	1737

210	199	1763

200	200	1742

210	200	1760

200	201	1747

201	201	1735

202	201	1728

203	201	1728

204	201	1728

205	201	1733

206	201	1736

207	201	1739

208	201	1742

209	201	1750

210	201	1761

