134	128	1302

135	128	1303

136	128	1305

128	129	1303

129	129	1300

130	129	1301

131	129	1303

132	129	1306

133	129	1306

136	129	1306

127	130	1306

137	130	1312

126	131	1307

138	131	1317

124	132	1306

125	132	1317

139	132	1315

140	132	1313

123	133	1302

140	133	1315

122	134	1296

140	134	1317

120	135	1292

121	135	1291

140	135	1317

119	136	1295

140	136	1318

118	137	1299

140	137	1321

117	138	1308

140	138	1326

116	139	1321

140	139	1326

116	140	1323

139	140	1325

116	141	1305

139	141	1325

115	142	1305

139	142	1325

115	143	1305

139	143	1328

114	144	1324

138	144	1325

114	145	1315

138	145	1329

113	146	1322

138	146	1331

112	147	1327

137	147	1334

112	148	1334

137	148	1333

112	149	1313

137	149	1333

111	150	1309

138	150	1343

141	150	1334

142	150	1334

143	150	1334

144	150	1335

110	151	1347

139	151	1340

140	151	1336

144	151	1338

110	152	1326

144	152	1340

110	153	1304

144	153	1342

109	154	1348

143	154	1339

109	155	1348

143	155	1340

109	156	1327

143	156	1341

110	157	1298

142	157	1338

110	158	1299

142	158	1339

109	159	1308

141	159	1339

109	160	1318

141	160	1339

109	161	1318

141	161	1341

109	162	1310

140	162	1337

109	163	1306

140	163	1344

109	164	1306

139	164	1342

109	165	1311

139	165	1347

109	166	1318

138	166	1346

109	167	1317

137	167	1348

109	168	1320

136	168	1346

110	169	1321

135	169	1345

110	170	1322

134	170	1346

110	171	1327

133	171	1343

110	172	1327

131	172	1340

132	172	1347

109	173	1338

129	173	1347

130	173	1349

110	174	1326

128	174	1364

109	175	1361

127	175	1372

109	176	1334

127	176	1387

109	177	1334

127	177	1410

109	178	1333

126	178	1399

108	179	1344

126	179	1411

108	180	1340

125	180	1394

107	181	1340

125	181	1401

107	182	1365

125	182	1407

107	183	1349

125	183	1412

107	184	1352

124	184	1404

106	185	1367

124	185	1412

106	186	1375

123	186	1406

106	187	1372

123	187	1408

105	188	1390

123	188	1413

105	189	1405

123	189	1417

105	190	1400

122	190	1410

105	191	1404

106	191	1383

107	191	1370

108	191	1364

109	191	1365

110	191	1364

111	191	1363

112	191	1361

113	191	1362

114	191	1363

115	191	1365

116	191	1368

117	191	1374

118	191	1381

119	191	1389

120	191	1393

121	191	1402

122	191	1410

