146	125	1247

147	125	1247

148	125	1248

141	126	1245

142	126	1246

143	126	1251

145	126	1245

149	126	1249

139	127	1247

140	127	1240

144	127	1244

149	127	1250

138	128	1250

150	128	1235

135	129	1272

136	129	1264

137	129	1250

151	129	1256

134	130	1291

152	130	1254

133	131	1246

153	131	1262

131	132	1209

132	132	1235

153	132	1262

131	133	1237

153	133	1264

130	134	1240

153	134	1266

129	135	1244

153	135	1271

128	136	1262

152	136	1263

126	137	1239

127	137	1260

152	137	1267

126	138	1243

152	138	1268

126	139	1244

152	139	1268

124	140	1202

125	140	1218

152	140	1269

125	141	1267

151	141	1267

124	142	1313

151	142	1273

123	143	1270

150	143	1269

123	144	1266

151	144	1271

123	145	1274

150	145	1268

122	146	1266

150	146	1272

121	147	1277

150	147	1277

155	147	1279

121	148	1255

150	148	1284

153	148	1279

154	148	1276

156	148	1275

120	149	1278

151	149	1283

152	149	1277

157	149	1279

120	150	1274

156	150	1278

120	151	1287

156	151	1281

120	152	1274

155	152	1278

120	153	1263

155	153	1281

120	154	1254

154	154	1277

120	155	1250

154	155	1283

119	156	1246

154	156	1287

118	157	1262

120	157	1246

153	157	1281

119	158	1257

153	158	1281

119	159	1257

152	159	1278

118	160	1252

152	160	1277

118	161	1276

152	161	1280

118	162	1274

151	162	1279

119	163	1267

151	163	1283

119	164	1281

150	164	1284

119	165	1265

149	165	1285

119	166	1275

148	166	1284

119	167	1323

147	167	1285

120	168	1265

147	168	1295

119	169	1312

146	169	1297

119	170	1275

144	170	1287

145	170	1299

120	171	1265

143	171	1289

119	172	1235

141	172	1282

142	172	1290

120	173	1275

140	173	1300

119	174	1318

139	174	1326

120	175	1272

138	175	1328

120	176	1272

139	176	1355

119	177	1286

138	177	1352

118	178	1325

137	178	1339

118	179	1309

137	179	1345

119	180	1289

137	180	1347

118	181	1300

137	181	1353

118	182	1297

137	182	1358

118	183	1297

136	183	1342

117	184	1307

136	184	1347

118	185	1299

136	185	1351

118	186	1301

119	186	1298

120	186	1296

121	186	1296

122	186	1295

123	186	1293

124	186	1294

125	186	1295

126	186	1297

127	186	1298

128	186	1302

129	186	1305

130	186	1312

131	186	1316

132	186	1323

133	186	1328

134	186	1338

135	186	1346

136	186	1358

