201	136	1413

202	136	1402

203	136	1406

200	137	1404

203	137	1402

197	138	1443

198	138	1421

199	138	1405

204	138	1408

196	139	1441

204	139	1402

196	140	1421

205	140	1400

206	140	1401

207	140	1400

208	140	1413

195	141	1452

209	141	1419

195	142	1435

210	142	1432

195	143	1421

210	143	1423

195	144	1431

210	144	1424

195	145	1432

209	145	1403

192	146	1414

193	146	1408

194	146	1427

210	146	1424

192	147	1398

210	147	1419

191	148	1402

210	148	1416

191	149	1394

210	149	1412

191	150	1393

210	150	1404

191	151	1393

211	151	1424

190	152	1399

211	152	1425

190	153	1400

211	153	1426

190	154	1407

211	154	1427

190	155	1410

211	155	1426

190	156	1403

211	156	1418

216	156	1436

217	156	1450

190	157	1400

211	157	1413

215	157	1412

218	157	1451

190	158	1401

211	158	1412

213	158	1419

214	158	1406

218	158	1441

190	159	1400

212	159	1417

217	159	1415

190	160	1397

217	160	1437

189	161	1404

216	161	1408

188	162	1469

216	162	1412

188	163	1477

216	163	1417

189	164	1428

216	164	1422

189	165	1419

216	165	1429

188	166	1428

216	166	1435

188	167	1412

216	167	1436

188	168	1405

216	168	1435

187	169	1403

216	169	1430

188	170	1421

216	170	1428

188	171	1471

216	171	1425

188	172	1461

216	172	1423

189	173	1407

216	173	1425

188	174	1473

216	174	1433

188	175	1457

215	175	1414

188	176	1421

215	176	1428

189	177	1410

215	177	1449

188	178	1455

214	178	1427

189	179	1437

214	179	1451

190	180	1417

213	180	1431

190	181	1437

213	181	1451

191	182	1429

212	182	1432

190	183	1473

211	183	1426

191	184	1445

210	184	1436

211	184	1459

191	185	1453

192	185	1436

208	185	1438

209	185	1460

193	186	1431

207	186	1451

193	187	1445

207	187	1476

192	188	1456

207	188	1498

192	189	1432

206	189	1478

192	190	1424

193	190	1443

206	190	1490

194	191	1438

206	191	1504

194	192	1447

205	192	1490

191	193	1434

192	193	1440

194	193	1448

205	193	1502

191	194	1435

193	194	1452

204	194	1496

191	195	1425

193	195	1462

204	195	1504

191	196	1451

193	196	1471

203	196	1497

194	197	1468

203	197	1503

194	198	1476

202	198	1500

194	199	1485

201	199	1499

194	200	1489

200	200	1501

194	201	1494

199	201	1501

200	201	1503

194	202	1501

198	202	1502

195	203	1498

196	203	1500

197	203	1504

