208	141	1625

209	141	1626

210	141	1588

205	142	1612

206	142	1626

207	142	1627

211	142	1629

205	143	1626

212	143	1632

213	143	1632

204	144	1637

214	144	1630

215	144	1635

203	145	1667

215	145	1635

204	146	1632

215	146	1633

203	147	1636

215	147	1633

202	148	1637

216	148	1641

202	149	1636

215	149	1634

201	150	1626

216	150	1639

200	151	1629

216	151	1639

200	152	1628

216	152	1637

200	153	1629

216	153	1638

199	154	1635

217	154	1618

199	155	1632

217	155	1636

199	156	1632

217	156	1645

199	157	1627

217	157	1648

220	157	1635

221	157	1640

198	158	1590

217	158	1649

219	158	1632

222	158	1640

198	159	1603

218	159	1644

222	159	1645

198	160	1601

221	160	1631

198	161	1626

221	161	1633

198	162	1623

221	162	1635

198	163	1643

221	163	1639

198	164	1641

221	164	1639

198	165	1637

221	165	1638

197	166	1646

220	166	1628

197	167	1637

220	167	1627

197	168	1659

221	168	1638

197	169	1645

221	169	1632

197	170	1632

222	170	1646

197	171	1639

222	171	1668

198	172	1628

221	172	1649

197	173	1607

221	173	1673

198	174	1625

220	174	1658

198	175	1635

219	175	1640

198	176	1656

219	176	1653

198	177	1675

219	177	1667

199	178	1634

219	178	1690

200	179	1626

218	179	1668

200	180	1644

218	180	1693

200	181	1640

217	181	1680

200	182	1641

217	182	1708

201	183	1642

216	183	1723

201	184	1657

215	184	1714

202	185	1646

215	185	1727

201	186	1673

214	186	1715

202	187	1660

214	187	1736

202	188	1663

213	188	1720

202	189	1665

213	189	1729

202	190	1668

212	190	1707

202	191	1670

212	191	1715

202	192	1670

212	192	1726

202	193	1674

212	193	1734

202	194	1682

211	194	1719

202	195	1689

211	195	1719

202	196	1695

212	196	1738

202	197	1694

212	197	1736

202	198	1699

211	198	1730

202	199	1702

211	199	1733

202	200	1709

211	200	1733

202	201	1712

203	201	1704

204	201	1703

205	201	1703

206	201	1706

207	201	1710

208	201	1715

209	201	1719

210	201	1725

211	201	1735

