199	144	1704

200	144	1701

201	144	1702

197	145	1710

198	145	1710

201	145	1705

196	146	1708

202	146	1711

203	146	1708

195	147	1712

204	147	1709

205	147	1708

194	148	1681

205	148	1710

195	149	1717

205	149	1712

194	150	1706

205	150	1710

193	151	1709

206	151	1710

192	152	1705

206	152	1708

192	153	1706

206	153	1711

191	154	1714

206	154	1713

191	155	1712

206	155	1715

191	156	1707

206	156	1715

191	157	1703

207	157	1721

191	158	1704

207	158	1719

190	159	1673

208	159	1728

211	159	1705

212	159	1708

190	160	1690

209	160	1714

210	160	1702

212	160	1711

190	161	1732

212	161	1712

190	162	1718

211	162	1706

190	163	1713

211	163	1705

190	164	1711

211	164	1707

190	165	1704

211	165	1706

189	166	1741

211	166	1707

189	167	1696

211	167	1705

189	168	1715

211	168	1706

189	169	1713

212	169	1711

189	170	1714

212	170	1720

189	171	1718

212	171	1725

189	172	1724

212	172	1748

189	173	1732

211	173	1737

189	174	1721

210	174	1722

190	175	1695

210	175	1740

190	176	1694

209	176	1718

190	177	1696

209	177	1733

190	178	1699

208	178	1715

191	179	1717

208	179	1728

192	180	1702

208	180	1755

192	181	1719

207	181	1758

193	182	1711

206	182	1762

193	183	1722

206	183	1788

193	184	1726

205	184	1765

193	185	1726

205	185	1783

192	186	1763

204	186	1766

193	187	1731

204	187	1783

193	188	1730

204	188	1796

193	189	1732

204	189	1806

193	190	1731

203	190	1776

193	191	1735

203	191	1786

192	192	1753

203	192	1796

192	193	1758

203	193	1801

192	194	1766

203	194	1806

192	195	1772

202	195	1787

192	196	1768

202	196	1791

192	197	1767

202	197	1792

192	198	1768

202	198	1795

192	199	1777

202	199	1793

192	200	1785

193	200	1766

194	200	1758

195	200	1756

196	200	1756

197	200	1756

198	200	1758

199	200	1762

200	200	1768

201	200	1778

202	200	1793

