198	134	1365

197	135	1339

199	135	1333

196	136	1338

200	136	1335

194	137	1339

195	137	1330

201	137	1346

192	138	1408

194	138	1347

201	138	1337

192	139	1388

193	139	1345

202	139	1336

203	139	1336

204	139	1338

205	139	1357

192	140	1369

206	140	1361

192	141	1357

207	141	1360

191	142	1424

207	142	1349

191	143	1375

207	143	1350

191	144	1405

207	144	1353

189	145	1358

190	145	1355

207	145	1351

188	146	1350

207	146	1346

188	147	1336

207	147	1342

187	148	1344

207	148	1339

187	149	1340

208	149	1363

186	150	1333

208	150	1357

186	151	1363

208	151	1355

186	152	1372

208	152	1351

187	153	1342

208	153	1351

187	154	1342

208	154	1349

187	155	1341

208	155	1351

187	156	1340

208	156	1351

214	156	1373

187	157	1342

209	157	1379

212	157	1359

213	157	1348

215	157	1352

216	157	1382

187	158	1341

209	158	1369

211	158	1357

216	158	1370

187	159	1338

210	159	1357

215	159	1351

186	160	1356

215	160	1358

186	161	1352

214	161	1345

186	162	1360

214	162	1347

184	163	1426

186	163	1361

214	163	1354

184	164	1394

185	164	1400

214	164	1367

184	165	1337

214	165	1389

185	166	1361

213	166	1356

185	167	1371

213	167	1358

184	168	1410

213	168	1354

184	169	1356

213	169	1352

185	170	1354

213	170	1353

184	171	1373

214	171	1389

185	172	1392

214	172	1379

185	173	1391

214	173	1377

185	174	1396

214	174	1380

184	175	1418

213	175	1358

185	176	1372

213	176	1368

184	177	1361

213	177	1388

185	178	1401

212	178	1366

186	179	1378

212	179	1383

186	180	1414

211	180	1366

187	181	1372

211	181	1385

187	182	1410

210	182	1372

188	183	1374

210	183	1390

188	184	1394

209	184	1382

188	185	1429

207	185	1377

208	185	1391

189	186	1388

206	186	1400

190	187	1360

205	187	1420

190	188	1399

204	188	1417

190	189	1442

204	189	1437

191	190	1403

203	190	1426

191	191	1411

203	191	1439

190	192	1438

202	192	1437

191	193	1421

201	193	1433

192	194	1407

201	194	1438

189	195	1412

192	195	1414

201	195	1443

189	196	1364

190	196	1384

192	196	1414

199	196	1435

200	196	1442

189	197	1418

192	197	1421

198	197	1437

192	198	1424

197	198	1440

193	199	1439

194	199	1442

195	199	1443

196	199	1444

192	200	1438

193	200	1443

