140	112	1173

141	112	1166

142	112	1165

143	112	1167

134	113	1172

135	113	1164

136	113	1166

139	113	1165

144	113	1168

132	114	1186

133	114	1163

137	114	1162

138	114	1162

144	114	1169

131	115	1190

144	115	1169

130	116	1189

145	116	1170

146	116	1173

130	117	1183

147	117	1170

127	118	1161

128	118	1201

129	118	1206

148	118	1179

125	119	1161

126	119	1152

148	119	1177

124	120	1156

148	120	1180

122	121	1176

123	121	1156

148	121	1183

121	122	1171

148	122	1183

120	123	1192

148	123	1186

120	124	1181

148	124	1190

120	125	1182

147	125	1179

118	126	1185

119	126	1188

147	126	1183

119	127	1181

147	127	1186

118	128	1242

147	128	1189

117	129	1219

147	129	1189

117	130	1215

146	130	1184

118	131	1153

146	131	1190

117	132	1164

146	132	1191

116	133	1197

145	133	1181

115	134	1202

145	134	1185

115	135	1202

145	135	1190

115	136	1197

145	136	1196

150	136	1198

151	136	1198

113	137	1195

114	137	1162

145	137	1203

148	137	1201

149	137	1192

152	137	1188

153	137	1203

112	138	1127

144	138	1196

147	138	1199

153	138	1196

112	139	1233

145	139	1197

146	139	1199

153	139	1198

112	140	1237

152	140	1190

112	141	1199

152	141	1200

110	142	1179

111	142	1179

151	142	1192

111	143	1149

151	143	1199

112	144	1182

151	144	1203

113	145	1148

150	145	1198

110	146	1224

112	146	1153

150	146	1205

111	147	1135

150	147	1213

110	148	1183

149	148	1199

110	149	1161

111	149	1168

149	149	1207

112	150	1155

148	150	1198

111	151	1155

148	151	1203

111	152	1232

148	152	1205

112	153	1170

147	153	1202

112	154	1165

146	154	1198

111	155	1166

146	155	1207

112	156	1181

145	156	1205

110	157	1233

113	157	1171

144	157	1205

112	158	1207

143	158	1209

112	159	1217

142	159	1210

112	160	1219

141	160	1209

112	161	1219

140	161	1212

113	162	1182

138	162	1203

139	162	1215

113	163	1178

136	163	1200

137	163	1209

112	164	1193

135	164	1218

111	165	1215

134	165	1241

112	166	1195

133	166	1242

112	167	1192

133	167	1255

111	168	1205

133	168	1268

111	169	1199

132	169	1253

111	170	1196

132	170	1259

110	171	1223

111	171	1204

112	171	1195

113	171	1192

114	171	1190

115	171	1189

116	171	1186

117	171	1185

118	171	1185

119	171	1186

120	171	1188

121	171	1189

122	171	1191

123	171	1191

124	171	1193

125	171	1194

126	171	1198

127	171	1203

128	171	1210

129	171	1220

130	171	1231

131	171	1247

132	171	1264

