165	125	1349

164	126	1363

165	126	1363

163	127	1365

166	127	1365

160	128	1364

161	128	1362

162	128	1365

167	128	1370

159	129	1367

168	129	1370

169	129	1374

158	130	1382

170	130	1379

158	131	1370

171	131	1377

156	132	1359

157	132	1370

171	132	1360

155	133	1345

170	133	1376

154	134	1349

171	134	1378

153	135	1352

171	135	1373

152	136	1395

171	136	1372

152	137	1363

171	137	1374

152	138	1345

171	138	1378

152	139	1353

171	139	1380

151	140	1357

171	140	1381

151	141	1349

171	141	1381

151	142	1347

171	142	1379

151	143	1350

171	143	1377

151	144	1344

170	144	1372

150	145	1352

171	145	1374

149	146	1352

170	146	1373

149	147	1342

170	147	1376

149	148	1350

171	148	1378

174	148	1384

175	148	1388

148	149	1319

172	149	1377

173	149	1379

176	149	1389

149	150	1341

176	150	1388

148	151	1343

175	151	1384

147	152	1360

175	152	1383

146	153	1410

175	153	1384

146	154	1374

147	154	1347

174	154	1382

148	155	1337

174	155	1384

147	156	1338

174	156	1387

146	157	1351

173	157	1382

146	158	1342

173	158	1383

146	159	1346

173	159	1384

146	160	1346

173	160	1385

146	161	1346

172	161	1378

146	162	1357

172	162	1379

146	163	1355

172	163	1384

146	164	1369

172	164	1388

146	165	1374

171	165	1387

146	166	1373

170	166	1384

171	166	1391

145	167	1337

147	167	1346

169	167	1391

146	168	1364

168	168	1391

146	169	1368

166	169	1373

167	169	1385

146	170	1369

165	170	1373

146	171	1370

164	171	1376

145	172	1394

162	172	1382

163	172	1382

145	173	1390

161	173	1384

145	174	1386

161	174	1392

146	175	1370

160	175	1401

146	176	1372

160	176	1410

145	177	1390

159	177	1408

145	178	1384

159	178	1419

145	179	1383

159	179	1431

144	180	1376

159	180	1436

144	181	1398

159	181	1441

144	182	1406

159	182	1445

144	183	1408

159	183	1451

143	184	1410

159	184	1455

143	185	1425

158	185	1447

143	186	1421

158	186	1455

143	187	1434

157	187	1442

143	188	1429

157	188	1448

143	189	1423

157	189	1452

143	190	1425

156	190	1447

142	191	1436

156	191	1451

142	192	1437

156	192	1456

142	193	1439

143	193	1435

144	193	1431

145	193	1431

146	193	1430

147	193	1430

148	193	1428

149	193	1428

150	193	1428

151	193	1429

152	193	1431

153	193	1434

154	193	1441

155	193	1449

