176	108	1099

177	108	1093

178	108	1095

170	109	1111

171	109	1110

175	109	1100

179	109	1096

168	110	1120

169	110	1100

172	110	1095

173	110	1104

174	110	1101

180	110	1100

167	111	1111

180	111	1101

164	112	1183

165	112	1148

166	112	1115

180	112	1099

163	113	1201

181	113	1099

182	113	1104

162	114	1191

183	114	1105

160	115	1130

161	115	1120

184	115	1109

159	116	1139

184	116	1106

158	117	1137

184	117	1106

157	118	1130

184	118	1110

155	119	1158

156	119	1144

184	119	1116

155	120	1123

184	120	1125

154	121	1146

183	121	1113

153	122	1173

183	122	1116

153	123	1160

183	123	1120

153	124	1156

183	124	1122

152	125	1187

182	125	1112

152	126	1185

182	126	1115

150	127	1200

151	127	1193

182	127	1121

149	128	1187

151	128	1160

183	128	1155

150	129	1173

183	129	1161

149	130	1154

183	130	1176

149	131	1167

182	131	1136

149	132	1177

181	132	1123

148	133	1186

181	133	1128

148	134	1171

182	134	1168

183	134	1166

184	134	1143

185	134	1130

186	134	1128

187	134	1129

188	134	1137

147	135	1140

189	135	1137

145	136	1198

146	136	1159

189	136	1132

145	137	1169

189	137	1146

145	138	1109

188	138	1135

145	139	1116

187	139	1129

146	140	1154

187	140	1146

145	141	1124

186	141	1131

146	142	1133

186	142	1139

145	143	1158

185	143	1129

145	144	1170

185	144	1140

144	145	1134

184	145	1130

143	146	1135

184	146	1138

143	147	1147

184	147	1149

144	148	1160

183	148	1136

144	149	1181

183	149	1147

144	150	1144

182	150	1129

144	151	1145

182	151	1134

144	152	1138

182	152	1144

144	153	1143

181	153	1141

144	154	1153

145	154	1153

181	154	1160

143	155	1164

146	155	1121

180	155	1164

143	156	1149

145	156	1099

179	156	1170

144	157	1177

178	157	1163

144	158	1173

177	158	1167

145	159	1150

176	159	1175

146	160	1192

175	160	1175

145	161	1203

173	161	1151

174	161	1175

144	162	1143

171	162	1144

172	162	1163

144	163	1176

170	163	1164

145	164	1198

169	164	1196

145	165	1185

168	165	1198

146	166	1165

167	166	1185

143	167	1131

146	167	1151

147	167	1132

148	167	1126

149	167	1124

150	167	1125

151	167	1125

152	167	1124

153	167	1124

154	167	1123

155	167	1124

156	167	1122

157	167	1123

158	167	1123

159	167	1126

160	167	1127

161	167	1132

162	167	1137

163	167	1142

164	167	1149

165	167	1160

166	167	1175

167	167	1195

