204	142	1684

203	143	1686

205	143	1692

201	144	1686

202	144	1684

205	144	1691

200	145	1688

206	145	1691

207	145	1688

199	146	1698

208	146	1689

209	146	1693

199	147	1696

209	147	1693

198	148	1709

209	148	1690

197	149	1683

210	149	1693

197	150	1683

210	150	1694

196	151	1684

210	151	1697

196	152	1687

210	152	1695

195	153	1688

210	153	1695

195	154	1692

210	154	1692

195	155	1687

210	155	1693

194	156	1689

211	156	1691

194	157	1673

211	157	1694

194	158	1673

212	158	1710

215	158	1684

216	158	1693

195	159	1686

213	159	1699

214	159	1684

216	159	1694

195	160	1685

216	160	1694

194	161	1635

215	161	1691

194	162	1701

215	162	1691

194	163	1699

215	163	1692

193	164	1710

215	164	1690

194	165	1679

215	165	1690

193	166	1671

215	166	1688

193	167	1693

215	167	1688

193	168	1698

215	168	1685

193	169	1696

215	169	1684

193	170	1696

216	170	1696

194	171	1679

216	171	1706

193	172	1698

216	172	1722

194	173	1678

215	173	1711

194	174	1678

215	174	1734

194	175	1681

214	175	1716

194	176	1686

213	176	1697

194	177	1675

213	177	1707

195	178	1685

213	178	1720

195	179	1696

213	179	1741

195	180	1711

212	180	1732

195	181	1708

211	181	1732

196	182	1687

210	182	1733

197	183	1694

209	183	1735

197	184	1702

210	184	1769

197	185	1704

209	185	1759

197	186	1708

209	186	1779

197	187	1716

208	187	1765

197	188	1716

208	188	1778

197	189	1716

208	189	1789

197	190	1717

207	190	1771

196	191	1723

207	191	1779

196	192	1719

207	192	1784

196	193	1725

207	193	1787

196	194	1736

207	194	1791

196	195	1737

206	195	1770

196	196	1738

206	196	1777

196	197	1741

206	197	1780

196	198	1748

206	198	1778

196	199	1752

206	199	1776

196	200	1757

206	200	1778

196	201	1764

197	201	1751

198	201	1745

199	201	1744

200	201	1746

201	201	1750

202	201	1754

203	201	1757

204	201	1760

205	201	1767

206	201	1780

