156	156	1987

157	156	1968

158	156	1972

159	156	1992

155	157	1974

160	157	1979

154	158	1964

161	158	1981

154	159	1958

161	159	1971

153	160	1968

161	160	1968

151	161	1971

152	161	1964

161	161	1962

150	162	1962

162	162	1976

150	163	1953

161	163	1954

149	164	1960

161	164	1953

149	165	1951

161	165	1950

148	166	1972

161	166	1954

148	167	1967

162	167	1979

148	168	1955

161	168	1958

147	169	1978

161	169	1959

147	170	1962

162	170	1990

147	171	1951

163	171	1968

164	171	1965

165	171	1981

147	172	1945

164	172	1956

146	173	1962

164	173	1960

146	174	1952

164	174	1962

146	175	1946

164	175	1964

146	176	1944

163	176	1950

145	177	1979

164	177	1992

145	178	1976

163	178	1962

145	179	1973

163	179	1962

145	180	1978

163	180	1963

145	181	1984

163	181	1970

146	182	1941

162	182	1961

146	183	1949

161	183	1961

146	184	1954

160	184	1972

146	185	1963

159	185	1976

146	186	1977

157	186	1949

158	186	1978

146	187	1988

156	187	1966

146	188	1982

155	188	1963

145	189	2021

155	189	1978

145	190	2008

155	190	1993

145	191	1999

154	191	1971

145	192	1985

154	192	1981

145	193	1976

154	193	1990

144	194	2015

154	194	1992

144	195	2012

154	195	2000

144	196	2000

154	196	2007

144	197	1991

154	197	2019

144	198	1989

154	198	2027

143	199	2027

153	199	2003

143	200	2028

153	200	2009

143	201	2028

144	201	1992

145	201	1973

146	201	1964

147	201	1959

148	201	1958

149	201	1960

150	201	1965

151	201	1974

152	201	1990

153	201	2019

