167	122	1311

168	122	1314

166	123	1308

169	123	1314

170	123	1325

163	124	1311

164	124	1309

165	124	1311

171	124	1330

172	124	1325

162	125	1314

173	125	1331

160	126	1336

161	126	1352

174	126	1334

161	127	1340

174	127	1340

159	128	1311

160	128	1344

174	128	1332

159	129	1296

174	129	1330

158	130	1293

174	130	1333

157	131	1298

175	131	1355

156	132	1339

175	132	1345

155	133	1361

175	133	1321

155	134	1324

174	134	1331

156	135	1291

174	135	1332

156	136	1291

174	136	1332

155	137	1308

174	137	1332

153	138	1283

154	138	1299

174	138	1333

154	139	1312

174	139	1333

154	140	1325

174	140	1329

153	141	1290

174	141	1326

153	142	1303

174	142	1326

154	143	1288

174	143	1329

153	144	1295

174	144	1333

153	145	1290

174	145	1336

177	145	1346

178	145	1342

179	145	1351

152	146	1310

174	146	1323

176	146	1336

180	146	1350

152	147	1292

175	147	1334

180	147	1348

151	148	1304

180	148	1352

149	149	1267

150	149	1319

179	149	1342

151	150	1290

179	150	1346

151	151	1285

179	151	1352

150	152	1303

178	152	1337

150	153	1300

178	153	1339

149	154	1346

178	154	1345

150	155	1284

177	155	1333

149	156	1294

177	156	1335

149	157	1284

177	157	1338

149	158	1318

177	158	1340

150	159	1293

177	159	1344

149	160	1330

177	160	1346

149	161	1302

177	161	1350

149	162	1308

176	162	1346

148	163	1297

150	163	1294

176	163	1360

150	164	1292

175	164	1358

149	165	1298

174	165	1358

148	166	1333

172	166	1340

173	166	1343

149	167	1353

171	167	1336

150	168	1305

170	168	1333

149	169	1306

168	169	1329

169	169	1338

148	170	1351

167	170	1332

148	171	1369

166	171	1338

149	172	1324

165	172	1343

149	173	1323

164	173	1344

149	174	1320

164	174	1352

148	175	1341

163	175	1354

148	176	1332

163	176	1362

148	177	1334

163	177	1372

148	178	1333

163	178	1384

148	179	1337

163	179	1395

148	180	1340

163	180	1398

148	181	1341

163	181	1402

148	182	1342

163	182	1404

148	183	1347

162	183	1395

148	184	1351

162	184	1402

147	185	1362

161	185	1388

147	186	1363

161	186	1394

147	187	1368

161	187	1398

146	188	1378

161	188	1403

146	189	1381

161	189	1405

146	190	1380

160	190	1391

145	191	1395

160	191	1399

146	192	1385

160	192	1404

146	193	1391

147	193	1384

148	193	1377

149	193	1376

150	193	1375

151	193	1376

152	193	1376

153	193	1378

154	193	1380

155	193	1383

156	193	1386

157	193	1389

158	193	1391

159	193	1398

