162	152	1880

163	152	1880

164	152	1891

161	153	1876

165	153	1897

160	154	1871

166	154	1888

159	155	1880

166	155	1876

158	156	1892

167	156	1883

156	157	1874

157	157	1868

167	157	1881

156	158	1859

167	158	1879

155	159	1855

167	159	1882

155	160	1849

167	160	1884

154	161	1859

167	161	1883

153	162	1874

167	162	1877

153	163	1858

167	163	1874

153	164	1846

167	164	1873

153	165	1841

166	165	1864

152	166	1848

166	166	1866

152	167	1846

167	167	1878

151	168	1853

168	168	1873

169	168	1871

170	168	1882

151	169	1846

170	169	1880

150	170	1854

170	170	1886

150	171	1846

169	171	1869

150	172	1840

169	172	1870

150	173	1841

169	173	1866

150	174	1841

168	174	1853

150	175	1841

168	175	1861

149	176	1872

168	176	1866

150	177	1840

168	177	1871

150	178	1841

168	178	1872

150	179	1842

168	179	1886

150	180	1845

166	180	1867

167	180	1886

150	181	1850

165	181	1873

150	182	1861

163	182	1851

164	182	1873

150	183	1867

162	183	1858

150	184	1866

161	184	1868

149	185	1869

160	185	1876

149	186	1858

159	186	1865

149	187	1856

159	187	1886

148	188	1877

158	188	1877

148	189	1869

158	189	1895

147	190	1896

158	190	1902

147	191	1888

157	191	1883

147	192	1883

157	192	1896

146	193	1923

157	193	1911

146	194	1900

157	194	1921

146	195	1892

157	195	1935

146	196	1887

156	196	1917

145	197	1918

156	197	1924

145	198	1906

156	198	1932

145	199	1905

156	199	1941

144	200	1931

155	200	1919

144	201	1922

145	201	1896

146	201	1886

147	201	1880

148	201	1878

149	201	1876

150	201	1878

151	201	1882

152	201	1889

153	201	1896

154	201	1908

155	201	1927

