165	127	1373

166	127	1373

163	128	1348

164	128	1373

167	128	1372

168	128	1369

161	129	1376

162	129	1374

168	129	1381

160	130	1377

169	130	1386

170	130	1389

160	131	1380

170	131	1387

158	132	1386

159	132	1398

170	132	1387

157	133	1374

171	133	1391

157	134	1363

171	134	1388

155	135	1360

156	135	1361

172	135	1385

154	136	1387

172	136	1388

154	137	1372

172	137	1392

154	138	1368

172	138	1392

153	139	1388

172	139	1391

153	140	1371

171	140	1389

153	141	1363

171	141	1391

153	142	1357

172	142	1396

152	143	1394

172	143	1393

151	144	1400

171	144	1390

151	145	1385

171	145	1388

151	146	1358

171	146	1388

150	147	1367

171	147	1389

150	148	1361

170	148	1389

149	149	1374

171	149	1398

148	150	1375

171	150	1400

173	150	1400

174	150	1399

175	150	1399

176	150	1404

149	151	1356

172	151	1403

176	151	1404

148	152	1375

177	152	1407

148	153	1367

176	153	1406

148	154	1364

176	154	1409

148	155	1359

175	155	1406

147	156	1401

175	156	1407

147	157	1368

174	157	1402

147	158	1366

174	158	1402

146	159	1413

173	159	1395

147	160	1368

173	160	1393

147	161	1368

174	161	1387

147	162	1364

173	162	1393

147	163	1363

173	163	1398

147	164	1368

173	164	1406

146	165	1344

172	165	1406

146	166	1359

171	166	1404

172	166	1416

146	167	1445

170	167	1400

147	168	1382

169	168	1398

147	169	1387

168	169	1400

147	170	1386

166	170	1386

167	170	1398

146	171	1413

165	171	1385

146	172	1378

163	172	1390

164	172	1390

146	173	1381

162	173	1399

147	174	1374

161	174	1404

146	175	1394

161	175	1414

146	176	1392

160	176	1410

145	177	1429

160	177	1421

146	178	1393

160	178	1432

145	179	1405

160	179	1437

145	180	1405

160	180	1439

145	181	1400

159	181	1435

145	182	1397

159	182	1442

144	183	1422

159	183	1449

144	184	1405

159	184	1457

144	185	1416

159	185	1466

143	186	1399

158	186	1456

144	187	1418

158	187	1460

144	188	1421

158	188	1463

144	189	1427

158	189	1469

143	190	1437

157	190	1456

143	191	1449

157	191	1463

143	192	1447

157	192	1465

143	193	1450

157	193	1471

143	194	1456

156	194	1461

142	195	1462

156	195	1465

142	196	1463

156	196	1470

142	197	1462

143	197	1459

144	197	1457

145	197	1453

146	197	1451

147	197	1448

148	197	1449

149	197	1449

150	197	1448

151	197	1450

152	197	1452

153	197	1456

154	197	1459

155	197	1465

