173	130	1373

174	130	1372

172	131	1377

175	131	1378

171	132	1380

176	132	1386

169	133	1378

170	133	1377

177	133	1386

178	133	1386

168	134	1381

179	134	1387

167	135	1397

179	135	1387

167	136	1402

179	136	1389

165	137	1405

166	137	1420

179	137	1391

164	138	1372

180	138	1391

163	139	1368

180	139	1387

162	140	1380

180	140	1386

161	141	1344

180	141	1387

162	142	1367

180	142	1386

161	143	1382

180	143	1387

161	144	1370

180	144	1386

160	145	1391

180	145	1389

160	146	1366

180	146	1387

160	147	1376

180	147	1384

160	148	1368

180	148	1381

159	149	1387

180	149	1383

159	150	1376

180	150	1387

159	151	1367

180	151	1387

184	151	1390

158	152	1445

180	152	1384

182	152	1387

183	152	1382

185	152	1389

186	152	1400

157	153	1360

181	153	1386

185	153	1387

157	154	1373

185	154	1388

157	155	1361

185	155	1388

157	156	1363

185	156	1393

157	157	1360

185	157	1394

156	158	1386

184	158	1386

156	159	1354

184	159	1388

156	160	1364

184	160	1390

156	161	1370

184	161	1391

156	162	1385

184	162	1390

156	163	1393

184	163	1391

155	164	1390

183	164	1380

156	165	1358

183	165	1379

156	166	1361

183	166	1379

157	167	1356

183	167	1382

157	168	1365

183	168	1390

156	169	1435

182	169	1393

157	170	1369

180	170	1389

181	170	1399

157	171	1372

179	171	1386

157	172	1386

178	172	1381

179	172	1398

157	173	1380

177	173	1375

157	174	1382

176	174	1371

157	175	1381

174	175	1374

175	175	1375

157	176	1365

173	176	1382

157	177	1381

172	177	1390

156	178	1423

172	178	1396

157	179	1388

171	179	1394

156	180	1406

171	180	1407

157	181	1382

170	181	1408

156	182	1393

170	182	1420

156	183	1398

170	183	1433

156	184	1396

170	184	1443

156	185	1399

170	185	1447

156	186	1402

170	186	1454

156	187	1405

169	187	1452

156	188	1405

169	188	1459

155	189	1416

169	189	1467

155	190	1418

168	190	1454

155	191	1419

168	191	1465

155	192	1420

168	192	1469

154	193	1423

167	193	1453

154	194	1429

167	194	1457

153	195	1437

167	195	1464

153	196	1441

167	196	1471

153	197	1455

154	197	1447

155	197	1438

156	197	1437

157	197	1436

158	197	1436

159	197	1434

160	197	1434

161	197	1436

162	197	1439

163	197	1442

164	197	1449

165	197	1454

166	197	1465

