201	135	1383

202	135	1379

203	135	1398

204	135	1420

200	136	1380

205	136	1398

199	137	1352

204	137	1376

196	138	1410

197	138	1395

198	138	1393

204	138	1376

208	138	1397

209	138	1436

197	139	1378

205	139	1376

206	139	1386

207	139	1384

209	139	1403

196	140	1396

209	140	1399

195	141	1427

209	141	1384

195	142	1423

210	142	1398

195	143	1399

211	143	1438

193	144	1410

194	144	1421

210	144	1393

192	145	1375

210	145	1393

192	146	1372

210	146	1391

191	147	1352

210	147	1385

191	148	1372

211	148	1410

190	149	1382

211	149	1402

190	150	1385

211	150	1400

190	151	1394

211	151	1399

190	152	1398

211	152	1401

190	153	1392

211	153	1401

190	154	1387

211	154	1400

190	155	1385

211	155	1397

190	156	1386

211	156	1395

216	156	1393

217	156	1395

218	156	1423

190	157	1391

212	157	1417

215	157	1389

218	157	1401

190	158	1388

213	158	1401

214	158	1387

218	158	1404

189	159	1400

218	159	1433

189	160	1409

217	160	1397

189	161	1408

217	161	1406

189	162	1417

217	162	1420

189	163	1412

217	163	1436

189	164	1407

216	164	1394

189	165	1394

216	165	1395

188	166	1423

216	166	1393

188	167	1428

216	167	1395

188	168	1398

216	168	1398

188	169	1399

216	169	1398

189	170	1379

216	170	1400

188	171	1391

216	171	1398

188	172	1419

217	172	1447

188	173	1409

216	173	1399

187	174	1432

189	174	1392

216	174	1406

188	175	1433

216	175	1421

187	176	1439

188	176	1446

215	176	1405

189	177	1415

215	177	1423

189	178	1424

214	178	1403

189	179	1444

214	179	1420

189	180	1410

213	180	1405

190	181	1406

213	181	1423

190	182	1436

212	182	1407

190	183	1470

212	183	1431

191	184	1438

192	184	1430

210	184	1415

211	184	1436

191	185	1430

193	185	1413

209	185	1444

193	186	1430

208	186	1467

192	187	1404

207	187	1464

193	188	1420

206	188	1454

194	189	1418

206	189	1468

194	190	1421

206	190	1476

193	191	1410

205	191	1463

193	192	1433

205	192	1476

194	193	1431

204	193	1473

194	194	1439

203	194	1467

194	195	1446

203	195	1474

194	196	1455

202	196	1471

194	197	1463

202	197	1480

194	198	1469

201	198	1481

194	199	1476

199	199	1478

200	199	1482

194	200	1479

197	200	1478

198	200	1482

195	201	1481

196	201	1480

