174	132	1408

175	132	1412

174	133	1405

176	133	1409

173	134	1405

176	134	1406

169	135	1418

170	135	1405

171	135	1406

172	135	1407

177	135	1411

168	136	1442

178	136	1409

168	137	1419

179	137	1411

167	138	1438

179	138	1410

166	139	1403

180	139	1414

165	140	1392

180	140	1413

164	141	1393

180	141	1410

163	142	1374

181	142	1405

162	143	1403

181	143	1413

162	144	1418

181	144	1413

162	145	1412

181	145	1412

162	146	1403

181	146	1418

161	147	1415

180	147	1413

161	148	1407

181	148	1420

161	149	1388

181	149	1417

161	150	1394

180	150	1406

161	151	1391

181	151	1409

160	152	1403

181	152	1388

160	153	1384

180	153	1410

185	153	1417

160	154	1385

181	154	1399

183	154	1414

184	154	1413

186	154	1420

159	155	1395

182	155	1414

186	155	1420

159	156	1394

186	156	1425

158	157	1401

185	157	1415

159	158	1383

185	158	1414

158	159	1390

185	159	1416

157	160	1396

185	160	1418

157	161	1384

185	161	1422

158	162	1385

184	162	1414

158	163	1387

184	163	1413

157	164	1420

184	164	1410

157	165	1418

184	165	1412

158	166	1387

184	166	1412

157	167	1406

184	167	1410

158	168	1383

184	168	1413

158	169	1386

183	169	1416

158	170	1391

183	170	1422

159	171	1381

181	171	1409

182	171	1420

158	172	1398

180	172	1407

158	173	1396

179	173	1406

158	174	1395

178	174	1404

159	175	1392

177	175	1401

159	176	1392

176	176	1401

158	177	1409

174	177	1409

175	177	1410

158	178	1409

173	178	1414

159	179	1399

173	179	1424

158	180	1409

172	180	1429

158	181	1409

172	181	1438

157	182	1445

171	182	1432

158	183	1416

171	183	1444

157	184	1453

171	184	1457

157	185	1433

171	185	1473

157	186	1430

171	186	1489

157	187	1433

170	187	1479

156	188	1464

170	188	1486

157	189	1440

170	189	1493

157	190	1436

169	190	1478

156	191	1450

169	191	1488

156	192	1451

169	192	1492

156	193	1459

169	193	1497

156	194	1464

168	194	1493

155	195	1467

168	195	1497

155	196	1471

167	196	1487

155	197	1474

167	197	1489

154	198	1486

155	198	1482

156	198	1474

157	198	1470

158	198	1465

159	198	1462

160	198	1462

161	198	1465

162	198	1468

163	198	1469

164	198	1472

165	198	1478

166	198	1486

167	198	1496

