168	107	1128

169	107	1118

170	107	1116

162	108	1129

163	108	1120

167	108	1124

171	108	1108

160	109	1145

161	109	1114

164	109	1108

165	109	1113

166	109	1122

172	109	1115

159	110	1157

172	110	1115

157	111	1191

158	111	1162

172	111	1114

156	112	1176

173	112	1117

174	112	1121

175	112	1122

154	113	1186

155	113	1184

175	113	1114

153	114	1149

176	114	1124

152	115	1120

176	115	1128

151	116	1120

176	116	1127

150	117	1120

176	117	1125

147	118	1128

149	118	1126

176	118	1125

145	119	1156

146	119	1148

148	119	1139

176	119	1128

145	120	1126

175	120	1124

145	121	1153

175	121	1127

144	122	1184

175	122	1128

145	123	1174

175	123	1129

144	124	1160

175	124	1126

144	125	1145

175	125	1138

144	126	1141

175	126	1143

143	127	1146

175	127	1150

143	128	1178

175	128	1161

143	129	1180

174	129	1147

143	130	1160

173	130	1138

140	131	1206

141	131	1164

142	131	1160

174	131	1158

140	132	1208

174	132	1163

176	132	1187

177	132	1179

178	132	1177

179	132	1177

141	133	1167

173	133	1144

175	133	1183

180	133	1144

181	133	1155

139	134	1179

140	134	1174

172	134	1146

175	134	1158

182	134	1156

138	135	1119

172	135	1152

174	135	1160

181	135	1148

137	136	1134

173	136	1156

180	136	1144

137	137	1182

180	137	1154

138	138	1162

179	138	1145

138	139	1106

179	139	1152

139	140	1156

178	140	1142

137	141	1143

139	141	1147

178	141	1151

137	142	1176

138	142	1183

178	142	1168

137	143	1191

177	143	1151

137	144	1174

177	144	1152

136	145	1157

138	145	1163

176	145	1147

138	146	1141

176	146	1156

138	147	1147

175	147	1145

137	148	1189

175	148	1149

137	149	1206

175	149	1156

137	150	1166

174	150	1149

137	151	1132

174	151	1161

137	152	1176

173	152	1156

137	153	1187

172	153	1157

173	153	1178

136	154	1180

139	154	1147

171	154	1158

136	155	1152

137	155	1153

138	155	1175

140	155	1127

170	155	1158

138	156	1153

139	156	1153

170	156	1180

137	157	1158

169	157	1180

138	158	1113

168	158	1176

138	159	1113

166	159	1158

167	159	1179

138	160	1162

165	160	1169

139	161	1157

163	161	1169

164	161	1184

139	162	1157

162	162	1186

136	163	1186

139	163	1151

161	163	1202

137	164	1198

138	164	1144

161	164	1214

139	165	1147

160	165	1210

139	166	1155

160	166	1218

137	167	1175

138	167	1160

139	167	1156

140	167	1149

141	167	1144

142	167	1141

143	167	1140

144	167	1140

145	167	1140

146	167	1140

147	167	1140

148	167	1140

149	167	1141

150	167	1142

151	167	1142

152	167	1143

153	167	1145

154	167	1149

155	167	1154

156	167	1162

157	167	1175

158	167	1187

159	167	1204

