169	143	1638

170	143	1636

171	143	1637

172	143	1646

167	144	1643

168	144	1639

173	144	1649

166	145	1643

174	145	1653

165	146	1685

174	146	1651

165	147	1643

174	147	1654

163	148	1633

164	148	1632

175	148	1656

162	149	1631

175	149	1650

161	150	1632

175	150	1648

161	151	1630

175	151	1649

160	152	1639

175	152	1648

160	153	1627

175	153	1649

159	154	1663

175	154	1650

159	155	1633

175	155	1650

159	156	1628

175	156	1648

158	157	1633

175	157	1649

158	158	1624

175	158	1650

157	159	1627

174	159	1644

156	160	1641

175	160	1655

156	161	1634

176	161	1655

177	161	1648

178	161	1645

179	161	1644

156	162	1635

179	162	1647

156	163	1619

178	163	1644

155	164	1597

178	164	1645

156	165	1615

178	165	1645

155	166	1614

178	166	1650

155	167	1611

177	167	1646

155	168	1611

177	168	1645

155	169	1613

177	169	1645

154	170	1637

176	170	1637

155	171	1612

176	171	1637

155	172	1613

176	172	1638

155	173	1621

176	173	1641

155	174	1626

176	174	1649

155	175	1627

175	175	1652

155	176	1626

173	176	1643

174	176	1662

155	177	1619

172	177	1636

155	178	1633

171	178	1634

155	179	1635

169	179	1640

170	179	1643

154	180	1643

168	180	1654

154	181	1639

167	181	1658

154	182	1636

166	182	1655

153	183	1662

166	183	1668

153	184	1658

165	184	1664

153	185	1658

164	185	1666

153	186	1656

164	186	1680

152	187	1665

164	187	1692

152	188	1663

164	188	1701

152	189	1667

163	189	1690

152	190	1669

163	190	1701

152	191	1670

163	191	1714

151	192	1687

163	192	1726

151	193	1684

162	193	1710

150	194	1706

162	194	1724

150	195	1701

161	195	1712

149	196	1730

161	196	1720

149	197	1725

161	197	1729

149	198	1716

160	198	1722

149	199	1714

150	199	1697

151	199	1690

152	199	1686

153	199	1685

154	199	1687

155	199	1689

156	199	1690

157	199	1693

158	199	1698

159	199	1713

160	199	1728

