189	135	1383

190	135	1373

188	136	1379

191	136	1379

192	136	1387

193	136	1368

188	137	1374

194	137	1416

188	138	1372

195	138	1396

196	138	1404

197	138	1396

185	139	1411

186	139	1387

187	139	1381

198	139	1370

185	140	1385

198	140	1404

184	141	1437

198	141	1397

184	142	1416

198	142	1395

183	143	1458

198	143	1392

182	144	1440

198	144	1390

183	145	1410

199	145	1403

181	146	1386

182	146	1381

199	146	1397

181	147	1377

199	147	1393

180	148	1381

199	148	1388

180	149	1381

200	149	1402

179	150	1368

200	150	1405

179	151	1387

200	151	1406

179	152	1387

200	152	1404

179	153	1393

200	153	1401

178	154	1405

200	154	1398

179	155	1386

200	155	1397

179	156	1382

201	156	1412

204	156	1401

205	156	1395

206	156	1398

207	156	1418

179	157	1386

201	157	1406

203	157	1399

207	157	1411

179	158	1390

202	158	1404

207	158	1417

179	159	1390

206	159	1396

179	160	1361

206	160	1403

179	161	1387

206	161	1409

179	162	1385

206	162	1412

178	163	1455

206	163	1417

178	164	1407

206	164	1421

178	165	1414

206	165	1422

178	166	1404

206	166	1418

178	167	1403

206	167	1415

178	168	1394

206	168	1409

178	169	1401

206	169	1402

177	170	1431

206	170	1400

178	171	1390

207	171	1440

178	172	1401

207	172	1446

177	173	1434

206	173	1413

178	174	1406

206	174	1419

178	175	1409

206	175	1433

178	176	1394

206	176	1459

179	177	1411

205	177	1426

178	178	1448

205	178	1451

179	179	1411

204	179	1428

179	180	1434

204	180	1444

180	181	1422

203	181	1425

181	182	1410

203	182	1447

181	183	1441

203	183	1484

182	184	1425

201	184	1448

202	184	1476

182	185	1448

199	185	1466

200	185	1479

182	186	1444

198	186	1477

183	187	1442

197	187	1460

183	188	1447

197	188	1468

184	189	1426

197	189	1481

184	190	1417

196	190	1465

184	191	1409

196	191	1472

184	192	1420

196	192	1482

185	193	1441

195	193	1475

185	194	1448

195	194	1479

185	195	1445

195	195	1483

186	196	1454

194	196	1479

186	197	1454

193	197	1476

186	198	1462

193	198	1481

186	199	1472

192	199	1483

187	200	1485

191	200	1483

188	201	1485

189	201	1483

190	201	1483

187	202	1483

