143	120	1188

144	120	1190

142	121	1187

145	121	1190

146	121	1202

136	122	1184

137	122	1179

138	122	1181

139	122	1187

141	122	1191

146	122	1193

134	123	1201

135	123	1186

140	123	1185

146	123	1192

132	124	1205

133	124	1196

147	124	1182

132	125	1197

148	125	1197

149	125	1202

130	126	1204

131	126	1211

150	126	1205

129	127	1189

150	127	1203

128	128	1181

150	128	1205

126	129	1176

127	129	1179

150	129	1205

125	130	1195

150	130	1208

124	131	1214

150	131	1211

124	132	1193

150	132	1217

123	133	1198

150	133	1218

122	134	1217

150	134	1216

122	135	1233

149	135	1209

121	136	1239

149	136	1214

121	137	1209

149	137	1218

121	138	1214

149	138	1221

120	139	1218

149	139	1216

121	140	1196

148	140	1216

119	141	1253

120	141	1213

148	141	1220

119	142	1223

148	142	1221

119	143	1198

147	143	1215

117	144	1258

118	144	1215

147	144	1218

152	144	1226

153	144	1225

154	144	1226

155	144	1231

118	145	1203

147	145	1223

150	145	1221

151	145	1218

155	145	1224

117	146	1205

148	146	1220

149	146	1222

155	146	1222

117	147	1203

155	147	1229

116	148	1263

154	148	1220

116	149	1219

154	149	1229

116	150	1205

154	150	1238

115	151	1263

153	151	1232

115	152	1259

152	152	1225

115	153	1161

152	153	1227

115	154	1171

151	154	1223

116	155	1191

151	155	1226

115	156	1214

151	156	1230

114	157	1188

151	157	1233

115	158	1198

150	158	1224

115	159	1203

150	159	1231

115	160	1181

150	160	1238

114	161	1230

149	161	1232

115	162	1188

148	162	1229

116	163	1195

148	163	1239

115	164	1238

147	164	1239

116	165	1224

146	165	1244

116	166	1210

144	166	1228

145	166	1243

115	167	1247

143	167	1230

115	168	1244

142	168	1232

116	169	1226

141	169	1236

115	170	1220

117	170	1206

139	170	1226

140	170	1235

116	171	1218

138	171	1242

116	172	1224

137	172	1268

116	173	1224

136	173	1267

116	174	1229

137	174	1297

115	175	1263

136	175	1293

115	176	1230

135	176	1280

114	177	1210

116	177	1226

135	177	1286

115	178	1221

135	178	1289

116	179	1224

135	179	1293

116	180	1226

117	180	1224

118	180	1222

119	180	1223

120	180	1223

121	180	1225

122	180	1224

123	180	1223

124	180	1223

125	180	1225

126	180	1226

127	180	1228

128	180	1231

129	180	1238

130	180	1246

131	180	1255

132	180	1262

133	180	1270

134	180	1283

135	180	1298

