197	146	1710

198	146	1709

199	146	1709

195	147	1718

196	147	1713

200	147	1713

194	148	1722

201	148	1711

202	148	1710

203	148	1709

194	149	1720

204	149	1717

193	150	1730

204	150	1717

193	151	1730

204	151	1719

193	152	1715

204	152	1717

191	153	1708

192	153	1712

204	153	1717

190	154	1710

205	154	1723

190	155	1712

205	155	1722

190	156	1714

205	156	1721

189	157	1719

205	157	1721

190	158	1712

205	158	1720

189	159	1714

205	159	1720

189	160	1715

206	160	1727

189	161	1721

206	161	1729

208	161	1714

209	161	1708

210	161	1710

189	162	1722

207	162	1729

210	162	1713

189	163	1722

210	163	1715

189	164	1717

209	164	1711

189	165	1715

209	165	1709

188	166	1737

209	166	1710

188	167	1721

209	167	1708

188	168	1714

209	168	1708

188	169	1709

209	169	1705

188	170	1703

209	170	1709

188	171	1708

210	171	1715

188	172	1714

211	172	1749

188	173	1716

210	173	1736

188	174	1711

210	174	1759

188	175	1716

209	175	1738

188	176	1724

208	176	1721

189	177	1702

208	177	1737

189	178	1703

208	178	1755

189	179	1712

207	179	1734

189	180	1732

207	180	1747

189	181	1735

190	181	1714

206	181	1735

191	182	1708

206	182	1756

190	183	1738

205	183	1763

191	184	1729

204	184	1764

192	185	1721

204	185	1777

192	186	1726

204	186	1793

191	187	1746

203	187	1776

191	188	1770

203	188	1796

191	189	1754

202	189	1777

192	190	1733

202	190	1787

191	191	1760

202	191	1797

192	192	1735

202	192	1803

191	193	1764

202	193	1809

191	194	1764

201	194	1785

191	195	1768

201	195	1791

191	196	1773

201	196	1796

191	197	1777

201	197	1799

191	198	1777

201	198	1801

191	199	1780

201	199	1799

191	200	1781

201	200	1798

191	201	1789

201	201	1804

191	202	1794

201	202	1807

191	203	1799

192	203	1778

193	203	1771

194	203	1769

195	203	1770

196	203	1770

197	203	1771

198	203	1772

199	203	1781

200	203	1791

201	203	1811

