195	149	1747

196	149	1747

197	149	1743

198	149	1746

194	150	1759

199	150	1747

193	151	1759

200	151	1744

201	151	1743

192	152	1751

202	152	1749

192	153	1759

202	153	1748

191	154	1795

202	154	1748

191	155	1765

202	155	1747

190	156	1752

203	156	1749

189	157	1753

203	157	1746

188	158	1761

203	158	1745

188	159	1766

203	159	1745

188	160	1761

203	160	1745

188	161	1763

203	161	1745

188	162	1760

203	162	1745

188	163	1759

204	163	1751

207	163	1746

208	163	1744

188	164	1748

205	164	1750

206	164	1741

208	164	1747

188	165	1744

207	165	1742

188	166	1746

207	166	1742

188	167	1748

207	167	1741

188	168	1751

207	168	1743

187	169	1762

207	169	1742

187	170	1748

207	170	1745

187	171	1743

207	171	1743

187	172	1740

207	172	1742

187	173	1740

207	173	1738

187	174	1736

208	174	1754

187	175	1735

208	175	1758

186	176	1739

208	176	1782

187	177	1736

207	177	1759

186	178	1731

207	178	1778

187	179	1739

207	179	1794

187	180	1727

206	180	1767

188	181	1740

206	181	1781

188	182	1744

206	182	1799

188	183	1739

205	183	1781

189	184	1740

204	184	1774

189	185	1745

203	185	1781

204	185	1785

190	186	1745

202	186	1785

190	187	1751

202	187	1799

190	188	1746

202	188	1809

190	189	1743

202	189	1824

190	190	1753

202	190	1841

190	191	1768

201	191	1812

190	192	1762

201	192	1824

190	193	1774

201	193	1833

190	194	1788

201	194	1840

190	195	1797

200	195	1812

190	196	1794

200	196	1819

190	197	1802

200	197	1825

190	198	1809

200	198	1825

190	199	1809

200	199	1826

190	200	1809

200	200	1831

190	201	1820

200	201	1836

191	202	1802

200	202	1836

191	203	1807

200	203	1832

190	204	1834

200	204	1829

190	205	1840

200	205	1829

190	206	1841

191	206	1813

192	206	1803

193	206	1798

194	206	1800

195	206	1801

196	206	1804

197	206	1807

198	206	1815

199	206	1824

200	206	1831

