169	127	1349

170	127	1352

171	127	1357

168	128	1350

172	128	1359

164	129	1353

165	129	1353

166	129	1351

167	129	1349

173	129	1366

164	130	1362

174	130	1367

161	131	1380

162	131	1397

163	131	1373

175	131	1383

162	132	1380

175	132	1373

160	133	1373

161	133	1375

175	133	1367

159	134	1353

174	134	1360

158	135	1351

174	135	1360

156	136	1374

157	136	1353

174	136	1357

155	137	1374

174	137	1355

155	138	1371

174	138	1353

155	139	1357

174	139	1355

154	140	1351

174	140	1359

154	141	1362

174	141	1364

154	142	1356

174	142	1364

153	143	1362

173	143	1353

152	144	1350

173	144	1353

152	145	1333

173	145	1354

152	146	1337

173	146	1355

151	147	1332

173	147	1356

150	148	1303

173	148	1354

175	148	1347

176	148	1343

177	148	1343

151	149	1334

174	149	1341

177	149	1341

149	150	1357

150	150	1336

177	150	1345

149	151	1353

177	151	1354

149	152	1334

176	152	1344

148	153	1324

176	153	1349

148	154	1357

176	154	1351

148	155	1360

175	155	1343

148	156	1343

175	156	1347

148	157	1342

175	157	1354

148	158	1337

175	158	1357

148	159	1340

174	159	1346

148	160	1339

174	160	1345

148	161	1343

174	161	1347

147	162	1357

173	162	1339

148	163	1341

174	163	1353

148	164	1340

173	164	1338

148	165	1334

173	165	1342

147	166	1316

171	166	1341

172	166	1342

146	167	1291

170	167	1347

147	168	1317

169	168	1355

148	169	1343

167	169	1347

168	169	1355

147	170	1407

166	170	1343

148	171	1357

165	171	1345

147	172	1395

163	172	1350

164	172	1353

146	173	1418

162	173	1361

147	174	1357

162	174	1378

147	175	1354

161	175	1377

146	176	1402

161	176	1389

146	177	1362

161	177	1399

146	178	1367

161	178	1408

146	179	1363

161	179	1415

145	180	1359

161	180	1422

145	181	1364

161	181	1430

145	182	1377

160	182	1420

145	183	1382

160	183	1428

145	184	1383

160	184	1432

145	185	1390

160	185	1437

145	186	1393

159	186	1426

144	187	1413

159	187	1434

144	188	1409

158	188	1423

144	189	1406

158	189	1429

143	190	1434

158	190	1435

144	191	1414

157	191	1431

144	192	1417

157	192	1434

143	193	1435

157	193	1439

143	194	1422

156	194	1431

143	195	1424

156	195	1438

143	196	1428

144	196	1429

145	196	1424

146	196	1422

147	196	1420

148	196	1421

149	196	1419

150	196	1418

151	196	1419

152	196	1421

153	196	1425

154	196	1430

155	196	1436

