170	137	1391

173	137	1389

174	137	1386

175	137	1388

176	137	1391

168	138	1384

169	138	1383

171	138	1394

172	138	1398

177	138	1393

167	139	1384

178	139	1397

166	140	1402

179	140	1401

164	141	1431

165	141	1422

180	141	1402

163	142	1388

180	142	1403

162	143	1383

181	143	1409

160	144	1387

161	144	1384

180	144	1408

159	145	1390

180	145	1413

158	146	1389

179	146	1408

158	147	1394

179	147	1409

158	148	1386

179	148	1411

157	149	1401

179	149	1412

156	150	1438

179	150	1417

156	151	1413

178	151	1416

156	152	1395

178	152	1420

155	153	1401

178	153	1421

155	154	1394

177	154	1419

154	155	1406

178	155	1422

154	156	1394

177	156	1423

153	157	1409

177	157	1429

180	157	1416

181	157	1418

182	157	1420

183	157	1421

152	158	1425

178	158	1428

179	158	1419

183	158	1421

152	159	1407

183	159	1422

151	160	1404

183	160	1428

152	161	1389

182	161	1424

152	162	1392

182	162	1431

151	163	1400

181	163	1426

150	164	1391

181	164	1428

150	165	1408

181	165	1432

150	166	1418

180	166	1423

150	167	1423

180	167	1426

151	168	1394

179	168	1421

151	169	1393

179	169	1423

150	170	1412

178	170	1425

150	171	1398

178	171	1432

150	172	1411

177	172	1432

151	173	1411

176	173	1432

151	174	1412

175	174	1436

151	175	1402

174	175	1435

151	176	1410

173	176	1437

151	177	1396

171	177	1430

172	177	1436

151	178	1403

169	178	1425

170	178	1431

150	179	1416

168	179	1447

150	180	1426

168	180	1478

150	181	1423

167	181	1486

150	182	1413

166	182	1480

150	183	1421

166	183	1500

150	184	1427

165	184	1481

149	185	1419

165	185	1490

149	186	1422

165	186	1498

149	187	1430

164	187	1487

149	188	1438

164	188	1491

149	189	1448

164	189	1497

149	190	1448

164	190	1502

148	191	1430

163	191	1497

148	192	1445

163	192	1501

148	193	1460

162	193	1496

148	194	1469

162	194	1501

148	195	1472

161	195	1495

148	196	1477

161	196	1498

148	197	1479

161	197	1502

148	198	1481

160	198	1499

148	199	1491

159	199	1496

148	200	1500

149	200	1494

150	200	1492

151	200	1488

152	200	1489

153	200	1488

154	200	1488

155	200	1487

156	200	1488

157	200	1491

158	200	1495

