167	124	1294

168	124	1301

165	125	1290

166	125	1289

169	125	1297

165	126	1293

170	126	1292

162	127	1296

163	127	1295

164	127	1293

171	127	1302

172	127	1314

160	128	1312

161	128	1293

173	128	1304

160	129	1314

173	129	1302

159	130	1363

173	130	1299

157	131	1296

158	131	1310

173	131	1297

156	132	1288

173	132	1296

154	133	1312

155	133	1295

173	133	1298

154	134	1299

173	134	1302

153	135	1309

173	135	1300

152	136	1329

173	136	1300

152	137	1355

173	137	1301

152	138	1298

173	138	1305

151	139	1311

172	139	1289

150	140	1302

173	140	1298

150	141	1300

172	141	1292

149	142	1320

172	142	1297

149	143	1325

172	143	1297

150	144	1285

172	144	1300

149	145	1303

172	145	1301

148	146	1335

171	146	1291

176	146	1294

147	147	1317

171	147	1294

174	147	1288

175	147	1286

177	147	1289

147	148	1310

172	148	1294

173	148	1286

177	148	1288

147	149	1296

177	149	1293

147	150	1281

176	150	1284

147	151	1275

176	151	1289

146	152	1284

176	152	1296

146	153	1292

176	153	1303

146	154	1281

175	154	1287

144	155	1233

145	155	1282

175	155	1292

144	156	1267

175	156	1295

145	157	1291

175	157	1292

145	158	1302

174	158	1286

145	159	1292

174	159	1294

144	160	1351

174	160	1296

145	161	1289

174	161	1296

146	162	1275

174	162	1294

145	163	1293

174	163	1299

145	164	1288

173	164	1287

145	165	1295

173	165	1299

145	166	1310

171	166	1286

172	166	1296

145	167	1305

170	167	1291

145	168	1305

169	168	1296

145	169	1320

146	169	1282

168	169	1296

147	170	1275

167	170	1298

146	171	1293

165	171	1290

166	171	1289

145	172	1298

164	172	1292

146	173	1295

163	173	1305

145	174	1336

162	174	1322

145	175	1345

161	175	1324

145	176	1353

161	176	1340

146	177	1296

161	177	1349

146	178	1297

161	178	1357

146	179	1295

161	179	1368

146	180	1296

161	180	1370

145	181	1319

161	181	1372

145	182	1314

161	182	1371

145	183	1328

161	183	1377

146	184	1322

160	184	1365

146	185	1325

160	185	1371

146	186	1329

160	186	1372

146	187	1332

160	187	1378

145	188	1334

159	188	1364

145	189	1347

159	189	1371

145	190	1350

159	190	1376

145	191	1355

158	191	1372

145	192	1354

158	192	1377

145	193	1360

157	193	1375

145	194	1367

157	194	1378

146	195	1371

156	195	1373

146	196	1374

156	196	1376

147	197	1376

148	197	1372

149	197	1372

150	197	1372

151	197	1372

152	197	1369

153	197	1372

154	197	1374

155	197	1378

