159	107	1120

160	107	1117

161	107	1119

158	108	1119

162	108	1112

151	109	1128

152	109	1116

153	109	1109

154	109	1109

155	109	1110

156	109	1114

157	109	1120

163	109	1125

150	110	1143

163	110	1124

149	111	1155

163	111	1118

147	112	1215

148	112	1181

164	112	1119

165	112	1120

166	112	1124

146	113	1172

167	113	1127

144	114	1154

145	114	1140

167	114	1126

143	115	1121

167	115	1128

142	116	1117

167	116	1130

140	117	1136

141	117	1119

167	117	1130

139	118	1156

167	118	1131

138	119	1203

140	119	1110

167	119	1134

138	120	1161

139	120	1122

167	120	1143

136	121	1140

137	121	1162

166	121	1129

136	122	1171

166	122	1131

135	123	1162

137	123	1179

166	123	1135

135	124	1150

136	124	1211

166	124	1140

135	125	1140

166	125	1145

135	126	1129

165	126	1137

134	127	1160

165	127	1143

134	128	1149

165	128	1147

134	129	1144

165	129	1149

134	130	1144

164	130	1135

132	131	1157

133	131	1176

164	131	1141

131	132	1156

133	132	1164

164	132	1148

170	132	1153

171	132	1151

172	132	1165

131	133	1150

132	133	1142

164	133	1153

168	133	1146

169	133	1137

172	133	1150

130	134	1136

164	134	1155

166	134	1158

167	134	1142

172	134	1148

130	135	1154

165	135	1156

172	135	1154

130	136	1170

171	136	1139

129	137	1177

171	137	1147

129	138	1184

171	138	1159

130	139	1166

170	139	1143

130	140	1138

170	140	1151

129	141	1152

170	141	1162

128	142	1146

170	142	1183

128	143	1143

169	143	1153

128	144	1124

169	144	1159

127	145	1162

128	145	1152

129	145	1161

168	145	1152

130	146	1138

168	146	1159

129	147	1202

167	147	1149

128	148	1191

129	148	1183

167	148	1156

128	149	1193

130	149	1122

167	149	1167

129	150	1161

166	150	1153

129	151	1179

166	151	1166

128	152	1183

130	152	1136

165	152	1157

128	153	1146

129	153	1135

165	153	1175

130	154	1188

164	154	1182

130	155	1191

163	155	1186

129	156	1190

162	156	1188

128	157	1167

161	157	1187

128	158	1156

160	158	1184

128	159	1158

129	159	1166

159	159	1184

130	160	1205

157	160	1169

158	160	1186

130	161	1139

155	161	1170

156	161	1186

130	162	1144

154	162	1190

130	163	1146

153	163	1207

128	164	1191

129	164	1146

130	164	1146

152	164	1199

128	165	1179

131	165	1156

152	165	1214

129	166	1166

130	166	1160

152	166	1221

130	167	1153

151	167	1207

129	168	1157

130	168	1143

131	168	1152

132	168	1150

133	168	1148

134	168	1145

135	168	1143

136	168	1143

137	168	1142

138	168	1140

139	168	1140

140	168	1141

141	168	1144

142	168	1145

143	168	1147

144	168	1150

145	168	1153

146	168	1157

147	168	1162

148	168	1169

149	168	1178

150	168	1191

151	168	1208

