201	135	1386

202	135	1391

199	136	1364

200	136	1364

203	136	1393

199	137	1363

203	137	1376

197	138	1389

198	138	1371

203	138	1368

195	139	1395

196	139	1379

204	139	1371

205	139	1385

206	139	1385

207	139	1380

195	140	1381

208	140	1389

194	141	1389

208	141	1374

193	142	1416

209	142	1385

194	143	1401

209	143	1376

193	144	1459

209	144	1380

192	145	1418

209	145	1382

191	146	1378

209	146	1381

191	147	1367

209	147	1376

190	148	1374

210	148	1397

190	149	1370

210	149	1392

189	150	1346

210	150	1385

189	151	1378

210	151	1383

189	152	1387

210	152	1382

189	153	1385

210	153	1382

189	154	1383

210	154	1380

189	155	1381

210	155	1379

189	156	1382

211	156	1406

216	156	1404

189	157	1375

211	157	1404

214	157	1393

215	157	1378

217	157	1392

218	157	1434

189	158	1358

211	158	1395

213	158	1388

218	158	1434

189	159	1362

212	159	1392

217	159	1393

189	160	1370

216	160	1378

188	161	1414

216	161	1381

187	162	1456

216	162	1387

188	163	1444

216	163	1396

188	164	1413

216	164	1408

188	165	1393

215	165	1383

187	166	1398

215	166	1386

186	167	1379

215	167	1389

186	168	1401

215	168	1391

186	169	1391

215	169	1392

187	170	1423

215	170	1386

187	171	1444

216	171	1421

188	172	1375

216	172	1412

187	173	1441

216	173	1412

188	174	1384

216	174	1422

188	175	1384

215	175	1393

188	176	1386

215	176	1410

188	177	1408

214	177	1392

187	178	1450

214	178	1408

188	179	1415

213	179	1392

189	180	1403

213	180	1407

189	181	1416

213	181	1432

189	182	1455

212	182	1406

190	183	1442

212	183	1430

190	184	1452

210	184	1400

211	184	1423

190	185	1430

208	185	1410

209	185	1420

191	186	1413

207	186	1428

192	187	1399

207	187	1467

192	188	1429

206	188	1454

192	189	1427

206	189	1469

191	190	1459

192	190	1422

205	190	1453

193	191	1426

205	191	1467

190	192	1433

191	192	1456

193	192	1442

204	192	1463

193	193	1435

204	193	1473

193	194	1429

203	194	1469

194	195	1435

202	195	1461

194	196	1439

202	196	1470

194	197	1447

201	197	1465

193	198	1449

200	198	1471

194	199	1465

198	199	1468

199	199	1474

194	200	1472

195	200	1472

196	200	1473

197	200	1471

