198	145	1705

196	146	1705

197	146	1712

199	146	1709

194	147	1713

195	147	1715

200	147	1715

201	147	1701

194	148	1717

202	148	1717

203	148	1715

193	149	1723

204	149	1720

193	150	1720

204	150	1721

192	151	1705

204	151	1720

192	152	1717

204	152	1720

190	153	1713

191	153	1712

204	153	1717

190	154	1711

205	154	1719

190	155	1713

205	155	1717

189	156	1712

205	156	1723

189	157	1717

205	157	1724

190	158	1712

205	158	1725

190	159	1714

206	159	1731

189	160	1721

206	160	1730

189	161	1719

207	161	1729

208	161	1703

209	161	1707

210	161	1707

211	161	1708

189	162	1714

211	162	1709

189	163	1711

210	163	1714

189	164	1710

210	164	1713

189	165	1710

210	165	1714

189	166	1708

210	166	1714

188	167	1713

210	167	1714

188	168	1709

209	168	1710

188	169	1702

209	169	1708

188	170	1705

210	170	1715

188	171	1713

211	171	1735

188	172	1715

211	172	1752

188	173	1712

210	173	1733

188	174	1710

210	174	1754

188	175	1719

209	175	1737

188	176	1724

208	176	1725

188	177	1749

208	177	1739

189	178	1724

208	178	1764

189	179	1750

207	179	1733

190	180	1711

207	180	1751

190	181	1718

206	181	1741

191	182	1713

206	182	1768

191	183	1721

205	183	1774

191	184	1729

204	184	1768

191	185	1766

204	185	1789

192	186	1732

204	186	1805

191	187	1763

203	187	1780

192	188	1735

203	188	1799

192	189	1740

202	189	1778

192	190	1739

202	190	1786

192	191	1743

202	191	1794

191	192	1758

202	192	1799

191	193	1759

202	193	1807

191	194	1759

202	194	1811

191	195	1760

201	195	1790

191	196	1759

201	196	1793

191	197	1763

201	197	1796

191	198	1773

201	198	1800

191	199	1781

201	199	1805

191	200	1785

201	200	1806

191	201	1790

201	201	1808

191	202	1794

201	202	1808

191	203	1795

192	203	1774

193	203	1767

194	203	1768

195	203	1771

196	203	1773

197	203	1774

198	203	1778

199	203	1784

200	203	1796

201	203	1809

