130	128	1292

131	128	1293

132	128	1294

133	128	1296

125	129	1289

126	129	1289

127	129	1288

128	129	1291

129	129	1293

133	129	1298

123	130	1300

124	130	1292

134	130	1306

121	131	1271

122	131	1305

135	131	1307

121	132	1300

136	132	1308

137	132	1307

119	133	1309

120	133	1309

137	133	1305

118	134	1286

137	134	1305

116	135	1285

117	135	1283

137	135	1307

114	136	1304

115	136	1282

137	136	1310

114	137	1288

137	137	1314

113	138	1299

137	138	1315

113	139	1289

136	139	1311

112	140	1320

136	140	1309

111	141	1339

136	141	1312

111	142	1315

136	142	1316

111	143	1301

135	143	1316

111	144	1289

135	144	1317

110	145	1306

135	145	1318

110	146	1290

134	146	1315

109	147	1295

134	147	1315

108	148	1292

134	148	1318

107	149	1326

135	149	1306

108	150	1288

136	150	1305

137	150	1326

138	150	1328

139	150	1323

140	150	1319

141	150	1316

107	151	1299

141	151	1317

106	152	1309

141	152	1316

106	153	1305

140	153	1320

107	154	1284

140	154	1322

106	155	1285

140	155	1328

106	156	1286

139	156	1326

105	157	1339

139	157	1327

105	158	1303

139	158	1324

105	159	1318

138	159	1322

105	160	1292

138	160	1323

104	161	1315

137	161	1324

105	162	1295

137	162	1325

104	163	1338

136	163	1326

105	164	1295

136	164	1329

105	165	1299

136	165	1332

105	166	1304

135	166	1336

106	167	1295

134	167	1337

106	168	1300

133	168	1333

106	169	1304

132	169	1328

105	170	1323

131	170	1327

105	171	1335

129	171	1325

130	171	1333

105	172	1316

127	172	1323

128	172	1332

106	173	1309

125	173	1333

126	173	1336

105	174	1315

124	174	1350

105	175	1316

124	175	1374

104	176	1336

123	176	1370

105	177	1315

123	177	1384

104	178	1335

123	178	1399

104	179	1330

122	179	1392

104	180	1327

121	180	1377

103	181	1337

121	181	1385

103	182	1331

121	182	1391

103	183	1334

121	183	1398

103	184	1344

120	184	1390

102	185	1362

120	185	1398

102	186	1359

119	186	1391

102	187	1352

119	187	1395

101	188	1364

119	188	1400

101	189	1374

118	189	1395

101	190	1365

118	190	1402

100	191	1377

117	191	1392

100	192	1391

117	192	1395

101	193	1381

102	193	1373

103	193	1365

104	193	1359

105	193	1354

106	193	1352

107	193	1352

108	193	1354

109	193	1356

110	193	1358

111	193	1360

112	193	1362

113	193	1367

114	193	1374

115	193	1382

116	193	1391

117	193	1398

