154	125	1271

155	125	1276

156	125	1280

150	126	1274

153	126	1266

157	126	1278

147	127	1269

148	127	1271

149	127	1268

151	127	1271

152	127	1271

157	127	1274

146	128	1292

158	128	1279

145	129	1290

159	129	1285

144	130	1264

160	130	1285

143	131	1282

161	131	1293

141	132	1264

142	132	1265

161	132	1291

140	133	1262

161	133	1289

138	134	1271

139	134	1266

161	134	1291

137	135	1283

161	135	1295

136	136	1307

161	136	1301

136	137	1297

161	137	1305

135	138	1292

160	138	1293

134	139	1272

160	139	1296

133	140	1275

160	140	1301

134	141	1296

160	141	1302

133	142	1295

159	142	1296

133	143	1306

159	143	1299

132	144	1301

159	144	1305

132	145	1295

158	145	1298

131	146	1311

158	146	1299

131	147	1297

158	147	1298

162	147	1308

163	147	1305

130	148	1287

159	148	1304

160	148	1311

161	148	1305

164	148	1301

130	149	1287

164	149	1304

129	150	1295

164	150	1306

129	151	1292

164	151	1317

128	152	1281

163	152	1305

128	153	1305

163	153	1312

129	154	1283

162	154	1304

129	155	1281

162	155	1309

128	156	1299

161	156	1305

128	157	1290

161	157	1308

128	158	1284

160	158	1304

127	159	1330

160	159	1307

127	160	1325

160	160	1309

128	161	1293

159	161	1304

128	162	1286

159	162	1306

128	163	1283

159	163	1311

128	164	1279

158	164	1313

128	165	1287

157	165	1312

129	166	1287

156	166	1311

157	166	1314

128	167	1331

155	167	1313

128	168	1338

154	168	1313

128	169	1312

153	169	1317

129	170	1297

152	170	1314

128	171	1326

150	171	1305

151	171	1312

128	172	1331

148	172	1312

149	172	1311

128	173	1311

147	173	1333

128	174	1302

147	174	1341

127	175	1322

146	175	1350

128	176	1305

146	176	1363

125	177	1283

127	177	1341

146	177	1376

125	178	1239

126	178	1308

146	178	1382

126	179	1313

145	179	1373

127	180	1315

145	180	1379

127	181	1318

145	181	1385

126	182	1326

145	182	1387

126	183	1329

144	183	1375

126	184	1334

144	184	1384

126	185	1338

143	185	1374

126	186	1339

143	186	1378

125	187	1340

143	187	1384

125	188	1349

126	188	1348

127	188	1341

128	188	1335

129	188	1332

130	188	1330

131	188	1329

132	188	1329

133	188	1329

134	188	1331

135	188	1334

136	188	1338

137	188	1342

138	188	1347

139	188	1353

140	188	1361

141	188	1369

142	188	1380

