164	122	1299

165	122	1298

166	122	1308

164	123	1293

166	123	1296

163	124	1279

167	124	1299

160	125	1288

161	125	1288

162	125	1292

168	125	1302

169	125	1308

170	125	1311

171	125	1321

159	126	1303

171	126	1312

158	127	1326

172	127	1320

157	128	1322

172	128	1320

156	129	1342

172	129	1313

156	130	1290

172	130	1309

155	131	1283

173	131	1320

153	132	1284

154	132	1293

173	132	1321

154	133	1282

172	133	1309

153	134	1300

172	134	1307

153	135	1279

172	135	1304

151	136	1283

153	136	1275

173	136	1308

151	137	1339

152	137	1274

173	137	1310

151	138	1356

173	138	1315

151	139	1338

173	139	1318

151	140	1332

173	140	1317

151	141	1291

173	141	1313

151	142	1282

173	142	1306

150	143	1289

172	143	1307

149	144	1312

172	144	1307

149	145	1340

172	145	1309

176	145	1316

177	145	1315

178	145	1317

150	146	1274

172	146	1310

175	146	1309

179	146	1323

149	147	1295

172	147	1311

174	147	1308

179	147	1311

149	148	1263

173	148	1309

178	148	1313

148	149	1274

178	149	1316

148	150	1270

178	150	1320

148	151	1278

178	151	1320

147	152	1284

177	152	1312

147	153	1267

177	153	1314

147	154	1255

177	154	1319

147	155	1292

177	155	1326

147	156	1292

177	156	1319

147	157	1296

176	157	1313

147	158	1293

176	158	1313

147	159	1289

176	159	1315

147	160	1317

176	160	1315

147	161	1307

176	161	1315

148	162	1275

176	162	1318

147	163	1291

149	163	1270

175	163	1314

147	164	1310

148	164	1287

175	164	1326

147	165	1311

174	165	1327

147	166	1301

173	166	1333

148	167	1313

172	167	1325

148	168	1328

171	168	1316

149	169	1291

170	169	1321

148	170	1329

168	170	1309

169	170	1321

148	171	1330

167	171	1318

148	172	1289

166	172	1325

148	173	1271

165	173	1323

148	174	1311

164	174	1324

149	175	1298

163	175	1326

148	176	1310

163	176	1335

148	177	1323

163	177	1348

147	178	1345

163	178	1357

147	179	1336

163	179	1366

148	180	1315

163	180	1373

147	181	1322

163	181	1381

147	182	1324

163	182	1385

147	183	1328

162	183	1375

147	184	1359

162	184	1381

147	185	1342

161	185	1371

148	186	1334

161	186	1377

147	187	1341

161	187	1382

146	188	1334

160	188	1372

147	189	1355

160	189	1379

146	190	1342

160	190	1382

146	191	1357

159	191	1375

146	192	1366

159	192	1377

146	193	1373

159	193	1382

145	194	1384

146	194	1380

159	194	1385

145	195	1379

147	195	1384

148	195	1377

149	195	1374

150	195	1371

151	195	1371

152	195	1370

153	195	1371

154	195	1370

155	195	1373

156	195	1376

157	195	1380

158	195	1385

