196	148	1747

197	148	1748

195	149	1751

198	149	1749

193	150	1752

194	150	1752

199	150	1748

200	150	1751

193	151	1747

201	151	1749

202	151	1751

192	152	1755

202	152	1748

192	153	1762

202	153	1744

191	154	1768

202	154	1745

190	155	1761

202	155	1743

189	156	1756

203	156	1750

189	157	1753

203	157	1748

188	158	1768

203	158	1748

188	159	1765

203	159	1747

188	160	1759

203	160	1746

188	161	1754

203	161	1746

188	162	1754

204	162	1755

188	163	1754

205	163	1747

206	163	1741

207	163	1742

208	163	1746

188	164	1751

208	164	1748

188	165	1747

207	165	1742

188	166	1746

207	166	1740

187	167	1744

207	167	1740

187	168	1747

207	168	1742

187	169	1745

207	169	1742

187	170	1743

207	170	1740

186	171	1751

207	171	1737

187	172	1744

207	172	1740

186	173	1757

208	173	1754

186	174	1755

209	174	1782

186	175	1729

208	175	1764

187	176	1739

208	176	1786

186	177	1760

207	177	1766

187	178	1738

207	178	1782

187	179	1741

206	179	1757

187	180	1747

206	180	1772

187	181	1742

206	181	1792

188	182	1741

205	182	1767

188	183	1754

205	183	1782

188	184	1761

204	184	1780

189	185	1757

203	185	1790

189	186	1750

202	186	1785

190	187	1756

202	187	1795

190	188	1763

202	188	1808

189	189	1784

202	189	1836

190	190	1767

201	190	1813

190	191	1773

201	191	1822

190	192	1777

201	192	1832

190	193	1780

201	193	1842

190	194	1781

200	194	1810

190	195	1781

200	195	1815

190	196	1786

200	196	1817

191	197	1778

200	197	1822

191	198	1786

200	198	1827

191	199	1789

200	199	1831

190	200	1803

200	200	1832

191	201	1791

200	201	1832

191	202	1794

200	202	1836

191	203	1802

200	203	1834

191	204	1808

200	204	1837

191	205	1815

192	205	1802

193	205	1797

194	205	1796

195	205	1800

196	205	1804

197	205	1808

198	205	1811

199	205	1819

200	205	1832

