201	135	1426

202	135	1431

201	136	1420

203	136	1420

204	136	1436

205	136	1436

200	137	1422

204	137	1426

197	138	1427

198	138	1428

199	138	1426

204	138	1423

208	138	1437

196	139	1490

205	139	1424

206	139	1429

207	139	1425

209	139	1442

196	140	1453

209	140	1448

195	141	1493

209	141	1433

195	142	1456

210	142	1445

196	143	1420

210	143	1434

194	144	1453

195	144	1484

210	144	1435

193	145	1435

210	145	1435

192	146	1440

210	146	1433

191	147	1425

210	147	1431

192	148	1417

210	148	1430

191	149	1428

211	149	1452

190	150	1402

211	150	1448

190	151	1419

211	151	1446

191	152	1423

211	152	1444

190	153	1454

211	153	1442

191	154	1423

211	154	1440

191	155	1424

211	155	1438

216	155	1450

217	155	1457

190	156	1443

211	156	1438

214	156	1452

215	156	1436

218	156	1469

191	157	1422

212	157	1447

213	157	1444

218	157	1470

191	158	1422

218	158	1477

190	159	1430

217	159	1441

190	160	1432

217	160	1455

191	161	1418

216	161	1430

189	162	1435

190	162	1428

216	162	1434

189	163	1466

216	163	1439

189	164	1466

216	164	1441

189	165	1428

216	165	1443

189	166	1450

216	166	1442

189	167	1447

216	167	1445

189	168	1423

216	168	1444

189	169	1411

216	169	1442

189	170	1425

216	170	1439

189	171	1436

216	171	1441

189	172	1452

216	172	1444

190	173	1424

216	173	1459

190	174	1429

215	174	1439

189	175	1492

215	175	1458

190	176	1434

214	176	1440

190	177	1439

214	177	1455

190	178	1458

213	178	1439

191	179	1448

213	179	1454

191	180	1494

213	180	1479

192	181	1450

212	181	1462

191	182	1497

211	182	1459

191	183	1441

209	183	1460

210	183	1480

192	184	1506

208	184	1473

193	185	1502

208	185	1498

194	186	1456

208	186	1522

193	187	1495

207	187	1504

193	188	1473

207	188	1524

194	189	1453

206	189	1505

193	190	1468

206	190	1518

193	191	1469

205	191	1508

194	192	1467

205	192	1522

193	193	1477

204	193	1510

194	194	1477

204	194	1517

194	195	1481

204	195	1522

194	196	1484

203	196	1515

194	197	1487

203	197	1522

194	198	1492

202	198	1519

194	199	1499

202	199	1525

194	200	1512

201	200	1520

194	201	1519

200	201	1523

201	201	1525

194	202	1524

199	202	1523

195	203	1516

197	203	1519

198	203	1525

195	204	1524

196	204	1525

