161	130	1393

162	130	1396

163	130	1397

159	131	1394

160	131	1393

164	131	1399

157	132	1407

158	132	1399

165	132	1398

156	133	1418

166	133	1403

155	134	1400

166	134	1403

154	135	1390

167	135	1404

153	136	1392

167	136	1404

153	137	1390

167	137	1405

151	138	1402

152	138	1390

167	138	1403

150	139	1354

167	139	1403

150	140	1381

167	140	1402

149	141	1381

167	141	1403

148	142	1349

167	142	1403

149	143	1386

167	143	1405

149	144	1385

167	144	1406

148	145	1399

167	145	1405

147	146	1412

167	146	1404

147	147	1403

167	147	1404

147	148	1389

167	148	1407

146	149	1384

167	149	1408

146	150	1375

166	150	1404

145	151	1372

166	151	1404

144	152	1361

167	152	1409

170	152	1407

171	152	1408

172	152	1410

173	152	1413

145	153	1384

168	153	1419

169	153	1410

173	153	1414

145	154	1381

172	154	1409

144	155	1387

172	155	1411

144	156	1380

171	156	1408

144	157	1381

171	157	1412

143	158	1408

170	158	1407

143	159	1404

170	159	1409

143	160	1389

170	160	1407

143	161	1390

170	161	1407

143	162	1391

169	162	1405

142	163	1369

170	163	1411

142	164	1372

169	164	1410

143	165	1391

169	165	1412

143	166	1398

168	166	1410

143	167	1408

168	167	1414

144	168	1386

168	168	1420

144	169	1384

166	169	1417

167	169	1420

143	170	1407

165	170	1421

143	171	1433

163	171	1411

164	171	1424

144	172	1400

162	172	1408

144	173	1407

161	173	1404

143	174	1415

159	174	1408

160	174	1408

143	175	1396

158	175	1419

143	176	1401

157	176	1423

142	177	1434

157	177	1433

142	178	1474

156	178	1434

142	179	1433

156	179	1446

142	180	1428

156	180	1460

141	181	1442

156	181	1466

141	182	1431

156	182	1470

141	183	1441

156	183	1472

141	184	1437

156	184	1480

141	185	1437

155	185	1474

141	186	1443

155	186	1481

141	187	1445

155	187	1487

141	188	1443

154	188	1475

141	189	1446

154	189	1478

140	190	1452

154	190	1485

140	191	1459

153	191	1483

140	192	1461

152	192	1477

139	193	1474

152	193	1484

139	194	1478

152	194	1487

139	195	1484

140	195	1474

141	195	1469

142	195	1463

143	195	1464

144	195	1464

145	195	1465

146	195	1465

147	195	1463

148	195	1466

149	195	1469

150	195	1475

151	195	1482

