148	131	1287

149	131	1290

150	131	1292

143	132	1284

144	132	1286

145	132	1289

146	132	1268

147	132	1289

151	132	1297

141	133	1288

142	133	1285

152	133	1303

140	134	1291

152	134	1302

139	135	1287

153	135	1300

137	136	1319

138	136	1304

154	136	1303

135	137	1286

136	137	1289

155	137	1310

133	138	1291

134	138	1283

154	138	1305

132	139	1292

154	139	1307

131	140	1286

154	140	1308

130	141	1311

154	141	1311

130	142	1297

154	142	1314

130	143	1287

153	143	1312

129	144	1291

153	144	1315

128	145	1289

153	145	1318

128	146	1316

153	146	1321

127	147	1291

152	147	1319

126	148	1313

152	148	1322

126	149	1317

152	149	1325

125	150	1332

151	150	1322

125	151	1302

151	151	1325

124	152	1300

152	152	1317

124	153	1290

151	153	1333

153	153	1320

154	153	1324

155	153	1323

156	153	1321

157	153	1321

158	153	1322

123	154	1277

152	154	1333

158	154	1324

123	155	1281

158	155	1325

124	156	1285

157	156	1323

123	157	1296

157	157	1329

123	158	1285

156	158	1330

123	159	1283

156	159	1333

121	160	1298

122	160	1280

156	160	1337

122	161	1292

155	161	1331

122	162	1294

155	162	1336

121	163	1316

154	163	1329

122	164	1291

154	164	1331

122	165	1289

153	165	1326

121	166	1296

153	166	1331

121	167	1300

152	167	1331

121	168	1321

152	168	1337

121	169	1316

151	169	1340

122	170	1299

150	170	1339

122	171	1309

149	171	1339

123	172	1301

148	172	1336

122	173	1313

147	173	1337

122	174	1311

146	174	1339

122	175	1317

143	175	1328

144	175	1335

145	175	1345

122	176	1312

141	176	1329

142	176	1332

121	177	1303

140	177	1350

121	178	1295

140	178	1376

121	179	1316

139	179	1379

120	180	1305

138	180	1374

120	181	1310

138	181	1390

120	182	1313

137	182	1376

120	183	1324

137	183	1386

119	184	1338

137	184	1395

119	185	1323

136	185	1389

119	186	1328

136	186	1397

118	187	1330

135	187	1390

118	188	1329

135	188	1394

118	189	1353

135	189	1398

117	190	1383

134	190	1396

117	191	1386

133	191	1393

117	192	1378

133	192	1396

116	193	1381

133	193	1398

117	194	1388

132	194	1393

117	195	1397

131	195	1393

118	196	1385

130	196	1389

118	197	1397

130	197	1395

119	198	1389

130	198	1396

119	199	1393

120	199	1390

121	199	1385

122	199	1387

123	199	1385

124	199	1385

125	199	1386

126	199	1389

127	199	1393

128	199	1395

129	199	1398

