167	125	1343

168	125	1346

166	126	1342

169	126	1347

170	126	1356

165	127	1350

171	127	1359

172	127	1363

162	128	1349

163	128	1345

164	128	1345

173	128	1367

161	129	1361

173	129	1360

160	130	1354

173	130	1355

159	131	1359

174	131	1360

158	132	1344

174	132	1364

156	133	1353

157	133	1341

173	133	1352

155	134	1360

173	134	1352

154	135	1369

173	135	1349

154	136	1348

173	136	1348

153	137	1345

173	137	1349

153	138	1339

173	138	1350

153	139	1351

173	139	1350

152	140	1376

173	140	1351

151	141	1401

173	141	1352

151	142	1367

173	142	1353

151	143	1354

172	143	1342

150	144	1354

172	144	1343

150	145	1357

172	145	1346

150	146	1357

172	146	1348

150	147	1341

172	147	1347

175	147	1343

176	147	1340

177	147	1344

149	148	1344

173	148	1351

174	148	1342

178	148	1355

148	149	1365

177	149	1343

148	150	1355

177	150	1350

148	151	1330

176	151	1341

148	152	1330

176	152	1344

147	153	1364

176	153	1345

147	154	1359

176	154	1351

147	155	1343

175	155	1342

146	156	1375

175	156	1347

146	157	1325

174	157	1340

146	158	1336

174	158	1343

146	159	1353

174	159	1345

146	160	1367

174	160	1344

147	161	1336

174	161	1345

147	162	1337

174	162	1347

147	163	1322

173	163	1341

147	164	1342

173	164	1347

146	165	1390

172	165	1345

146	166	1357

171	166	1347

147	167	1328

170	167	1346

147	168	1328

169	168	1349

147	169	1364

166	169	1339

167	169	1347

168	169	1341

148	170	1348

165	170	1339

147	171	1365

163	171	1343

164	171	1346

146	172	1361

162	172	1353

146	173	1339

162	173	1366

146	174	1343

161	174	1368

146	175	1350

161	175	1380

146	176	1361

161	176	1390

146	177	1367

161	177	1400

146	178	1368

161	178	1404

146	179	1365

161	179	1411

146	180	1364

161	180	1419

145	181	1377

160	181	1411

145	182	1358

160	182	1418

145	183	1367

160	183	1426

145	184	1379

160	184	1430

145	185	1378

160	185	1434

144	186	1394

159	186	1423

144	187	1403

159	187	1434

144	188	1407

158	188	1421

144	189	1408

158	189	1427

144	190	1410

158	190	1429

143	191	1401

157	191	1422

143	192	1405

157	192	1425

143	193	1404

157	193	1431

143	194	1408

144	194	1411

145	194	1410

146	194	1409

147	194	1409

148	194	1409

149	194	1408

150	194	1407

151	194	1407

152	194	1410

153	194	1412

154	194	1416

155	194	1420

156	194	1430

