139	129	1333

140	129	1332

141	129	1333

134	130	1329

135	130	1328

136	130	1331

137	130	1333

138	130	1333

142	130	1335

132	131	1346

133	131	1334

142	131	1336

130	132	1345

131	132	1347

143	132	1339

144	132	1335

130	133	1367

145	133	1335

129	134	1385

145	134	1338

127	135	1326

128	135	1327

145	135	1341

126	136	1324

145	136	1343

125	137	1327

145	137	1345

123	138	1345

124	138	1329

145	138	1345

123	139	1337

145	139	1348

122	140	1343

145	140	1349

121	141	1341

144	141	1351

121	142	1344

144	142	1350

121	143	1334

144	143	1351

121	144	1325

144	144	1351

120	145	1332

143	145	1352

119	146	1388

143	146	1350

119	147	1361

143	147	1350

118	148	1354

143	148	1354

117	149	1360

142	149	1358

117	150	1353

142	150	1361

147	150	1363

148	150	1359

149	150	1359

117	151	1346

143	151	1370

146	151	1366

149	151	1360

117	152	1338

144	152	1372

145	152	1365

149	152	1357

116	153	1351

149	153	1358

116	154	1349

149	154	1357

116	155	1338

148	155	1360

116	156	1334

148	156	1364

115	157	1364

148	157	1367

115	158	1343

147	158	1364

115	159	1345

147	159	1363

115	160	1337

146	160	1360

115	161	1338

146	161	1362

115	162	1339

146	162	1365

114	163	1379

145	163	1365

115	164	1337

145	164	1367

114	165	1352

144	165	1369

115	166	1349

144	166	1378

116	167	1339

143	167	1379

115	168	1395

142	168	1379

116	169	1348

141	169	1377

115	170	1374

140	170	1374

116	171	1355

139	171	1372

116	172	1354

136	172	1356

137	172	1361

138	172	1368

115	173	1362

135	173	1368

115	174	1364

134	174	1384

115	175	1368

133	175	1399

115	176	1369

133	176	1414

115	177	1366

133	177	1424

115	178	1366

133	178	1437

114	179	1409

132	179	1437

114	180	1387

132	180	1440

114	181	1377

131	181	1426

114	182	1377

131	182	1431

114	183	1377

131	183	1438

113	184	1395

131	184	1443

113	185	1396

130	185	1432

113	186	1398

130	186	1439

113	187	1401

130	187	1445

113	188	1399

129	188	1437

112	189	1413

129	189	1440

112	190	1423

129	190	1444

112	191	1413

129	191	1444

111	192	1427

128	192	1439

112	193	1425

113	193	1410

114	193	1402

115	193	1399

116	193	1397

117	193	1398

118	193	1398

119	193	1399

120	193	1399

121	193	1399

122	193	1401

123	193	1403

124	193	1410

125	193	1416

126	193	1424

127	193	1433

128	193	1445

