149	136	1399

150	136	1399

151	136	1400

144	137	1396

145	137	1397

146	137	1400

147	137	1401

148	137	1401

152	137	1405

143	138	1394

153	138	1399

142	139	1393

154	139	1404

141	140	1400

155	140	1409

139	141	1405

140	141	1412

155	141	1406

138	142	1389

155	142	1407

137	143	1391

155	143	1409

136	144	1391

155	144	1412

135	145	1399

155	145	1418

134	146	1422

154	146	1417

133	147	1419

154	147	1421

133	148	1395

154	148	1421

133	149	1401

154	149	1424

132	150	1425

154	150	1426

132	151	1415

154	151	1426

132	152	1409

153	152	1424

131	153	1418

153	153	1426

131	154	1410

153	154	1430

130	155	1463

153	155	1435

158	155	1423

159	155	1422

160	155	1419

130	156	1434

154	156	1442

156	156	1429

157	156	1428

160	156	1422

130	157	1412

155	157	1440

160	157	1428

130	158	1403

159	158	1431

129	159	1408

159	159	1432

129	160	1405

159	160	1433

129	161	1402

159	161	1434

129	162	1401

158	162	1430

128	163	1424

158	163	1435

128	164	1414

158	164	1441

128	165	1408

157	165	1436

128	166	1409

157	166	1434

128	167	1400

157	167	1436

128	168	1404

156	168	1433

128	169	1407

156	169	1440

128	170	1413

155	170	1439

128	171	1432

154	171	1435

128	172	1435

154	172	1443

129	173	1414

153	173	1449

129	174	1431

152	174	1448

129	175	1430

151	175	1444

129	176	1432

150	176	1444

130	177	1430

148	177	1435

149	177	1448

129	178	1438

147	178	1446

130	179	1430

146	179	1466

130	180	1429

146	180	1486

129	181	1472

146	181	1507

130	182	1434

145	182	1492

129	183	1445

145	183	1502

128	184	1471

145	184	1508

129	185	1448

145	185	1509

129	186	1449

145	186	1511

129	187	1449

144	187	1499

129	188	1453

144	188	1506

129	189	1453

144	189	1508

129	190	1457

144	190	1511

128	191	1484

143	191	1502

128	192	1485

143	192	1508

128	193	1485

143	193	1511

128	194	1478

142	194	1504

128	195	1483

142	195	1505

128	196	1490

142	196	1512

128	197	1500

129	197	1493

130	197	1485

131	197	1481

132	197	1477

133	197	1477

134	197	1480

135	197	1481

136	197	1483

137	197	1485

138	197	1488

139	197	1494

140	197	1499

141	197	1507

