179	137	1381

180	137	1380

173	138	1390

174	138	1383

175	138	1382

176	138	1385

177	138	1383

178	138	1378

181	138	1383

172	139	1391

182	139	1385

170	140	1428

171	140	1398

182	140	1388

169	141	1395

183	141	1386

184	141	1391

169	142	1393

185	142	1396

166	143	1349

168	143	1386

185	143	1397

165	144	1381

167	144	1375

185	144	1399

165	145	1374

185	145	1401

163	146	1397

164	146	1379

185	146	1402

163	147	1380

184	147	1401

162	148	1392

184	148	1403

161	149	1435

184	149	1405

162	150	1382

184	150	1406

161	151	1399

183	151	1401

160	152	1389

183	152	1404

160	153	1402

183	153	1408

159	154	1427

183	154	1407

158	155	1425

182	155	1407

158	156	1403

182	156	1414

158	157	1393

182	157	1417

186	157	1413

187	157	1415

157	158	1410

183	158	1404

184	158	1410

185	158	1406

188	158	1414

157	159	1402

188	159	1411

157	160	1392

188	160	1411

156	161	1412

187	161	1408

155	162	1429

187	162	1413

156	163	1390

187	163	1420

155	164	1414

187	164	1414

156	165	1389

186	165	1419

156	166	1388

185	166	1413

155	167	1395

185	167	1414

155	168	1389

184	168	1413

155	169	1388

184	169	1415

155	170	1393

184	170	1419

155	171	1398

183	171	1415

155	172	1401

183	172	1420

155	173	1408

182	173	1420

155	174	1424

181	174	1425

155	175	1429

180	175	1421

156	176	1409

179	176	1418

156	177	1414

178	177	1419

156	178	1413

176	178	1415

177	178	1425

156	179	1413

174	179	1410

175	179	1419

155	180	1425

173	180	1423

155	181	1440

172	181	1448

155	182	1429

171	182	1455

155	183	1425

171	183	1470

155	184	1424

171	184	1486

155	185	1426

170	185	1475

154	186	1427

170	186	1481

154	187	1431

170	187	1486

154	188	1430

170	188	1493

154	189	1433

169	189	1482

154	190	1435

169	190	1487

154	191	1440

169	191	1493

153	192	1449

168	192	1487

153	193	1462

168	193	1494

153	194	1462

167	194	1489

153	195	1463

167	195	1494

153	196	1468

167	196	1496

153	197	1480

166	197	1491

153	198	1485

166	198	1494

153	199	1491

154	199	1485

155	199	1478

156	199	1472

157	199	1469

158	199	1469

159	199	1467

160	199	1467

161	199	1468

162	199	1471

163	199	1479

164	199	1485

165	199	1495

