163	107	1141

164	107	1140

165	107	1152

157	108	1147

158	108	1151

162	108	1132

166	108	1140

155	109	1148

156	109	1125

159	109	1130

160	109	1139

161	109	1136

166	109	1130

153	110	1166

154	110	1143

167	110	1142

151	111	1185

152	111	1205

167	111	1138

149	112	1186

150	112	1199

152	112	1169

168	112	1139

169	112	1151

149	113	1178

151	113	1171

170	113	1144

147	114	1155

148	114	1131

170	114	1133

146	115	1139

171	115	1152

144	116	1162

145	116	1134

170	116	1133

143	117	1159

170	117	1138

142	118	1138

170	118	1142

142	119	1142

170	119	1149

141	120	1157

170	120	1156

141	121	1138

170	121	1166

139	122	1218

140	122	1175

169	122	1146

138	123	1176

169	123	1151

138	124	1196

169	124	1154

137	125	1224

169	125	1162

138	126	1207

168	126	1151

138	127	1164

168	127	1161

137	128	1181

168	128	1173

137	129	1170

167	129	1153

136	130	1174

167	130	1156

134	131	1196

135	131	1146

167	131	1163

171	131	1215

172	131	1202

135	132	1162

167	132	1172

171	132	1173

173	132	1168

174	132	1183

133	133	1142

134	133	1136

166	133	1163

170	133	1169

175	133	1183

133	134	1169

166	134	1170

169	134	1163

174	134	1160

133	135	1207

167	135	1169

168	135	1162

174	135	1162

134	136	1145

174	136	1168

132	137	1161

133	137	1150

173	137	1158

132	138	1146

173	138	1169

132	139	1186

173	139	1181

130	140	1192

133	140	1152

172	140	1166

130	141	1197

131	141	1160

132	141	1178

172	141	1179

131	142	1207

171	142	1168

130	143	1207

171	143	1178

131	144	1215

171	144	1188

131	145	1166

170	145	1170

129	146	1179

130	146	1189

170	146	1183

131	147	1207

170	147	1201

131	148	1176

169	148	1171

129	149	1168

130	149	1148

169	149	1182

130	150	1156

168	150	1168

131	151	1183

168	151	1181

132	152	1167

167	152	1185

131	153	1223

132	153	1198

166	153	1187

133	154	1163

165	154	1191

133	155	1167

164	155	1194

133	156	1156

163	156	1197

131	157	1152

132	157	1155

162	157	1199

132	158	1186

160	158	1180

161	158	1197

131	159	1213

133	159	1174

159	159	1186

132	160	1225

156	160	1177

157	160	1186

158	160	1197

130	161	1182

131	161	1207

155	161	1203

130	162	1178

154	162	1218

131	163	1170

153	163	1209

130	164	1144

131	164	1167

153	164	1223

130	165	1222

132	165	1179

152	165	1213

131	166	1187

152	166	1227

130	167	1171

131	167	1167

132	167	1170

133	167	1163

134	167	1161

135	167	1159

136	167	1158

137	167	1158

138	167	1157

139	167	1157

140	167	1156

141	167	1157

142	167	1158

143	167	1160

144	167	1161

145	167	1162

146	167	1166

147	167	1169

148	167	1176

149	167	1183

150	167	1194

151	167	1211

