190	136	1336

191	136	1364

192	136	1360

193	136	1367

190	137	1355

194	137	1354

195	137	1365

190	138	1350

196	138	1368

190	139	1346

197	139	1365

198	139	1375

199	139	1378

186	140	1366

187	140	1359

188	140	1358

189	140	1352

199	140	1373

186	141	1371

199	141	1359

186	142	1364

199	142	1355

186	143	1360

200	143	1374

186	144	1355

200	144	1365

184	145	1434

186	145	1350

200	145	1360

183	146	1402

185	146	1390

201	146	1383

183	147	1355

201	147	1379

182	148	1351

201	148	1371

181	149	1348

201	149	1364

181	150	1355

201	150	1358

181	151	1361

202	151	1379

181	152	1358

202	152	1378

181	153	1359

202	153	1377

180	154	1400

202	154	1376

181	155	1355

202	155	1373

181	156	1355

202	156	1369

180	157	1372

202	157	1366

208	157	1388

180	158	1366

203	158	1387

206	158	1366

207	158	1360

209	158	1375

180	159	1356

203	159	1383

205	159	1367

209	159	1372

181	160	1358

204	160	1373

209	160	1387

181	161	1360

208	161	1367

180	162	1379

208	162	1372

180	163	1387

208	163	1375

181	164	1359

208	164	1372

180	165	1392

208	165	1371

179	166	1401

208	166	1373

180	167	1366

208	167	1379

179	168	1400

208	168	1381

179	169	1397

208	169	1383

178	170	1369

208	170	1382

178	171	1416

208	171	1381

178	172	1397

208	172	1381

178	173	1406

208	173	1380

179	174	1395

208	174	1380

180	175	1361

208	175	1386

179	176	1395

208	176	1405

179	177	1365

207	177	1379

179	178	1416

207	178	1397

180	179	1393

206	179	1378

180	180	1436

206	180	1396

181	181	1380

205	181	1382

180	182	1334

182	182	1369

205	182	1401

182	183	1379

205	183	1422

182	184	1390

204	184	1397

183	185	1390

203	185	1392

204	185	1425

184	186	1375

201	186	1392

202	186	1401

183	187	1362

200	187	1420

184	188	1395

199	188	1428

184	189	1441

185	189	1406

199	189	1445

186	190	1398

199	190	1459

185	191	1389

198	191	1446

185	192	1411

198	192	1459

185	193	1394

197	193	1448

186	194	1409

197	194	1457

187	195	1418

196	195	1447

187	196	1422

196	196	1457

187	197	1426

195	197	1449

187	198	1432

195	198	1459

188	199	1441

193	199	1454

194	199	1458

188	200	1447

191	200	1455

192	200	1459

188	201	1453

189	201	1454

190	201	1456

188	202	1456

