165	123	1327

164	124	1322

166	124	1326

167	124	1337

162	125	1325

163	125	1325

167	125	1332

160	126	1335

161	126	1324

168	126	1337

169	126	1344

170	126	1318

159	127	1351

170	127	1341

158	128	1389

171	128	1346

158	129	1370

171	129	1340

157	130	1322

172	130	1357

156	131	1313

172	131	1347

155	132	1325

172	132	1342

154	133	1327

172	133	1344

153	134	1308

172	134	1345

154	135	1324

172	135	1348

153	136	1386

172	136	1348

152	137	1342

172	137	1350

153	138	1344

172	138	1351

153	139	1335

172	139	1352

153	140	1317

172	140	1349

153	141	1314

172	141	1350

152	142	1327

172	142	1347

152	143	1315

172	143	1349

151	144	1324

172	144	1344

150	145	1284

172	145	1341

150	146	1327

171	146	1338

175	146	1360

176	146	1365

150	147	1325

172	147	1334

173	147	1345

174	147	1353

177	147	1366

149	148	1329

177	148	1364

149	149	1319

177	149	1363

149	150	1321

177	150	1364

148	151	1348

177	151	1367

149	152	1309

176	152	1357

148	153	1347

176	153	1360

148	154	1337

176	154	1362

148	155	1313

176	155	1363

148	156	1330

175	156	1355

148	157	1336

175	157	1356

147	158	1391

175	158	1357

147	159	1417

175	159	1360

147	160	1316

175	160	1359

147	161	1292

175	161	1360

148	162	1306

175	162	1364

149	163	1304

174	163	1363

148	164	1313

173	164	1361

174	164	1376

149	165	1305

172	165	1358

148	166	1350

171	166	1353

149	167	1317

170	167	1352

149	168	1324

169	168	1343

148	169	1346

168	169	1343

169	169	1354

148	170	1346

167	170	1345

148	171	1339

166	171	1349

147	172	1346

164	172	1357

165	172	1357

148	173	1331

163	173	1361

148	174	1338

163	174	1366

148	175	1340

162	175	1363

147	176	1360

162	176	1372

148	177	1339

162	177	1382

147	178	1341

162	178	1391

147	179	1346

162	179	1398

147	180	1347

162	180	1403

147	181	1357

162	181	1411

147	182	1355

162	182	1417

147	183	1357

161	183	1417

147	184	1356

160	184	1404

147	185	1363

160	185	1410

147	186	1369

160	186	1415

146	187	1379

160	187	1420

145	188	1388

159	188	1406

145	189	1394

159	189	1408

145	190	1400

159	190	1411

145	191	1399

159	191	1417

144	192	1395

159	192	1423

145	193	1398

158	193	1416

144	194	1411

158	194	1420

145	195	1412

157	195	1417

145	196	1417

157	196	1421

146	197	1416

147	197	1412

148	197	1408

149	197	1408

150	197	1408

151	197	1408

152	197	1408

153	197	1410

154	197	1413

155	197	1416

156	197	1420

