168	147	1732

169	147	1724

166	148	1742

167	148	1734

170	148	1726

165	149	1734

171	149	1734

164	150	1740

172	150	1731

164	151	1731

172	151	1732

162	152	1724

163	152	1720

173	152	1737

161	153	1717

173	153	1736

160	154	1716

173	154	1729

159	155	1720

173	155	1731

159	156	1710

173	156	1730

159	157	1707

173	157	1731

159	158	1705

173	158	1727

158	159	1705

173	159	1725

157	160	1703

173	160	1724

157	161	1711

173	161	1728

157	162	1702

173	162	1730

156	163	1711

173	163	1727

156	164	1698

173	164	1725

175	164	1742

176	164	1731

156	165	1698

174	165	1733

177	165	1725

155	166	1703

177	166	1728

155	167	1700

176	167	1724

155	168	1697

176	168	1728

155	169	1695

176	169	1731

155	170	1692

175	170	1718

154	171	1692

175	171	1718

154	172	1694

175	172	1721

154	173	1700

175	173	1728

154	174	1708

175	174	1728

154	175	1710

175	175	1729

154	176	1710

174	176	1712

154	177	1707

174	177	1723

154	178	1716

173	178	1725

154	179	1720

171	179	1720

172	179	1739

154	180	1724

170	180	1719

154	181	1727

169	181	1721

154	182	1719

167	182	1713

168	182	1723

154	183	1717

166	183	1730

154	184	1710

165	184	1733

153	185	1730

164	185	1725

153	186	1728

164	186	1738

153	187	1730

163	187	1730

152	188	1745

163	188	1744

152	189	1741

163	189	1762

151	190	1797

163	190	1773

151	191	1772

162	191	1766

151	192	1760

162	192	1776

151	193	1757

162	193	1787

151	194	1762

162	194	1792

151	195	1763

161	195	1779

150	196	1790

161	196	1790

150	197	1785

161	197	1798

150	198	1782

161	198	1804

149	199	1805

160	199	1793

149	200	1803

150	200	1773

151	200	1760

152	200	1757

153	200	1757

154	200	1758

155	200	1756

156	200	1759

157	200	1762

158	200	1769

159	200	1779

160	200	1798

