196	135	1322

194	136	1313

195	136	1310

197	136	1321

192	137	1327

193	137	1310

198	137	1331

192	138	1324

198	138	1319

191	139	1312

199	139	1324

200	139	1330

201	139	1334

189	140	1324

190	140	1314

202	140	1314

203	140	1343

189	141	1345

203	141	1319

189	142	1331

203	142	1316

189	143	1327

203	143	1315

188	144	1392

204	144	1335

187	145	1357

204	145	1328

185	146	1334

186	146	1332

204	146	1324

185	147	1319

204	147	1322

184	148	1321

204	148	1321

184	149	1321

205	149	1341

183	150	1338

205	150	1334

183	151	1327

205	151	1329

184	152	1314

205	152	1328

183	153	1308

205	153	1325

183	154	1330

205	154	1324

183	155	1341

205	155	1324

183	156	1339

206	156	1350

183	157	1340

206	157	1347

183	158	1324

206	158	1344

210	158	1331

211	158	1323

212	158	1330

213	158	1352

183	159	1331

206	159	1344

209	159	1326

213	159	1337

183	160	1328

207	160	1338

208	160	1329

213	160	1341

183	161	1301

213	161	1362

183	162	1325

212	162	1335

182	163	1296

212	163	1353

182	164	1363

211	164	1331

182	165	1384

211	165	1336

182	166	1377

211	166	1340

182	167	1370

211	167	1344

182	168	1401

211	168	1346

182	169	1373

211	169	1345

182	170	1351

211	170	1345

181	171	1377

211	171	1344

181	172	1422

211	172	1344

182	173	1350

211	173	1343

182	174	1358

211	174	1346

182	175	1347

211	175	1351

181	176	1389

211	176	1355

181	177	1362

211	177	1364

182	178	1362

211	178	1387

182	179	1365

210	179	1358

183	180	1375

210	180	1378

182	181	1422

184	181	1353

209	181	1356

183	182	1405

184	182	1347

209	182	1376

185	183	1343

208	183	1358

185	184	1358

208	184	1383

185	185	1400

207	185	1370

185	186	1359

206	186	1368

186	187	1374

204	187	1370

205	187	1388

187	188	1373

203	188	1399

187	189	1411

202	189	1410

188	190	1410

201	190	1401

188	191	1407

201	191	1416

188	192	1419

200	192	1405

188	193	1379

200	193	1417

188	194	1374

199	194	1418

189	195	1383

198	195	1420

190	196	1394

197	196	1418

191	197	1404

196	197	1417

191	198	1412

195	198	1416

196	198	1423

191	199	1415

192	199	1417

193	199	1418

194	199	1421

191	200	1424

