159	156	1987

160	156	1976

158	157	1972

161	157	1973

157	158	1967

162	158	1977

156	159	1964

163	159	1981

155	160	1973

164	160	2025

153	161	1975

154	161	1966

164	161	2009

152	162	1964

164	162	2013

152	163	1955

163	163	1970

151	164	1958

164	164	2005

151	165	1949

164	165	2011

150	166	1960

163	166	1969

150	167	1949

163	167	1968

150	168	1942

163	168	1966

149	169	1945

163	169	1968

149	170	1941

163	170	1972

148	171	1942

164	171	1977

165	171	1972

166	171	1982

148	172	1939

166	172	1967

147	173	1949

166	173	1968

147	174	1944

165	174	1954

147	175	1938

165	175	1958

146	176	1965

165	176	1963

147	177	1931

164	177	1942

146	178	1957

164	178	1944

146	179	1960

164	179	1951

146	180	1962

164	180	1955

146	181	1963

164	181	1968

146	182	1966

163	182	1961

146	183	1974

162	183	1964

146	184	1981

160	184	1937

161	184	1962

147	185	1946

159	185	1949

146	186	1995

158	186	1956

146	187	1985

157	187	1969

146	188	1969

156	188	1967

146	189	1961

155	189	1958

145	190	1995

155	190	1972

145	191	1979

154	191	1958

145	192	1969

154	192	1973

145	193	1961

154	193	1987

144	194	1992

154	194	1990

144	195	1988

154	195	1995

144	196	1987

154	196	1997

143	197	2024

154	197	2004

143	198	2011

153	198	1981

143	199	2009

153	199	1998

143	200	2007

153	200	2010

143	201	2001

144	201	1973

145	201	1961

146	201	1956

147	201	1954

148	201	1954

149	201	1956

150	201	1965

151	201	1975

152	201	1992

153	201	2022

