165	124	1339

166	124	1343

164	125	1335

167	125	1345

162	126	1337

163	126	1338

167	126	1343

160	127	1333

161	127	1332

168	127	1342

169	127	1345

170	127	1348

171	127	1352

158	128	1353

159	128	1337

171	128	1351

158	129	1326

171	129	1347

157	130	1337

172	130	1357

156	131	1335

172	131	1353

155	132	1333

172	132	1354

154	133	1329

172	133	1356

153	134	1327

172	134	1355

153	135	1330

172	135	1350

152	136	1358

172	136	1348

152	137	1341

172	137	1347

151	138	1394

153	138	1320

172	138	1348

150	139	1365

152	139	1328

172	139	1349

150	140	1364

151	140	1361

172	140	1350

150	141	1357

172	141	1350

150	142	1356

172	142	1351

151	143	1333

172	143	1351

149	144	1338

151	144	1323

172	144	1350

149	145	1331

150	145	1321

172	145	1345

149	146	1340

172	146	1345

175	146	1351

176	146	1349

177	146	1352

149	147	1324

172	147	1346

174	147	1347

178	147	1361

148	148	1335

173	148	1343

177	148	1351

149	149	1316

177	149	1355

147	150	1354

148	150	1320

177	150	1359

148	151	1319

176	151	1347

147	152	1348

176	152	1349

147	153	1346

176	153	1354

147	154	1338

176	154	1359

147	155	1339

175	155	1348

148	156	1316

175	156	1350

147	157	1324

175	157	1351

146	158	1323

175	158	1351

146	159	1334

175	159	1353

147	160	1322

175	160	1353

146	161	1313

175	161	1356

147	162	1340

174	162	1349

146	163	1358

174	163	1356

146	164	1319

147	164	1344

173	164	1355

148	165	1329

172	165	1358

147	166	1352

171	166	1360

148	167	1330

170	167	1358

148	168	1337

169	168	1351

146	169	1344

147	169	1365

168	169	1348

147	170	1371

166	170	1340

167	170	1348

147	171	1361

164	171	1344

165	171	1348

147	172	1377

163	172	1351

148	173	1339

163	173	1357

147	174	1335

162	174	1356

147	175	1348

162	175	1366

147	176	1342

162	176	1381

146	177	1340

162	177	1393

146	178	1383

161	178	1384

146	179	1399

161	179	1392

146	180	1369

161	180	1400

146	181	1365

161	181	1408

146	182	1363

161	182	1417

146	183	1371

161	183	1422

146	184	1375

161	184	1426

145	185	1378

160	185	1418

145	186	1369

160	186	1421

145	187	1375

160	187	1427

145	188	1390

159	188	1416

144	189	1398

159	189	1423

145	190	1399

159	190	1425

144	191	1410

158	191	1419

144	192	1417

158	192	1424

144	193	1419

157	193	1422

144	194	1420

157	194	1425

144	195	1422

145	195	1415

146	195	1410

147	195	1406

148	195	1405

149	195	1407

150	195	1409

151	195	1408

152	195	1408

153	195	1410

154	195	1412

155	195	1416

156	195	1421

