164	150	1811

165	150	1806

166	150	1801

167	150	1801

168	150	1807

163	151	1806

169	151	1813

163	152	1798

170	152	1813

162	153	1807

170	153	1803

161	154	1796

170	154	1800

159	155	1794

160	155	1791

170	155	1796

158	156	1793

170	156	1795

158	157	1784

170	157	1794

158	158	1778

170	158	1796

157	159	1781

170	159	1796

157	160	1777

170	160	1795

156	161	1785

170	161	1793

156	162	1776

170	162	1793

155	163	1789

170	163	1797

155	164	1782

170	164	1803

155	165	1776

171	165	1815

172	165	1840

154	166	1775

173	166	1798

174	166	1808

154	167	1772

174	167	1808

154	168	1770

173	168	1794

153	169	1776

173	169	1798

153	170	1764

173	170	1802

152	171	1783

173	171	1807

152	172	1795

172	172	1793

152	173	1798

172	173	1794

152	174	1795

172	174	1793

153	175	1768

172	175	1794

152	176	1789

172	176	1800

152	177	1797

172	177	1813

152	178	1798

170	178	1788

171	178	1809

152	179	1804

169	179	1788

152	180	1814

168	180	1790

152	181	1823

166	181	1777

167	181	1791

152	182	1813

165	182	1780

152	183	1802

164	183	1792

152	184	1794

163	184	1801

152	185	1788

162	185	1797

151	186	1801

162	186	1814

151	187	1800

161	187	1797

151	188	1799

161	188	1813

150	189	1821

161	189	1830

150	190	1816

160	190	1815

150	191	1810

160	191	1826

149	192	1833

160	192	1839

149	193	1826

160	193	1852

148	194	1866

159	194	1831

148	195	1859

159	195	1844

148	196	1847

159	196	1858

148	197	1839

159	197	1868

148	198	1832

159	198	1881

147	199	1858

148	199	1827

149	199	1814

150	199	1810

151	199	1812

152	199	1813

153	199	1815

154	199	1814

155	199	1817

156	199	1822

157	199	1835

158	199	1857

