159	156	1979

160	156	1968

161	156	1973

162	156	1989

158	157	1964

163	157	1980

157	158	1956

163	158	1961

156	159	1972

164	159	1967

154	160	1978

155	160	1966

164	160	1967

153	161	1964

164	161	1964

152	162	1963

164	162	1966

152	163	1943

164	163	1962

151	164	1957

164	164	1959

151	165	1937

164	165	1954

151	166	1929

164	166	1953

150	167	1940

163	167	1938

150	168	1934

163	168	1939

149	169	1957

163	169	1939

149	170	1942

164	170	1954

148	171	1956

165	171	1951

166	171	1948

167	171	1958

148	172	1934

167	172	1957

147	173	1956

166	173	1947

148	174	1917

166	174	1950

147	175	1930

166	175	1955

147	176	1933

165	176	1938

147	177	1932

165	177	1939

147	178	1925

165	178	1940

147	179	1919

165	179	1944

147	180	1923

164	180	1930

147	181	1929

164	181	1939

147	182	1935

164	182	1960

147	183	1938

162	183	1954

163	183	1971

147	184	1945

161	184	1959

147	185	1952

159	185	1937

160	185	1967

147	186	1956

158	186	1945

147	187	1954

157	187	1957

146	188	1973

156	188	1949

146	189	1960

156	189	1970

146	190	1952

155	190	1947

145	191	1987

155	191	1961

145	192	1971

155	192	1974

145	193	1966

155	193	1987

144	194	2005

155	194	1998

144	195	1983

154	195	1972

144	196	1977

154	196	1983

144	197	1976

154	197	2000

143	198	2013

154	198	2009

143	199	2004

154	199	2018

143	200	1998

153	200	1984

143	201	1990

144	201	1968

145	201	1957

146	201	1952

147	201	1947

148	201	1944

149	201	1945

150	201	1948

151	201	1957

152	201	1965

153	201	1990

