166	129	1383

164	130	1384

165	130	1383

167	130	1385

163	131	1386

168	131	1386

161	132	1386

162	132	1387

169	132	1385

159	133	1358

160	133	1390

170	133	1384

157	134	1348

158	134	1375

171	134	1381

157	135	1386

171	135	1386

155	136	1389

156	136	1381

170	136	1384

154	137	1379

171	137	1388

153	138	1379

171	138	1381

152	139	1377

171	139	1381

152	140	1381

170	140	1383

151	141	1399

170	141	1387

151	142	1396

170	142	1390

150	143	1381

170	143	1392

150	144	1386

170	144	1390

150	145	1379

170	145	1386

150	146	1376

169	146	1379

149	147	1376

170	147	1377

148	148	1359

169	148	1386

146	149	1362

147	149	1367

169	149	1389

146	150	1413

168	150	1382

146	151	1394

169	151	1390

172	151	1377

173	151	1379

174	151	1383

146	152	1373

170	152	1382

171	152	1373

174	152	1383

146	153	1368

174	153	1384

146	154	1369

174	154	1386

145	155	1375

173	155	1384

144	156	1412

172	156	1382

144	157	1399

172	157	1384

144	158	1384

171	158	1377

143	159	1394

171	159	1379

143	160	1397

171	160	1382

144	161	1376

170	161	1377

144	162	1369

170	162	1378

143	163	1410

170	163	1384

143	164	1454

169	164	1375

144	165	1384

169	165	1377

144	166	1371

169	166	1380

144	167	1371

168	167	1382

143	168	1397

166	168	1376

167	168	1380

144	169	1375

164	169	1375

165	169	1378

144	170	1389

163	170	1378

144	171	1398

162	171	1380

144	172	1399

160	172	1377

161	172	1381

144	173	1393

159	173	1387

144	174	1390

158	174	1398

144	175	1388

158	175	1418

144	176	1393

157	176	1414

143	177	1406

157	177	1427

142	178	1435

157	178	1438

143	179	1398

157	179	1448

142	180	1415

157	180	1452

142	181	1416

157	181	1457

142	182	1408

157	182	1457

142	183	1412

157	183	1457

142	184	1420

157	184	1465

142	185	1428

156	185	1452

142	186	1429

156	186	1458

142	187	1429

156	187	1466

141	188	1453

156	188	1473

141	189	1447

155	189	1459

141	190	1446

155	190	1462

141	191	1449

155	191	1468

141	192	1451

155	192	1471

141	193	1453

154	193	1465

141	194	1459

154	194	1469

141	195	1465

153	195	1465

141	196	1465

153	196	1471

141	197	1465

153	197	1474

141	198	1474

152	198	1471

142	199	1473

151	199	1468

143	200	1468

144	200	1466

145	200	1464

146	200	1463

147	200	1463

148	200	1463

149	200	1465

150	200	1466

151	200	1471

