179	137	1395

180	137	1398

173	138	1387

175	138	1394

177	138	1383

178	138	1394

181	138	1400

172	139	1393

174	139	1390

176	139	1396

182	139	1407

171	140	1381

183	140	1402

169	141	1387

170	141	1397

184	141	1406

168	142	1421

184	142	1406

166	143	1363

167	143	1388

185	143	1415

166	144	1384

185	144	1415

163	145	1443

164	145	1410

165	145	1389

185	145	1419

163	146	1409

185	146	1423

162	147	1415

184	147	1417

162	148	1399

184	148	1419

162	149	1398

184	149	1422

162	150	1396

184	150	1425

161	151	1380

184	151	1404

160	152	1427

183	152	1422

161	153	1395

183	153	1426

160	154	1398

183	154	1420

159	155	1386

182	155	1428

159	156	1388

182	156	1433

158	157	1393

182	157	1436

186	157	1427

187	157	1424

157	158	1396

183	158	1443

184	158	1430

185	158	1428

188	158	1426

157	159	1377

188	159	1428

157	160	1384

187	160	1425

156	161	1392

187	161	1427

156	162	1395

187	162	1433

156	163	1401

187	163	1441

156	164	1404

186	164	1435

156	165	1395

186	165	1439

156	166	1386

185	166	1433

156	167	1386

185	167	1436

155	168	1393

184	168	1430

156	169	1393

184	169	1434

156	170	1393

183	170	1431

155	171	1404

183	171	1435

155	172	1431

182	172	1435

155	173	1408

181	173	1437

156	174	1403

180	174	1437

156	175	1408

179	175	1433

156	176	1420

178	176	1430

156	177	1417

177	177	1430

155	178	1433

175	178	1427

176	178	1435

156	179	1418

173	179	1440

174	179	1441

156	180	1420

172	180	1455

156	181	1420

172	181	1474

155	182	1414

171	182	1473

155	183	1420

171	183	1490

155	184	1430

171	184	1500

155	185	1437

170	185	1493

154	186	1425

170	186	1502

154	187	1427

169	187	1494

154	188	1441

170	188	1508

154	189	1446

169	189	1496

154	190	1452

169	190	1500

153	191	1456

168	191	1498

153	192	1460

168	192	1503

153	193	1465

167	193	1497

153	194	1470

167	194	1502

153	195	1476

167	195	1506

153	196	1486

167	196	1508

153	197	1492

166	197	1507

153	198	1496

165	198	1500

153	199	1506

154	199	1492

155	199	1486

156	199	1482

157	199	1483

158	199	1483

159	199	1484

160	199	1484

161	199	1482

162	199	1485

163	199	1492

164	199	1501

165	199	1508

