162	108	1171

160	109	1168

161	109	1156

163	109	1158

164	109	1173

154	110	1168

155	110	1157

156	110	1154

157	110	1156

158	110	1167

159	110	1157

165	110	1184

152	111	1184

153	111	1161

165	111	1174

151	112	1202

165	112	1169

150	113	1247

166	113	1169

167	113	1178

147	114	1210

148	114	1195

149	114	1203

168	114	1175

146	115	1181

169	115	1194

145	116	1159

169	116	1185

144	117	1164

169	117	1187

143	118	1162

169	118	1191

140	119	1182

141	119	1172

142	119	1165

168	119	1169

139	120	1160

141	120	1172

168	120	1173

140	121	1197

168	121	1180

139	122	1197

168	122	1190

138	123	1230

168	123	1199

137	124	1238

139	124	1189

167	124	1180

138	125	1195

167	125	1185

137	126	1201

167	126	1191

137	127	1172

167	127	1201

137	128	1211

166	128	1184

136	129	1203

166	129	1192

135	130	1170

166	130	1199

135	131	1193

166	131	1208

134	132	1185

165	132	1192

171	132	1210

172	132	1216

133	133	1196

135	133	1168

165	133	1199

170	133	1193

172	133	1193

134	134	1184

165	134	1202

168	134	1197

169	134	1187

173	134	1206

133	135	1218

165	135	1201

167	135	1189

173	135	1207

132	136	1184

134	136	1161

166	136	1186

172	136	1185

131	137	1166

133	137	1167

172	137	1195

131	138	1152

171	138	1185

132	139	1165

171	139	1195

133	140	1160

171	140	1207

132	141	1160

171	141	1223

131	142	1153

170	142	1205

131	143	1174

170	143	1221

130	144	1214

170	144	1238

130	145	1211

169	145	1205

130	146	1161

169	146	1216

129	147	1176

131	147	1196

168	147	1202

129	148	1239

130	148	1239

167	148	1192

130	149	1226

167	149	1203

131	150	1201

167	150	1216

130	151	1133

166	151	1204

131	152	1151

132	152	1173

166	152	1223

133	153	1169

165	153	1224

131	154	1248

132	154	1216

163	154	1207

164	154	1229

130	155	1202

162	155	1206

130	156	1231

161	156	1210

131	157	1204

160	157	1212

132	158	1204

159	158	1216

131	159	1179

157	159	1208

158	159	1222

131	160	1189

132	160	1181

155	160	1209

156	160	1219

133	161	1181

154	161	1227

132	162	1196

154	162	1245

131	163	1186

153	163	1252

131	164	1208

152	164	1248

130	165	1145

152	165	1256

130	166	1158

131	166	1205

151	166	1242

130	167	1218

132	167	1193

151	167	1245

131	168	1207

151	168	1247

131	169	1208

151	169	1251

131	170	1209

151	170	1257

130	171	1221

131	171	1208

132	171	1203

133	171	1201

134	171	1200

135	171	1199

136	171	1198

137	171	1196

138	171	1196

139	171	1195

140	171	1198

141	171	1199

142	171	1202

143	171	1202

144	171	1206

145	171	1209

146	171	1219

147	171	1226

148	171	1233

149	171	1238

150	171	1247

151	171	1260

