167	133	1368

165	134	1368

166	134	1369

168	134	1376

169	134	1381

160	135	1364

161	135	1366

162	135	1368

163	135	1371

164	135	1372

169	135	1380

158	136	1394

159	136	1364

170	136	1389

158	137	1374

171	137	1381

155	138	1337

156	138	1383

158	138	1362

172	138	1388

154	139	1344

157	139	1375

172	139	1391

153	140	1356

172	140	1392

152	141	1359

172	141	1395

151	142	1362

172	142	1396

150	143	1358

171	143	1390

149	144	1377

171	144	1393

148	145	1393

171	145	1396

148	146	1354

171	146	1398

148	147	1362

170	147	1395

147	148	1352

170	148	1399

146	149	1361

170	149	1403

146	150	1367

169	150	1396

146	151	1361

169	151	1400

145	152	1369

169	152	1403

144	153	1350

169	153	1409

174	153	1386

144	154	1364

169	154	1415

172	154	1392

173	154	1392

175	154	1400

143	155	1376

170	155	1413

171	155	1396

175	155	1403

143	156	1375

175	156	1406

143	157	1377

174	157	1404

143	158	1366

174	158	1407

143	159	1357

174	159	1410

142	160	1348

173	160	1406

142	161	1343

173	161	1410

142	162	1353

172	162	1405

142	163	1357

172	163	1411

142	164	1361

171	164	1404

142	165	1362

171	165	1405

142	166	1368

171	166	1408

142	167	1375

170	167	1407

142	168	1375

170	168	1414

142	169	1368

169	169	1411

142	170	1367

168	170	1409

142	171	1378

167	171	1409

142	172	1383

166	172	1409

142	173	1380

165	173	1410

142	174	1380

164	174	1413

142	175	1386

162	175	1407

163	175	1417

142	176	1378

160	176	1410

161	176	1419

142	177	1385

159	177	1431

142	178	1389

158	178	1445

141	179	1363

158	179	1465

142	180	1396

157	180	1458

141	181	1389

157	181	1472

141	182	1396

156	182	1453

140	183	1366

156	183	1465

140	184	1381

156	184	1472

140	185	1407

155	185	1462

140	186	1413

155	186	1467

139	187	1383

155	187	1473

139	188	1425

154	188	1466

139	189	1431

154	189	1470

138	190	1420

154	190	1473

138	191	1438

153	191	1468

138	192	1446

153	192	1475

138	193	1446

152	193	1473

138	194	1446

151	194	1467

138	195	1469

151	195	1470

138	196	1474

150	196	1467

138	197	1466

150	197	1473

138	198	1464

139	198	1464

140	198	1463

141	198	1465

142	198	1463

143	198	1461

144	198	1459

145	198	1461

146	198	1461

147	198	1462

148	198	1464

149	198	1470

