158	157	2009

156	158	2008

157	158	1990

159	158	1991

155	159	1998

160	159	1991

161	159	2020

154	160	2016

162	160	2022

154	161	1989

162	161	2001

152	162	2000

153	162	1989

162	162	1995

151	163	1977

162	163	1989

150	164	1988

162	164	1988

150	165	1978

162	165	1986

149	166	2003

162	166	1985

149	167	1986

162	167	1987

149	168	1975

162	168	1989

148	169	1998

162	169	1992

148	170	1969

162	170	1999

148	171	1964

162	171	2003

147	172	1982

163	172	2008

164	172	1994

147	173	1969

165	173	1997

146	174	1985

165	174	2006

146	175	1972

164	175	1989

146	176	1964

164	176	1990

146	177	1962

164	177	1994

145	178	2000

163	178	1975

145	179	1996

163	179	1982

145	180	1998

163	180	1985

145	181	2007

163	181	1981

145	182	2009

163	182	1986

145	183	2003

162	183	1978

145	184	2001

161	184	1984

146	185	1963

159	185	1965

160	185	1997

146	186	1972

158	186	1970

146	187	1982

157	187	1975

146	188	1995

156	188	1989

146	189	1996

155	189	1996

145	190	2028

154	190	1978

145	191	2012

154	191	1990

145	192	1999

154	192	1998

144	193	2033

154	193	2001

144	194	2014

154	194	2005

144	195	2008

154	195	2013

144	196	2004

154	196	2022

143	197	2057

153	197	2003

143	198	2049

153	198	2019

143	199	2031

153	199	2031

143	200	2026

153	200	2030

143	201	2026

153	201	2037

143	202	2020

153	202	2047

142	203	2056

143	203	2017

144	203	1995

145	203	1985

146	203	1978

147	203	1975

148	203	1974

149	203	1978

150	203	1984

151	203	1994

152	203	2010

153	203	2047

