148	118	1199

149	118	1194

150	118	1197

151	118	1204

142	119	1202

143	119	1197

144	119	1197

145	119	1201

146	119	1194

147	119	1195

152	119	1209

141	120	1201

152	120	1203

140	121	1210

152	121	1203

137	122	1229

138	122	1201

139	122	1217

153	122	1208

154	122	1211

155	122	1225

136	123	1250

156	123	1229

134	124	1216

135	124	1207

156	124	1218

133	125	1189

156	125	1220

132	126	1193

156	126	1222

131	127	1195

156	127	1224

130	128	1220

156	128	1227

130	129	1209

156	129	1231

130	130	1194

156	130	1234

128	131	1197

129	131	1196

155	131	1222

126	132	1174

127	132	1175

129	132	1194

155	132	1228

127	133	1202

128	133	1211

155	133	1232

126	134	1177

155	134	1237

125	135	1177

154	135	1225

126	136	1235

154	136	1230

124	137	1175

126	137	1214

154	137	1238

124	138	1234

125	138	1198

153	138	1227

124	139	1236

153	139	1232

124	140	1230

153	140	1237

122	141	1188

123	141	1258

153	141	1242

157	141	1234

158	141	1231

159	141	1240

123	142	1221

153	142	1240

156	142	1227

160	142	1238

122	143	1264

154	143	1225

155	143	1225

160	143	1235

123	144	1203

160	144	1237

122	145	1217

160	145	1246

121	146	1256

159	146	1234

121	147	1222

159	147	1243

121	148	1221

158	148	1233

120	149	1249

158	149	1241

119	150	1232

120	150	1241

158	150	1254

119	151	1209

121	151	1203

157	151	1238

120	152	1203

157	152	1244

120	153	1213

156	153	1233

120	154	1234

156	154	1241

120	155	1221

155	155	1236

119	156	1238

155	156	1240

120	157	1222

154	157	1233

121	158	1207

154	158	1239

121	159	1218

153	159	1239

121	160	1222

153	160	1248

121	161	1224

152	161	1250

121	162	1242

151	162	1256

121	163	1236

150	163	1253

121	164	1217

149	164	1257

122	165	1227

147	165	1250

148	165	1259

121	166	1253

145	166	1244

146	166	1250

120	167	1299

143	167	1238

144	167	1244

120	168	1265

142	168	1257

121	169	1238

142	169	1282

121	170	1234

141	170	1298

121	171	1228

140	171	1294

120	172	1222

140	172	1302

121	173	1237

139	173	1286

120	174	1248

139	174	1292

119	175	1267

139	175	1294

119	176	1171

139	176	1299

120	177	1257

139	177	1300

120	178	1255

121	178	1248

122	178	1245

123	178	1242

124	178	1241

125	178	1241

126	178	1241

127	178	1242

128	178	1243

129	178	1245

130	178	1246

131	178	1249

132	178	1251

133	178	1256

134	178	1263

135	178	1271

136	178	1277

137	178	1281

138	178	1293

