192	137	1323

193	137	1308

194	137	1304

195	137	1307

196	137	1316

192	138	1315

197	138	1312

192	139	1310

198	139	1330

199	139	1354

200	139	1364

190	140	1322

191	140	1315

201	140	1323

202	140	1355

188	141	1348

189	141	1313

202	141	1331

188	142	1323

202	142	1320

188	143	1324

202	143	1316

187	144	1380

203	144	1335

187	145	1393

203	145	1331

186	146	1383

203	146	1326

184	147	1306

185	147	1329

203	147	1321

184	148	1317

203	148	1317

183	149	1295

204	149	1338

183	150	1316

204	150	1334

183	151	1317

204	151	1332

183	152	1315

204	152	1330

182	153	1354

204	153	1326

182	154	1345

205	154	1348

182	155	1324

205	155	1348

182	156	1338

205	156	1346

182	157	1327

205	157	1342

182	158	1317

205	158	1340

210	158	1354

211	158	1349

182	159	1296

205	159	1339

209	159	1332

212	159	1337

183	160	1316

205	160	1338

208	160	1329

212	160	1331

183	161	1321

206	161	1340

207	161	1332

212	161	1336

182	162	1321

212	162	1351

182	163	1351

211	163	1333

181	164	1358

211	164	1344

180	165	1386

210	165	1326

181	166	1379

210	166	1332

180	167	1350

210	167	1334

180	168	1365

210	168	1334

181	169	1341

210	169	1335

181	170	1326

210	170	1337

180	171	1358

210	171	1340

181	172	1348

210	172	1339

180	173	1354

210	173	1340

181	174	1365

210	174	1340

181	175	1381

211	175	1378

181	176	1377

211	176	1376

180	177	1347

210	177	1343

181	178	1370

210	178	1353

182	179	1348

210	179	1375

181	180	1417

209	180	1355

182	181	1411

209	181	1376

182	182	1398

208	182	1353

183	183	1362

208	183	1375

183	184	1386

207	184	1357

184	185	1356

207	185	1380

184	186	1379

206	186	1370

184	187	1372

204	187	1354

205	187	1373

185	188	1389

202	188	1358

203	188	1374

186	189	1400

201	189	1378

187	190	1406

201	190	1412

187	191	1372

200	191	1404

187	192	1338

200	192	1417

187	193	1345

199	193	1403

187	194	1420

199	194	1417

188	195	1395

198	195	1420

189	196	1393

197	196	1421

190	197	1398

196	197	1415

189	198	1408

195	198	1414

196	198	1422

190	199	1412

191	199	1417

192	199	1417

193	199	1419

194	199	1418

190	200	1419

