144	132	1368

145	132	1365

146	132	1363

147	132	1362

139	133	1362

140	133	1359

141	133	1358

142	133	1360

143	133	1363

148	133	1365

137	134	1363

138	134	1362

149	134	1366

137	135	1358

150	135	1370

137	136	1361

151	136	1371

134	137	1364

135	137	1373

136	137	1367

151	137	1373

133	138	1351

151	138	1373

131	139	1355

132	139	1350

151	139	1374

129	140	1378

130	140	1361

151	140	1375

128	141	1414

150	141	1374

128	142	1404

150	142	1374

129	143	1353

150	143	1376

128	144	1365

150	144	1377

127	145	1402

150	145	1380

126	146	1404

149	146	1381

126	147	1374

149	147	1383

126	148	1359

149	148	1384

125	149	1365

149	149	1389

125	150	1369

148	150	1388

124	151	1414

148	151	1388

123	152	1439

149	152	1392

152	152	1393

153	152	1389

154	152	1389

155	152	1384

123	153	1390

149	153	1398

151	153	1396

155	153	1384

123	154	1372

150	154	1399

155	154	1387

123	155	1366

155	155	1391

123	156	1361

154	156	1388

122	157	1394

154	157	1392

122	158	1371

154	158	1396

122	159	1373

153	159	1394

121	160	1414

153	160	1398

122	161	1363

152	161	1392

121	162	1394

152	162	1392

121	163	1393

152	163	1392

122	164	1363

151	164	1388

121	165	1372

151	165	1388

122	166	1364

151	166	1393

122	167	1371

150	167	1399

122	168	1372

149	168	1397

122	169	1383

148	169	1396

123	170	1372

147	170	1395

123	171	1374

146	171	1394

122	172	1377

145	172	1398

123	173	1375

144	173	1400

123	174	1384

142	174	1393

143	174	1401

122	175	1404

141	175	1410

122	176	1400

140	176	1428

123	177	1385

140	177	1429

122	178	1400

139	178	1439

122	179	1390

139	179	1455

121	180	1414

139	180	1467

122	181	1398

138	181	1455

122	182	1395

138	182	1460

122	183	1399

138	183	1461

121	184	1405

138	184	1466

121	185	1410

138	185	1470

121	186	1412

137	186	1459

121	187	1415

137	187	1463

121	188	1416

137	188	1470

120	189	1443

136	189	1459

120	190	1430

136	190	1468

120	191	1431

136	191	1471

120	192	1439

135	192	1466

120	193	1444

135	193	1471

120	194	1452

135	194	1473

120	195	1463

135	195	1472

120	196	1461

121	196	1445

122	196	1439

123	196	1435

124	196	1436

125	196	1434

126	196	1434

127	196	1435

128	196	1437

129	196	1439

130	196	1440

131	196	1444

132	196	1451

133	196	1459

134	196	1465

135	196	1474

