173	134	1351

174	134	1350

169	135	1350

170	135	1352

172	135	1351

175	135	1351

167	136	1351

168	136	1346

171	136	1354

175	136	1349

166	137	1355

176	137	1360

165	138	1359

177	138	1360

164	139	1372

178	139	1362

162	140	1394

163	140	1384

179	140	1371

161	141	1344

179	141	1366

159	142	1348

160	142	1343

179	142	1362

158	143	1349

179	143	1367

157	144	1361

179	144	1370

156	145	1387

179	145	1365

156	146	1364

178	146	1363

155	147	1372

178	147	1368

155	148	1357

178	148	1375

155	149	1350

178	149	1369

155	150	1349

177	150	1372

153	151	1399

154	151	1356

177	151	1375

153	152	1383

177	152	1379

153	153	1368

176	153	1370

151	154	1387

152	154	1374

176	154	1374

151	155	1397

176	155	1380

179	155	1362

180	155	1381

181	155	1382

151	156	1364

176	156	1387

179	156	1379

182	156	1374

151	157	1358

177	157	1383

178	157	1378

182	157	1373

150	158	1386

182	158	1377

150	159	1365

182	159	1385

149	160	1373

182	160	1379

149	161	1374

181	161	1380

149	162	1369

180	162	1378

149	163	1365

180	163	1380

149	164	1364

180	164	1382

149	165	1360

179	165	1379

148	166	1381

179	166	1381

148	167	1377

178	167	1379

149	168	1358

178	168	1382

149	169	1357

178	169	1387

149	170	1363

177	170	1386

149	171	1366

176	171	1385

149	172	1370

176	172	1390

149	173	1378

174	173	1380

175	173	1389

149	174	1394

173	174	1381

149	175	1381

172	175	1382

148	176	1378

171	176	1385

149	177	1386

170	177	1386

148	178	1402

168	178	1389

169	178	1391

148	179	1405

167	179	1411

148	180	1406

166	180	1429

149	181	1384

165	181	1430

148	182	1422

165	182	1439

148	183	1419

165	183	1453

148	184	1405

165	184	1463

148	185	1400

164	185	1452

148	186	1397

164	186	1461

148	187	1400

164	187	1463

148	188	1405

163	188	1454

147	189	1418

163	189	1461

147	190	1417

162	190	1453

147	191	1423

162	191	1457

147	192	1427

162	192	1464

147	193	1430

161	193	1458

146	194	1447

161	194	1462

146	195	1453

161	195	1461

146	196	1453

161	196	1466

146	197	1448

160	197	1458

146	198	1452

160	198	1464

146	199	1463

147	199	1456

148	199	1453

149	199	1448

150	199	1444

151	199	1442

152	199	1441

153	199	1438

154	199	1437

155	199	1438

156	199	1445

157	199	1450

158	199	1457

159	199	1461

