164	129	1312

157	130	1290

162	130	1311

163	130	1305

165	130	1304

156	131	1313

158	131	1305

159	131	1305

160	131	1307

161	131	1308

166	131	1311

155	132	1319

166	132	1312

154	133	1326

167	133	1316

168	133	1322

153	134	1349

169	134	1315

170	134	1335

151	135	1313

152	135	1311

170	135	1326

150	136	1303

170	136	1325

148	137	1314

149	137	1303

170	137	1330

146	138	1300

147	138	1322

170	138	1338

146	139	1315

170	139	1340

145	140	1339

169	140	1323

144	141	1332

169	141	1323

144	142	1338

169	142	1324

143	143	1295

168	143	1322

143	144	1336

168	144	1325

143	145	1339

168	145	1330

143	146	1329

168	146	1326

143	147	1312

167	147	1326

143	148	1309

167	148	1329

142	149	1317

167	149	1331

140	150	1340

141	150	1323

167	150	1331

140	151	1334

167	151	1315

169	151	1348

170	151	1340

171	151	1338

172	151	1336

140	152	1325

168	152	1343

173	152	1335

139	153	1341

173	153	1336

139	154	1335

173	154	1343

138	155	1290

172	155	1335

138	156	1271

172	156	1342

137	157	1292

171	157	1337

137	158	1327

171	158	1339

137	159	1313

171	159	1349

137	160	1313

170	160	1336

137	161	1301

170	161	1341

138	162	1306

169	162	1335

138	163	1310

169	163	1337

138	164	1313

168	164	1333

137	165	1340

168	165	1336

137	166	1323

168	166	1338

138	167	1321

168	167	1339

138	168	1331

166	168	1346

167	168	1341

138	169	1343

165	169	1346

138	170	1350

164	170	1346

138	171	1369

163	171	1341

138	172	1355

162	172	1344

137	173	1349

160	173	1343

161	173	1347

137	174	1374

158	174	1339

159	174	1345

137	175	1390

157	175	1352

138	176	1341

156	176	1377

138	177	1339

156	177	1390

137	178	1360

155	178	1398

137	179	1363

155	179	1410

137	180	1354

155	180	1415

136	181	1376

155	181	1421

137	182	1357

154	182	1412

136	183	1379

154	183	1420

136	184	1371

153	184	1403

137	185	1354

153	185	1409

137	186	1356

153	186	1414

136	187	1367

153	187	1422

135	188	1392

152	188	1412

136	189	1376

152	189	1419

135	190	1383

151	190	1411

135	191	1382

151	191	1416

135	192	1387

151	192	1420

135	193	1397

150	193	1413

135	194	1406

136	194	1394

137	194	1388

138	194	1385

139	194	1382

140	194	1381

141	194	1379

142	194	1379

143	194	1380

144	194	1383

145	194	1386

146	194	1391

147	194	1395

148	194	1402

149	194	1409

150	194	1417

