149	136	1399

150	136	1401

151	136	1403

152	136	1405

144	137	1395

145	137	1394

146	137	1395

147	137	1398

148	137	1401

153	137	1409

144	138	1398

154	138	1406

143	139	1397

155	139	1408

156	139	1409

143	140	1393

156	140	1411

141	141	1402

142	141	1402

156	141	1413

139	142	1393

140	142	1397

156	142	1417

138	143	1392

156	143	1419

137	144	1394

156	144	1418

135	145	1409

136	145	1399

156	145	1418

134	146	1393

156	146	1420

134	147	1377

155	147	1419

134	148	1377

155	148	1421

134	149	1407

155	149	1426

134	150	1406

155	150	1427

134	151	1402

155	151	1430

133	152	1374

155	152	1430

133	153	1405

154	153	1427

132	154	1415

154	154	1429

132	155	1406

155	155	1435

159	155	1426

160	155	1427

161	155	1430

131	156	1402

155	156	1439

157	156	1430

158	156	1427

161	156	1432

131	157	1413

156	157	1439

161	157	1435

131	158	1405

160	158	1431

130	159	1407

160	159	1431

130	160	1404

160	160	1434

129	161	1458

160	161	1435

130	162	1404

159	162	1435

130	163	1404

159	163	1438

130	164	1400

159	164	1439

130	165	1404

158	165	1431

129	166	1432

158	166	1433

129	167	1414

158	167	1443

129	168	1413

157	168	1440

129	169	1428

157	169	1445

129	170	1439

156	170	1440

129	171	1409

155	171	1438

129	172	1394

155	172	1444

130	173	1414

154	173	1446

131	174	1408

153	174	1444

130	175	1432

152	175	1442

130	176	1441

150	176	1432

151	176	1444

130	177	1426

149	177	1440

131	178	1425

148	178	1451

130	179	1467

147	179	1468

131	180	1428

147	180	1485

131	181	1430

147	181	1499

130	182	1467

146	182	1492

130	183	1436

146	183	1496

130	184	1435

146	184	1505

130	185	1439

146	185	1512

130	186	1444

145	186	1497

130	187	1450

145	187	1503

130	188	1454

145	188	1505

130	189	1455

145	189	1509

129	190	1474

145	190	1513

129	191	1471

144	191	1505

129	192	1474

144	192	1509

129	193	1485

144	193	1513

129	194	1502

143	194	1506

129	195	1508

143	195	1510

129	196	1510

143	196	1513

130	197	1498

131	197	1493

132	197	1487

133	197	1485

134	197	1480

135	197	1480

136	197	1482

137	197	1483

138	197	1485

139	197	1489

140	197	1497

141	197	1503

142	197	1512

