169	146	1708

167	147	1694

168	147	1701

170	147	1702

165	148	1692

166	148	1693

171	148	1704

165	149	1690

172	149	1702

164	150	1695

173	150	1701

164	151	1692

173	151	1700

161	152	1696

162	152	1692

163	152	1692

173	152	1699

160	153	1689

173	153	1698

160	154	1682

173	154	1697

159	155	1685

173	155	1698

159	156	1684

173	156	1699

159	157	1682

173	157	1699

158	158	1684

173	158	1697

158	159	1682

173	159	1697

158	160	1675

173	160	1698

157	161	1677

173	161	1703

157	162	1667

173	162	1706

157	163	1667

173	163	1706

156	164	1676

173	164	1702

175	164	1703

176	164	1701

177	164	1705

155	165	1669

174	165	1700

177	165	1700

155	166	1669

177	166	1701

154	167	1693

176	167	1699

154	168	1682

176	168	1702

155	169	1664

176	169	1705

154	170	1675

176	170	1702

154	171	1670

175	171	1692

154	172	1672

175	172	1696

154	173	1679

175	173	1700

154	174	1680

175	174	1699

154	175	1683

175	175	1695

154	176	1680

175	176	1700

154	177	1674

174	177	1700

154	178	1688

173	178	1702

154	179	1697

172	179	1705

154	180	1691

171	180	1713

154	181	1698

169	181	1691

170	181	1717

154	182	1694

168	182	1696

154	183	1685

166	183	1701

167	183	1720

153	184	1700

165	184	1700

153	185	1696

165	185	1716

153	186	1696

164	186	1711

152	187	1726

164	187	1735

152	188	1732

163	188	1727

152	189	1719

163	189	1738

151	190	1756

163	190	1744

151	191	1747

163	191	1755

151	192	1738

162	192	1746

151	193	1733

162	193	1761

151	194	1733

162	194	1776

151	195	1734

161	195	1759

150	196	1755

161	196	1768

150	197	1757

161	197	1776

150	198	1758

160	198	1759

149	199	1780

160	199	1769

149	200	1769

150	200	1750

151	200	1739

152	200	1733

153	200	1732

154	200	1733

155	200	1734

156	200	1736

157	200	1741

158	200	1748

159	200	1760

160	200	1778

