169	127	1354

171	127	1336

168	128	1360

170	128	1360

167	129	1361

171	129	1365

164	130	1376

165	130	1367

166	130	1360

172	130	1365

163	131	1394

173	131	1362

174	131	1370

163	132	1375

174	132	1367

161	133	1377

162	133	1388

174	133	1364

160	134	1388

174	134	1364

159	135	1372

174	135	1362

158	136	1370

174	136	1361

157	137	1366

174	137	1358

156	138	1370

173	138	1357

156	139	1361

173	139	1356

155	140	1373

173	140	1359

155	141	1371

173	141	1357

154	142	1385

173	142	1358

153	143	1366

173	143	1357

153	144	1357

173	144	1360

153	145	1364

173	145	1363

152	146	1380

172	146	1354

151	147	1381

172	147	1356

151	148	1386

172	148	1356

174	148	1341

175	148	1343

176	148	1346

177	148	1352

151	149	1372

173	149	1350

177	149	1350

151	150	1355

177	150	1359

150	151	1344

176	151	1347

149	152	1364

176	152	1352

149	153	1361

176	153	1349

149	154	1356

175	154	1344

149	155	1344

175	155	1349

149	156	1341

175	156	1348

148	157	1347

174	157	1347

148	158	1357

174	158	1348

147	159	1358

174	159	1351

147	160	1376

174	160	1354

147	161	1346

174	161	1354

148	162	1338

173	162	1340

148	163	1353

173	163	1342

148	164	1349

172	164	1339

147	165	1346

172	165	1349

147	166	1330

171	166	1349

148	167	1346

170	167	1349

147	168	1423

169	168	1353

148	169	1357

168	169	1357

148	170	1361

166	170	1345

167	170	1357

148	171	1376

165	171	1342

147	172	1371

164	172	1351

165	172	1351

147	173	1367

163	173	1365

147	174	1371

163	174	1388

147	175	1371

162	175	1390

147	176	1371

162	176	1405

147	177	1372

161	177	1390

147	178	1371

161	178	1402

147	179	1369

161	179	1415

146	180	1378

161	180	1425

145	181	1395

161	181	1429

145	182	1399

161	182	1434

145	183	1397

160	183	1426

145	184	1405

160	184	1429

145	185	1393

160	185	1435

145	186	1395

160	186	1442

144	187	1400

159	187	1439

143	188	1405

158	188	1424

144	189	1397

158	189	1432

144	190	1407

158	190	1440

143	191	1434

157	191	1436

143	192	1422

157	192	1437

143	193	1421

156	193	1435

143	194	1429

144	194	1424

145	194	1423

146	194	1419

147	194	1418

148	194	1416

149	194	1415

150	194	1416

151	194	1415

152	194	1416

153	194	1417

154	194	1422

155	194	1430

156	194	1440

