163	126	1350

164	126	1356

165	126	1359

166	126	1365

160	127	1350

162	127	1360

167	127	1359

160	128	1361

161	128	1358

168	128	1366

159	129	1370

168	129	1370

159	130	1365

169	130	1374

159	131	1368

170	131	1379

157	132	1366

158	132	1362

170	132	1384

157	133	1346

169	133	1380

156	134	1345

170	134	1386

155	135	1347

170	135	1381

155	136	1344

171	136	1374

154	137	1384

171	137	1382

155	138	1349

171	138	1385

154	139	1386

171	139	1388

154	140	1361

170	140	1384

154	141	1357

171	141	1391

153	142	1369

171	142	1390

153	143	1352

171	143	1390

154	144	1342

170	144	1385

153	145	1345

170	145	1386

153	146	1337

170	146	1386

152	147	1334

170	147	1388

152	148	1336

170	148	1389

151	149	1347

171	149	1393

172	149	1401

173	149	1401

174	149	1402

175	149	1402

150	150	1350

175	150	1403

150	151	1344

175	151	1405

150	152	1350

175	152	1408

149	153	1387

174	153	1401

149	154	1361

174	154	1402

149	155	1343

174	155	1404

148	156	1361

173	156	1400

148	157	1338

173	157	1401

148	158	1370

173	158	1399

148	159	1341

173	159	1399

148	160	1356

172	160	1396

148	161	1344

172	161	1398

148	162	1346

172	162	1401

147	163	1389

172	163	1404

148	164	1344

172	164	1411

148	165	1348

171	165	1401

148	166	1346

170	166	1397

147	167	1306

169	167	1394

147	168	1368

168	168	1389

147	169	1377

168	169	1401

147	170	1368

166	170	1390

167	170	1402

147	171	1377

164	171	1385

165	171	1390

147	172	1376

163	172	1397

147	173	1371

162	173	1407

147	174	1369

161	174	1407

146	175	1378

161	175	1414

145	176	1428

160	176	1411

146	177	1381

160	177	1425

146	178	1384

160	178	1434

145	179	1389

160	179	1442

145	180	1376

160	180	1446

146	181	1386

160	181	1453

145	182	1406

159	182	1449

145	183	1395

159	183	1456

145	184	1398

159	184	1462

145	185	1405

158	185	1448

144	186	1425

158	186	1454

144	187	1422

158	187	1460

144	188	1424

157	188	1448

143	189	1430

157	189	1452

143	190	1431

157	190	1455

143	191	1436

157	191	1459

143	192	1438

156	192	1451

142	193	1438

156	193	1458

142	194	1446

156	194	1460

142	195	1460

155	195	1453

142	196	1457

155	196	1456

143	197	1459

144	197	1450

145	197	1445

146	197	1443

147	197	1440

148	197	1439

149	197	1440

150	197	1443

151	197	1447

152	197	1449

153	197	1455

154	197	1461

