126	127	1272

127	127	1272

128	127	1272

129	127	1270

120	128	1273

121	128	1270

122	128	1269

123	128	1269

124	128	1269

125	128	1270

129	128	1275

119	129	1273

130	129	1285

117	130	1283

118	130	1274

131	130	1287

117	131	1283

132	131	1283

133	131	1284

115	132	1291

116	132	1292

133	132	1287

113	133	1258

114	133	1261

133	133	1285

111	134	1254

112	134	1256

133	134	1284

110	135	1263

133	135	1284

109	136	1260

133	136	1289

109	137	1255

133	137	1296

108	138	1255

132	138	1295

107	139	1249

132	139	1295

107	140	1276

132	140	1294

106	141	1274

131	141	1294

106	142	1244

131	142	1294

106	143	1277

131	143	1298

104	144	1313

105	144	1296

131	144	1300

104	145	1317

130	145	1298

104	146	1266

130	146	1298

104	147	1271

130	147	1301

103	148	1329

130	148	1305

103	149	1268

131	149	1297

134	149	1304

135	149	1303

136	149	1301

137	149	1300

103	150	1264

132	150	1305

133	150	1303

137	150	1301

102	151	1272

137	151	1302

101	152	1289

137	152	1304

101	153	1283

136	153	1301

101	154	1283

136	154	1303

101	155	1273

136	155	1309

101	156	1271

135	156	1308

101	157	1259

135	157	1312

101	158	1259

134	158	1309

101	159	1262

134	159	1310

101	160	1262

133	160	1306

100	161	1308

133	161	1309

100	162	1313

133	162	1312

101	163	1271

132	163	1309

100	164	1295

132	164	1314

100	165	1269

131	165	1310

100	166	1310

130	166	1311

100	167	1338

129	167	1313

100	168	1350

128	168	1313

100	169	1358

127	169	1314

101	170	1287

126	170	1317

101	171	1288

124	171	1310

125	171	1320

101	172	1282

122	172	1305

123	172	1314

101	173	1287

121	173	1321

100	174	1303

120	174	1343

100	175	1306

119	175	1345

99	176	1331

119	176	1365

100	177	1298

118	177	1359

100	178	1299

118	178	1376

99	179	1307

117	179	1357

99	180	1308

117	180	1367

99	181	1309

117	181	1376

98	182	1322

116	182	1367

98	183	1322

116	183	1374

98	184	1317

116	184	1376

97	185	1320

116	185	1382

97	186	1326

115	186	1375

97	187	1337

114	187	1371

96	188	1350

114	188	1374

96	189	1358

97	189	1344

98	189	1334

99	189	1327

100	189	1324

101	189	1322

102	189	1322

103	189	1322

104	189	1321

105	189	1323

106	189	1324

107	189	1328

108	189	1330

109	189	1335

110	189	1342

111	189	1352

112	189	1359

113	189	1367

114	189	1379

