166	148	1765

167	148	1755

168	148	1755

169	148	1761

164	149	1768

165	149	1765

170	149	1771

164	150	1763

171	150	1772

163	151	1775

172	151	1778

162	152	1775

172	152	1770

161	153	1755

172	153	1768

160	154	1746

172	154	1764

159	155	1745

172	155	1762

159	156	1745

173	156	1785

158	157	1756

173	157	1787

158	158	1748

172	158	1762

158	159	1742

172	159	1762

157	160	1741

172	160	1762

156	161	1738

172	161	1766

156	162	1738

171	162	1758

156	163	1735

172	163	1776

156	164	1731

172	164	1773

174	164	1770

175	164	1768

155	165	1738

173	165	1768

176	165	1767

154	166	1741

176	166	1772

154	167	1727

175	167	1760

154	168	1733

175	168	1763

154	169	1735

175	169	1770

154	170	1731

174	170	1753

153	171	1742

174	171	1754

153	172	1741

174	172	1752

153	173	1753

174	173	1762

154	174	1725

174	174	1769

154	175	1728

173	175	1755

154	176	1730

173	176	1759

154	177	1733

172	177	1757

173	177	1775

153	178	1747

171	178	1757

154	179	1734

170	179	1755

154	180	1736

169	180	1761

153	181	1764

167	181	1743

168	181	1761

153	182	1759

165	182	1744

166	182	1754

153	183	1751

164	183	1753

153	184	1751

164	184	1767

153	185	1751

163	185	1764

152	186	1767

163	186	1780

152	187	1764

162	187	1768

151	188	1784

162	188	1782

151	189	1778

162	189	1793

151	190	1777

162	190	1804

151	191	1779

161	191	1790

151	192	1779

161	192	1805

150	193	1794

161	193	1821

150	194	1791

161	194	1832

150	195	1795

161	195	1843

150	196	1796

160	196	1821

149	197	1820

160	197	1831

149	198	1811

160	198	1841

148	199	1838

159	199	1819

148	200	1831

149	200	1802

150	200	1788

151	200	1784

152	200	1783

153	200	1785

154	200	1786

155	200	1788

156	200	1791

157	200	1798

158	200	1811

159	200	1830

