175	133	1445

173	134	1426

174	134	1440

176	134	1448

171	135	1445

172	135	1442

177	135	1450

170	136	1447

178	136	1463

169	137	1460

179	137	1463

168	138	1456

179	138	1459

167	139	1444

169	139	1452

180	139	1464

166	140	1434

168	140	1449

180	140	1462

166	141	1435

180	141	1460

164	142	1428

165	142	1437

180	142	1458

163	143	1436

180	143	1456

163	144	1435

180	144	1457

163	145	1433

180	145	1457

163	146	1434

180	146	1458

162	147	1435

180	147	1457

162	148	1449

180	148	1455

162	149	1451

180	149	1453

161	150	1466

180	150	1453

161	151	1451

180	151	1454

161	152	1439

181	152	1459

161	153	1429

181	153	1461

185	153	1459

160	154	1448

182	154	1430

183	154	1451

184	154	1453

185	154	1457

160	155	1432

185	155	1457

160	156	1424

185	156	1456

159	157	1422

185	157	1456

159	158	1433

185	158	1458

159	159	1430

184	159	1457

159	160	1425

184	160	1457

159	161	1419

184	161	1456

158	162	1426

184	162	1457

158	163	1447

184	163	1459

158	164	1474

184	164	1456

159	165	1429

183	165	1449

159	166	1427

184	166	1453

159	167	1430

183	167	1450

159	168	1430

183	168	1454

159	169	1433

183	169	1461

159	170	1436

182	170	1461

159	171	1441

180	171	1453

181	171	1464

159	172	1431

179	172	1451

160	173	1434

178	173	1451

159	174	1457

177	174	1449

159	175	1458

176	175	1453

159	176	1465

174	176	1452

175	176	1456

158	177	1488

173	177	1461

159	178	1440

173	178	1467

159	179	1446

172	179	1465

159	180	1448

172	180	1471

159	181	1453

171	181	1476

158	182	1465

171	182	1488

158	183	1460

171	183	1503

158	184	1461

171	184	1506

157	185	1484

171	185	1513

157	186	1473

171	186	1520

157	187	1483

170	187	1514

157	188	1482

170	188	1523

157	189	1484

170	189	1534

157	190	1487

170	190	1541

156	191	1503

169	191	1528

156	192	1498

169	192	1538

156	193	1497

168	193	1530

156	194	1500

168	194	1534

155	195	1512

168	195	1539

155	196	1523

156	196	1512

157	196	1506

158	196	1503

159	196	1505

160	196	1505

161	196	1506

162	196	1506

163	196	1509

164	196	1513

165	196	1518

166	196	1524

167	196	1532

