142	125	1228

143	125	1229

144	125	1231

137	126	1225

138	126	1227

139	126	1232

141	126	1226

145	126	1228

135	127	1235

136	127	1223

140	127	1226

146	127	1236

134	128	1242

146	128	1234

134	129	1230

147	129	1235

148	129	1237

131	130	1241

132	130	1243

133	130	1231

149	130	1237

130	131	1232

150	131	1249

128	132	1221

129	132	1215

150	132	1250

127	133	1218

150	133	1253

125	134	1239

126	134	1222

150	134	1250

123	135	1265

124	135	1238

149	135	1244

123	136	1274

149	136	1248

124	137	1221

149	137	1250

123	138	1241

149	138	1251

121	139	1285

122	139	1283

148	139	1245

121	140	1277

148	140	1248

121	141	1284

148	141	1253

120	142	1277

148	142	1255

119	143	1261

121	143	1235

147	143	1251

119	144	1296

120	144	1263

147	144	1254

119	145	1294

147	145	1255

119	146	1265

147	146	1257

118	147	1258

147	147	1255

117	148	1271

147	148	1245

150	148	1260

151	148	1258

152	148	1258

153	148	1256

117	149	1259

148	149	1262

149	149	1256

154	149	1261

117	150	1253

153	150	1257

117	151	1235

153	151	1260

117	152	1229

153	152	1264

116	153	1281

153	153	1265

117	154	1222

152	154	1265

115	155	1216

116	155	1229

151	155	1261

116	156	1229

151	156	1264

114	157	1265

115	157	1262

150	157	1260

114	158	1220

116	158	1232

150	158	1262

116	159	1230

149	159	1259

116	160	1226

149	160	1261

115	161	1243

149	161	1264

116	162	1225

148	162	1260

115	163	1240

148	163	1262

115	164	1285

148	164	1267

115	165	1282

147	165	1270

115	166	1271

146	166	1269

116	167	1236

145	167	1268

115	168	1253

144	168	1270

116	169	1249

143	169	1269

116	170	1266

142	170	1266

115	171	1265

141	171	1268

116	172	1246

139	172	1266

140	172	1273

116	173	1251

137	173	1263

138	173	1268

116	174	1271

136	174	1285

115	175	1304

136	175	1311

115	176	1294

135	176	1311

116	177	1259

135	177	1327

115	178	1265

134	178	1321

114	179	1251

116	179	1257

134	179	1329

115	180	1268

134	180	1333

115	181	1268

133	181	1320

115	182	1270

133	182	1326

115	183	1272

133	183	1330

114	184	1281

115	184	1276

116	184	1270

117	184	1268

118	184	1266

119	184	1267

120	184	1265

121	184	1265

122	184	1264

123	184	1268

124	184	1269

125	184	1273

126	184	1275

127	184	1279

128	184	1286

129	184	1293

130	184	1301

131	184	1309

132	184	1322

133	184	1335

