166	128	1362

167	128	1364

168	128	1370

165	129	1366

169	129	1371

164	130	1368

170	130	1362

171	130	1361

162	131	1369

163	131	1368

171	131	1362

160	132	1409

161	132	1372

172	132	1369

160	133	1381

172	133	1369

158	134	1389

159	134	1386

172	134	1367

157	135	1364

172	135	1367

156	136	1359

172	136	1365

155	137	1366

172	137	1364

155	138	1366

172	138	1366

154	139	1369

172	139	1365

153	140	1352

172	140	1366

152	141	1333

172	141	1367

153	142	1357

172	142	1363

153	143	1359

172	143	1343

152	144	1367

171	144	1358

152	145	1361

171	145	1360

151	146	1364

171	146	1363

151	147	1362

171	147	1364

174	147	1343

175	147	1354

150	148	1367

172	148	1363

173	148	1352

176	148	1359

150	149	1357

176	149	1363

149	150	1337

175	150	1355

148	151	1377

175	151	1356

148	152	1360

175	152	1357

148	153	1362

175	153	1358

147	154	1383

174	154	1352

147	155	1389

174	155	1354

147	156	1358

174	156	1355

147	157	1358

173	157	1349

148	158	1347

173	158	1352

147	159	1351

173	159	1353

147	160	1349

173	160	1355

146	161	1345

172	161	1345

147	162	1350

173	162	1358

146	163	1350

173	163	1354

147	164	1362

172	164	1348

148	165	1350

171	165	1351

147	166	1361

170	166	1357

147	167	1365

169	167	1362

148	168	1352

168	168	1359

148	169	1357

167	169	1357

147	170	1391

166	170	1355

147	171	1398

164	171	1348

165	171	1355

148	172	1366

163	172	1356

148	173	1361

162	173	1363

147	174	1368

162	174	1379

146	175	1416

161	175	1382

146	176	1395

161	176	1394

146	177	1377

161	177	1405

146	178	1374

161	178	1416

145	179	1416

161	179	1423

145	180	1399

161	180	1430

145	181	1412

161	181	1440

145	182	1402

160	182	1429

145	183	1393

160	183	1432

145	184	1388

160	184	1439

145	185	1386

160	185	1446

145	186	1393

159	186	1438

143	187	1443

144	187	1408

159	187	1448

144	188	1409

158	188	1437

144	189	1411

158	189	1444

143	190	1409

158	190	1448

143	191	1421

157	191	1441

143	192	1429

157	192	1446

143	193	1435

156	193	1441

143	194	1432

156	194	1444

143	195	1434

144	195	1431

145	195	1426

146	195	1424

147	195	1424

148	195	1426

149	195	1425

150	195	1425

151	195	1426

152	195	1428

153	195	1429

154	195	1432

155	195	1437

