163	103	1113

164	103	1110

165	103	1112

157	104	1119

158	104	1120

162	104	1110

166	104	1109

155	105	1130

156	105	1106

159	105	1103

160	105	1113

161	105	1112

167	105	1116

154	106	1122

167	106	1113

151	107	1141

152	107	1154

153	107	1124

167	107	1110

151	108	1142

168	108	1111

169	108	1114

170	108	1123

149	109	1155

150	109	1157

171	109	1128

147	110	1148

148	110	1128

171	110	1119

146	111	1117

171	111	1115

145	112	1104

171	112	1115

144	113	1142

171	113	1118

143	114	1124

171	114	1122

143	115	1135

171	115	1128

141	116	1161

142	116	1154

171	116	1135

140	117	1178

170	117	1121

139	118	1177

170	118	1126

139	119	1144

170	119	1131

138	120	1151

170	120	1137

139	121	1164

170	121	1145

139	122	1171

169	122	1123

138	123	1135

169	123	1131

136	124	1148

137	124	1160

169	124	1139

137	125	1156

169	125	1148

137	126	1120

168	126	1129

135	127	1130

136	127	1142

168	127	1135

173	127	1171

174	127	1190

136	128	1173

168	128	1141

172	128	1140

175	128	1165

176	128	1184

135	129	1162

168	129	1150

171	129	1139

176	129	1152

136	130	1133

167	130	1135

170	130	1143

176	130	1142

133	131	1153

134	131	1156

135	131	1163

167	131	1143

169	131	1144

176	131	1141

133	132	1143

168	132	1147

176	132	1151

133	133	1170

175	133	1139

132	134	1176

174	134	1132

133	135	1187

174	135	1142

132	136	1146

174	136	1153

132	137	1145

174	137	1169

131	138	1132

173	138	1148

131	139	1204

173	139	1165

132	140	1160

172	140	1142

131	141	1132

132	141	1121

172	141	1152

131	142	1168

133	142	1130

171	142	1144

130	143	1204

133	143	1133

171	143	1156

131	144	1194

132	144	1196

171	144	1170

131	145	1174

170	145	1146

131	146	1200

170	146	1156

131	147	1151

170	147	1168

131	148	1148

132	148	1136

169	148	1146

133	149	1123

169	149	1161

134	150	1123

167	150	1150

168	150	1164

133	151	1198

166	151	1153

133	152	1160

165	152	1156

134	153	1146

164	153	1156

134	154	1138

163	154	1156

134	155	1160

162	155	1160

132	156	1115

133	156	1121

161	156	1167

133	157	1151

159	157	1161

160	157	1181

133	158	1128

157	158	1170

158	158	1180

132	159	1101

156	159	1184

130	160	1142

133	160	1155

156	160	1198

131	161	1175

132	161	1165

133	161	1152

134	161	1139

135	161	1130

136	161	1127

137	161	1125

138	161	1124

139	161	1125

140	161	1124

141	161	1124

142	161	1123

143	161	1124

144	161	1124

145	161	1125

146	161	1125

147	161	1128

148	161	1131

149	161	1135

150	161	1138

151	161	1143

152	161	1150

153	161	1156

154	161	1167

155	161	1186

156	161	1209

