157	157	2025

158	157	2000

159	157	2010

155	158	2024

156	158	2000

159	158	1986

155	159	1988

160	159	1992

161	159	2013

154	160	1999

161	160	1990

154	161	1984

162	161	2002

152	162	1993

153	162	1983

162	162	2002

151	163	1978

162	163	1998

150	164	1984

162	164	1993

150	165	1975

162	165	1989

149	166	1989

162	166	1987

149	167	1977

162	167	1987

148	168	1995

162	168	1993

148	169	1974

162	169	2001

148	170	1964

162	170	2006

147	171	1992

162	171	1994

147	172	1973

163	172	1986

164	172	1987

165	172	2010

146	173	2005

165	173	1998

146	174	1980

164	174	1978

146	175	1968

164	175	1982

146	176	1961

164	176	1987

145	177	1999

164	177	2002

145	178	1991

163	178	1977

145	179	1994

163	179	1981

145	180	1996

163	180	1978

145	181	2004

163	181	1979

146	182	1955

163	182	1986

146	183	1960

162	183	1983

146	184	1962

161	184	1990

146	185	1967

159	185	1966

160	185	2001

146	186	1977

158	186	1973

146	187	1989

157	187	1978

146	188	1994

156	188	1985

145	189	2032

155	189	1976

145	190	2018

155	190	2000

145	191	2001

154	191	1982

145	192	1989

154	192	2000

145	193	1988

154	193	2015

144	194	2020

154	194	2018

144	195	2006

154	195	2023

144	196	2003

154	196	2030

144	197	2003

154	197	2039

143	198	2056

153	198	2005

143	199	2033

153	199	2015

143	200	2025

153	200	2024

143	201	2018

144	201	1991

145	201	1978

146	201	1971

147	201	1970

148	201	1968

149	201	1971

150	201	1976

151	201	1983

152	201	1996

153	201	2029

