202	135	1439

203	135	1464

201	136	1438

204	136	1456

200	137	1439

204	137	1442

197	138	1460

198	138	1460

199	138	1444

204	138	1438

208	138	1435

196	139	1491

205	139	1433

206	139	1444

207	139	1444

209	139	1476

196	140	1475

209	140	1459

196	141	1461

209	141	1447

196	142	1458

210	142	1456

196	143	1445

211	143	1466

195	144	1500

210	144	1449

194	145	1479

210	145	1452

193	146	1445

210	146	1451

192	147	1443

210	147	1446

192	148	1441

211	148	1469

192	149	1439

211	149	1461

192	150	1439

211	150	1456

191	151	1461

211	151	1453

190	152	1490

211	152	1451

190	153	1460

211	153	1449

190	154	1408

211	154	1446

191	155	1438

212	155	1470

216	155	1457

217	155	1462

218	155	1497

191	156	1440

212	156	1469

214	156	1469

215	156	1451

218	156	1476

191	157	1449

213	157	1466

218	157	1475

191	158	1435

218	158	1476

191	159	1456

217	159	1454

190	160	1527

217	160	1459

191	161	1438

217	161	1471

190	162	1458

217	162	1493

190	163	1498

216	163	1457

190	164	1493

216	164	1458

190	165	1452

216	165	1456

190	166	1447

216	166	1457

189	167	1454

216	167	1456

189	168	1480

216	168	1453

188	169	1430

217	169	1484

189	170	1508

217	170	1480

190	171	1453

217	171	1484

190	172	1452

217	172	1499

190	173	1460

216	173	1467

190	174	1449

216	174	1484

190	175	1460

215	175	1462

190	176	1471

215	176	1481

191	177	1454

214	177	1460

192	178	1445

214	178	1474

192	179	1466

214	179	1495

193	180	1448

213	180	1476

192	181	1482

212	181	1472

192	182	1506

211	182	1482

193	183	1489

210	183	1503

193	184	1489

194	184	1471

209	184	1514

195	185	1464

208	185	1509

194	186	1499

208	186	1525

194	187	1486

207	187	1513

194	188	1500

207	188	1518

195	189	1466

207	189	1528

195	190	1470

207	190	1540

195	191	1479

206	191	1530

194	192	1494

206	192	1540

195	193	1490

205	193	1529

194	194	1487

205	194	1537

195	195	1493

204	195	1527

195	196	1498

204	196	1535

195	197	1507

204	197	1540

195	198	1510

203	198	1535

195	199	1517

203	199	1538

195	200	1520

203	200	1542

195	201	1524

201	201	1539

202	201	1539

203	201	1543

195	202	1529

199	202	1536

200	202	1541

195	203	1537

196	203	1540

197	203	1541

198	203	1542

