135	115	1201

136	115	1198

137	115	1193

129	116	1188

130	116	1193

134	116	1193

138	116	1202

128	117	1190

131	117	1188

132	117	1192

133	117	1192

138	117	1196

127	118	1185

139	118	1200

125	119	1183

126	119	1186

139	119	1200

124	120	1227

140	120	1199

141	120	1202

142	120	1201

123	121	1224

142	121	1204

121	122	1196

122	122	1190

142	122	1202

120	123	1181

143	123	1199

118	124	1188

119	124	1176

142	124	1203

118	125	1180

142	125	1206

116	126	1169

117	126	1180

142	126	1210

116	127	1185

142	127	1214

114	128	1151

115	128	1189

142	128	1217

115	129	1191

142	129	1216

114	130	1189

142	130	1208

114	131	1187

141	131	1214

114	132	1184

141	132	1218

113	133	1181

140	133	1214

112	134	1215

141	134	1219

112	135	1203

140	135	1219

111	136	1214

140	136	1219

110	137	1218

140	137	1221

109	138	1206

139	138	1218

109	139	1202

139	139	1225

145	139	1222

109	140	1208

139	140	1231

143	140	1220

144	140	1217

146	140	1218

110	141	1188

139	141	1234

141	141	1229

142	141	1219

147	141	1226

109	142	1193

140	142	1227

147	142	1226

107	143	1216

109	143	1193

147	143	1225

108	144	1227

146	144	1224

107	145	1258

146	145	1230

108	146	1193

145	146	1225

108	147	1188

145	147	1233

107	148	1204

144	148	1227

106	149	1263

144	149	1228

107	150	1181

143	150	1222

106	151	1212

143	151	1225

106	152	1216

143	152	1231

107	153	1185

142	153	1223

106	154	1205

142	154	1227

106	155	1176

141	155	1225

106	156	1231

141	156	1229

106	157	1266

140	157	1230

107	158	1219

139	158	1229

106	159	1199

138	159	1227

107	160	1229

137	160	1231

107	161	1252

136	161	1230

107	162	1252

135	162	1233

108	163	1215

134	163	1234

108	164	1214

132	164	1228

133	164	1239

106	165	1248

108	165	1201

130	165	1225

131	165	1231

107	166	1207

129	166	1243

107	167	1199

128	167	1260

107	168	1210

128	168	1275

107	169	1223

127	169	1273

106	170	1290

108	170	1216

127	170	1282

107	171	1232

127	171	1291

106	172	1251

127	172	1297

107	173	1221

127	173	1300

105	174	1239

106	174	1238

126	174	1285

106	175	1249

107	175	1235

108	175	1227

109	175	1222

110	175	1220

111	175	1219

112	175	1220

113	175	1220

114	175	1222

115	175	1223

116	175	1225

117	175	1226

118	175	1229

119	175	1234

120	175	1236

121	175	1240

122	175	1246

123	175	1254

124	175	1262

125	175	1273

126	175	1291

