198	146	1716

199	146	1715

200	146	1715

196	147	1724

197	147	1716

201	147	1716

195	148	1722

202	148	1718

203	148	1715

194	149	1722

204	149	1720

194	150	1728

204	150	1722

194	151	1730

204	151	1723

193	152	1741

205	152	1722

192	153	1728

205	153	1720

191	154	1726

205	154	1721

191	155	1724

205	155	1721

191	156	1723

205	156	1724

190	157	1725

205	157	1723

190	158	1723

205	158	1723

190	159	1721

206	159	1724

190	160	1719

206	160	1722

190	161	1719

207	161	1724

208	161	1725

209	161	1715

210	161	1714

190	162	1718

210	162	1713

190	163	1713

210	163	1716

189	164	1729

209	164	1717

189	165	1727

209	165	1719

189	166	1726

209	166	1720

188	167	1732

209	167	1715

188	168	1731

209	168	1711

188	169	1732

209	169	1712

188	170	1723

210	170	1720

188	171	1725

211	171	1742

188	172	1708

211	172	1749

188	173	1731

210	173	1734

188	174	1733

210	174	1750

188	175	1701

209	175	1738

189	176	1714

209	176	1759

189	177	1715

208	177	1733

189	178	1718

208	178	1747

189	179	1711

207	179	1726

190	180	1707

207	180	1743

190	181	1715

207	181	1762

191	182	1718

206	182	1751

191	183	1733

205	183	1753

191	184	1731

204	184	1760

192	185	1728

204	185	1780

192	186	1727

204	186	1805

192	187	1727

203	187	1779

191	188	1740

203	188	1795

192	189	1739

203	189	1809

192	190	1746

202	190	1780

192	191	1751

202	191	1786

192	192	1751

202	192	1794

192	193	1749

202	193	1801

191	194	1761

202	194	1806

191	195	1771

202	195	1809

191	196	1789

202	196	1812

191	197	1793

201	197	1797

191	198	1793

201	198	1802

191	199	1801

201	199	1803

191	200	1800

201	200	1800

191	201	1799

201	201	1801

191	202	1799

192	202	1777

193	202	1766

194	202	1765

195	202	1764

196	202	1768

197	202	1772

198	202	1775

199	202	1779

200	202	1785

201	202	1800

