141	67	1142

149	90	1039

150	90	1039

151	90	1047

148	91	1033

152	91	1041

142	92	1031

143	92	1031

144	92	1035

145	92	1044

148	92	1030

153	92	1042

140	93	1038

141	93	1029

146	93	1036

147	93	1031

154	93	1082

139	94	1043

154	94	1075

136	95	1133

137	95	1141

138	95	1062

154	95	1055

134	96	1103

135	96	1123

137	96	1099

155	96	1041

156	96	1045

157	96	1067

134	97	1099

136	97	1068

157	97	1047

132	98	1042

133	98	1039

158	98	1058

131	99	1035

158	99	1054

131	100	1027

158	100	1057

129	101	1033

130	101	1027

158	101	1066

127	102	1081

128	102	1052

158	102	1073

126	103	1086

158	103	1080

125	104	1077

158	104	1109

125	105	1121

157	105	1057

124	106	1055

157	106	1063

124	107	1054

157	107	1073

122	108	1083

123	108	1086

157	108	1089

122	109	1087

156	109	1062

122	110	1067

156	110	1063

121	111	1090

156	111	1072

122	112	1107

156	112	1088

121	113	1041

155	113	1065

122	114	1076

155	114	1071

122	115	1072

155	115	1076

120	116	1036

121	116	1071

155	116	1088

119	117	1071

155	117	1103

118	118	1053

154	118	1068

160	118	1073

161	118	1074

118	119	1070

119	119	1047

154	119	1078

158	119	1068

159	119	1064

162	119	1067

163	119	1091

117	120	1055

118	120	1055

120	120	1036

154	120	1088

157	120	1064

163	120	1084

117	121	1044

119	121	1055

155	121	1073

156	121	1062

163	121	1102

116	122	1041

162	122	1075

117	123	1037

162	123	1088

116	124	1057

161	124	1069

115	125	1084

161	125	1077

115	126	1082

116	126	1082

161	126	1088

117	127	1109

161	127	1108

115	128	1090

116	128	1122

160	128	1082

114	129	1134

116	129	1120

160	129	1099

114	130	1095

115	130	1142

117	130	1072

159	130	1077

115	131	1092

116	131	1073

159	131	1090

115	132	1094

159	132	1106

116	133	1115

158	133	1081

114	134	1118

116	134	1099

158	134	1100

114	135	1110

115	135	1093

157	135	1078

114	136	1059

157	136	1087

114	137	1054

157	137	1106

114	138	1065

116	138	1082

156	138	1083

114	139	1067

115	139	1090

117	139	1066

156	139	1107

115	140	1102

117	140	1073

155	140	1097

115	141	1125

116	141	1103

154	141	1098

115	142	1083

153	142	1100

115	143	1064

152	143	1102

116	144	1058

151	144	1107

117	145	1084

150	145	1107

116	146	1111

117	146	1089

149	146	1108

116	147	1134

118	147	1072

148	147	1114

115	148	1091

117	148	1083

118	148	1060

146	148	1097

147	148	1122

115	149	1065

117	149	1092

119	149	1049

144	149	1100

145	149	1113

115	150	1019

116	150	1124

118	150	1063

143	150	1123

115	151	1120

118	151	1067

142	151	1123

114	152	1073

116	152	1119

117	152	1110

142	152	1139

114	153	1032

115	153	1072

116	153	1110

141	153	1130

115	154	1079

117	154	1113

141	154	1137

115	155	1129

116	155	1124

141	155	1143

117	156	1076

141	156	1143

117	157	1064

141	157	1145

113	158	1097

116	158	1125

141	158	1145

116	159	1097

140	159	1129

115	160	1105

140	160	1131

115	161	1144

140	161	1133

115	162	1134

140	162	1137

115	163	1112

140	163	1140

116	164	1086

140	164	1145

116	165	1085

139	165	1132

115	166	1097

139	166	1134

115	167	1099

139	167	1136

115	168	1107

139	168	1141

116	169	1092

138	169	1137

115	170	1097

138	170	1140

115	171	1092

138	171	1142

114	172	1107

115	172	1081

138	172	1145

113	173	1113

116	173	1095

137	173	1140

115	174	1084

137	174	1145

115	175	1105

136	175	1140

116	176	1109

117	176	1114

118	176	1110

119	176	1109

120	176	1107

121	176	1107

122	176	1106

123	176	1106

124	176	1107

125	176	1107

126	176	1108

127	176	1108

128	176	1109

129	176	1110

130	176	1113

131	176	1115

132	176	1120

133	176	1126

134	176	1133

135	176	1137

136	176	1143

