166	125	1289

167	125	1291

168	125	1297

165	126	1293

169	126	1299

171	126	1316

162	127	1303

163	127	1304

164	127	1298

170	127	1300

172	127	1314

161	128	1301

172	128	1310

159	129	1290

160	129	1306

172	129	1301

159	130	1312

173	130	1310

157	131	1304

158	131	1313

173	131	1303

156	132	1288

173	132	1301

155	133	1285

173	133	1305

154	134	1293

173	134	1304

153	135	1298

173	135	1304

153	136	1290

173	136	1301

152	137	1299

173	137	1302

151	138	1283

173	138	1304

151	139	1325

173	139	1309

151	140	1302

173	140	1310

150	141	1308

173	141	1313

150	142	1321

173	142	1313

150	143	1317

173	143	1315

150	144	1304

173	144	1312

149	145	1297

172	145	1298

149	146	1279

172	146	1302

147	147	1306

148	147	1319

172	147	1306

176	147	1309

177	147	1306

178	147	1315

148	148	1319

172	148	1304

174	148	1293

175	148	1296

178	148	1306

148	149	1302

173	149	1295

178	149	1304

148	150	1289

178	150	1311

146	151	1328

147	151	1295

177	151	1297

146	152	1333

177	152	1301

147	153	1288

177	153	1306

147	154	1284

177	154	1315

146	155	1308

176	155	1296

145	156	1310

176	156	1298

146	157	1289

176	157	1303

146	158	1279

176	158	1306

145	159	1302

175	159	1296

145	160	1268

175	160	1301

146	161	1285

175	161	1303

146	162	1296

175	162	1305

146	163	1303

175	163	1305

147	164	1282

175	164	1307

146	165	1314

175	165	1310

146	166	1310

173	166	1296

174	166	1308

146	167	1305

172	167	1299

146	168	1300

171	168	1307

147	169	1289

170	169	1312

146	170	1331

169	170	1308

146	171	1282

168	171	1309

146	172	1281

166	172	1297

167	172	1303

146	173	1310

165	173	1303

147	174	1315

164	174	1300

147	175	1304

163	175	1327

147	176	1300

162	176	1323

147	177	1304

162	177	1340

147	178	1307

162	178	1351

146	179	1293

162	179	1361

145	180	1304

147	180	1316

162	180	1368

146	181	1328

162	181	1376

146	182	1325

162	182	1379

146	183	1320

162	183	1381

147	184	1317

161	184	1374

146	185	1337

161	185	1381

147	186	1331

160	186	1365

146	187	1349

160	187	1369

146	188	1350

160	188	1373

146	189	1348

160	189	1376

146	190	1353

160	190	1379

146	191	1352

160	191	1385

145	192	1354

159	192	1375

146	193	1362

147	193	1362

148	193	1358

149	193	1356

150	193	1355

151	193	1353

152	193	1353

153	193	1353

154	193	1357

155	193	1358

156	193	1359

157	193	1364

158	193	1370

159	193	1382

