196	148	1740

197	148	1739

198	148	1745

195	149	1741

199	149	1742

193	150	1750

194	150	1743

200	150	1736

193	151	1747

201	151	1738

202	151	1742

193	152	1743

202	152	1741

192	153	1747

202	153	1742

191	154	1753

203	154	1743

191	155	1753

203	155	1741

190	156	1746

203	156	1742

189	157	1750

203	157	1742

189	158	1754

203	158	1740

189	159	1749

203	159	1736

188	160	1731

204	160	1738

188	161	1734

204	161	1739

188	162	1736

205	162	1750

188	163	1742

206	163	1740

207	163	1732

208	163	1737

188	164	1748

208	164	1738

188	165	1747

208	165	1738

188	166	1742

208	166	1738

188	167	1736

207	167	1732

187	168	1733

207	168	1731

187	169	1728

207	169	1731

187	170	1743

207	170	1732

187	171	1747

207	171	1731

187	172	1745

208	172	1737

187	173	1744

209	173	1755

187	174	1741

209	174	1771

187	175	1740

208	175	1752

187	176	1737

208	176	1764

187	177	1739

208	177	1787

187	178	1742

207	178	1759

187	179	1745

207	179	1771

188	180	1729

207	180	1792

188	181	1739

206	181	1766

188	182	1754

206	182	1781

189	183	1732

205	183	1765

189	184	1741

205	184	1785

189	185	1771

204	185	1799

190	186	1750

203	186	1801

191	187	1746

203	187	1817

191	188	1750

202	188	1789

191	189	1751

202	189	1805

191	190	1753

202	190	1821

191	191	1756

201	191	1799

190	192	1777

201	192	1808

190	193	1784

201	193	1815

191	194	1761

201	194	1818

191	195	1770

201	195	1823

190	196	1811

201	196	1828

190	197	1809

201	197	1835

191	198	1778

200	198	1817

190	199	1795

200	199	1817

190	200	1801

200	200	1813

190	201	1819

200	201	1816

191	202	1794

200	202	1818

191	203	1799

200	203	1817

191	204	1805

201	204	1836

191	205	1812

192	205	1796

193	205	1790

194	205	1788

195	205	1791

196	205	1794

197	205	1798

198	205	1801

199	205	1808

200	205	1818

201	205	1834

