149	135	1392

150	135	1393

147	136	1396

148	136	1395

151	136	1399

143	137	1396

144	137	1396

145	137	1395

146	137	1397

152	137	1401

142	138	1395

153	138	1403

141	139	1392

154	139	1401

140	140	1411

154	140	1401

139	141	1410

154	141	1403

137	142	1392

138	142	1393

154	142	1405

136	143	1388

154	143	1408

135	144	1387

154	144	1411

134	145	1393

154	145	1415

133	146	1393

154	146	1414

133	147	1411

154	147	1414

132	148	1411

154	148	1414

132	149	1406

154	149	1416

132	150	1410

153	150	1419

131	151	1466

153	151	1420

131	152	1427

153	152	1421

131	153	1405

153	153	1421

130	154	1390

153	154	1425

130	155	1411

154	155	1443

157	155	1420

158	155	1421

159	155	1421

129	156	1388

155	156	1430

156	156	1424

159	156	1424

129	157	1398

159	157	1427

129	158	1395

159	158	1426

129	159	1395

159	159	1426

127	160	1376

128	160	1405

158	160	1427

128	161	1401

158	161	1430

128	162	1405

158	162	1432

128	163	1401

157	163	1427

127	164	1424

157	164	1428

128	165	1400

157	165	1433

128	166	1400

156	166	1430

128	167	1396

156	167	1433

128	168	1394

156	168	1435

127	169	1409

155	169	1430

127	170	1445

155	170	1437

128	171	1410

154	171	1440

128	172	1414

153	172	1434

128	173	1415

152	173	1432

128	174	1415

151	174	1428

129	175	1413

150	175	1428

129	176	1415

149	176	1433

129	177	1424

147	177	1432

148	177	1440

129	178	1431

146	178	1446

129	179	1429

146	179	1473

129	180	1425

145	180	1472

129	181	1425

145	181	1489

129	182	1429

145	182	1501

129	183	1433

144	183	1489

129	184	1437

144	184	1493

128	185	1476

144	185	1492

128	186	1457

144	186	1493

128	187	1452

144	187	1499

128	188	1449

144	188	1503

128	189	1452

143	189	1496

128	190	1456

143	190	1500

128	191	1461

142	191	1495

128	192	1468

142	192	1500

128	193	1472

142	193	1501

127	194	1478

142	194	1504

128	195	1486

142	195	1504

128	196	1491

141	196	1498

128	197	1494

129	197	1480

130	197	1474

131	197	1470

132	197	1471

133	197	1471

134	197	1472

135	197	1474

136	197	1478

137	197	1481

138	197	1484

139	197	1487

140	197	1494

141	197	1503

