186	135	1414

187	135	1413

188	135	1413

189	135	1415

186	136	1409

190	136	1411

186	137	1408

191	137	1395

192	137	1411

184	138	1411

185	138	1416

193	138	1427

194	138	1425

182	139	1446

183	139	1421

194	139	1433

181	140	1460

194	140	1426

180	141	1470

195	141	1429

180	142	1449

195	142	1434

181	143	1430

195	143	1433

180	144	1454

195	144	1429

179	145	1424

195	145	1424

178	146	1420

196	146	1435

178	147	1413

196	147	1432

178	148	1414

196	148	1431

177	149	1422

196	149	1427

176	150	1388

197	150	1439

176	151	1391

197	151	1441

176	152	1431

197	152	1443

177	153	1417

197	153	1443

176	154	1432

197	154	1437

177	155	1421

197	155	1434

201	155	1433

202	155	1433

203	155	1440

177	156	1421

198	156	1414

200	156	1421

203	156	1430

176	157	1436

199	157	1424

203	157	1434

176	158	1441

203	158	1444

177	159	1423

202	159	1423

176	160	1460

202	160	1427

175	161	1455

202	161	1431

175	162	1481

202	162	1435

175	163	1494

202	163	1438

176	164	1425

202	164	1443

175	165	1442

202	165	1442

175	166	1438

202	166	1440

175	167	1443

202	167	1433

175	168	1446

202	168	1430

175	169	1470

202	169	1426

175	170	1445

203	170	1430

175	171	1434

203	171	1453

175	172	1456

202	172	1437

175	173	1485

202	173	1446

175	174	1465

202	174	1457

175	175	1447

201	175	1443

176	176	1437

201	176	1455

176	177	1442

200	177	1445

176	178	1424

200	178	1457

177	179	1450

200	179	1473

178	180	1426

199	180	1457

178	181	1443

198	181	1448

199	181	1460

178	182	1475

197	182	1449

179	183	1459

196	183	1470

179	184	1481

195	184	1486

179	185	1447

195	185	1506

180	186	1450

194	186	1490

181	187	1444

194	187	1501

181	188	1447

194	188	1508

181	189	1462

194	189	1513

182	190	1465

194	190	1517

182	191	1466

193	191	1505

182	192	1464

193	192	1511

182	193	1469

193	193	1518

182	194	1496

192	194	1508

183	195	1483

192	195	1513

182	196	1497

192	196	1517

183	197	1491

191	197	1509

183	198	1493

191	198	1515

184	199	1500

190	199	1513

184	200	1502

190	200	1516

184	201	1512

189	201	1517

190	201	1518

184	202	1507

185	202	1513

186	202	1512

187	202	1516

188	202	1518

