148	114	1178

149	114	1171

147	115	1177

150	115	1163

151	115	1173

141	116	1174

142	116	1162

143	116	1161

144	116	1165

146	116	1159

152	116	1175

140	117	1177

145	117	1160

152	117	1175

139	118	1184

152	118	1174

137	119	1225

138	119	1195

153	119	1173

154	119	1174

136	120	1239

155	120	1169

134	121	1193

135	121	1205

156	121	1185

133	122	1175

156	122	1184

132	123	1164

156	123	1183

130	124	1172

131	124	1159

156	124	1183

129	125	1147

156	125	1189

129	126	1177

156	126	1189

127	127	1187

128	127	1208

155	127	1183

126	128	1189

155	128	1185

126	129	1203

155	129	1187

126	130	1140

155	130	1186

126	131	1184

154	131	1181

124	132	1205

125	132	1220

154	132	1187

125	133	1202

154	133	1194

125	134	1177

154	134	1198

124	135	1135

154	135	1194

123	136	1172

153	136	1191

122	137	1207

153	137	1195

122	138	1187

153	138	1199

122	139	1199

153	139	1200

157	139	1207

158	139	1198

159	139	1200

160	139	1206

121	140	1215

153	140	1203

155	140	1207

156	140	1195

161	140	1208

121	141	1220

154	141	1197

161	141	1206

121	142	1189

160	142	1195

120	143	1212

160	143	1202

119	144	1258

159	144	1193

119	145	1235

159	145	1200

119	146	1237

159	146	1212

118	147	1164

120	147	1199

158	147	1201

120	148	1184

158	148	1211

119	149	1202

157	149	1197

118	150	1174

119	150	1211

157	150	1204

118	151	1190

120	151	1178

157	151	1202

120	152	1170

156	152	1201

119	153	1175

156	153	1206

119	154	1192

155	154	1198

119	155	1191

155	155	1207

118	156	1191

120	156	1171

155	156	1214

119	157	1227

154	157	1209

119	158	1250

154	158	1221

119	159	1247

153	159	1216

120	160	1245

152	160	1216

120	161	1252

151	161	1216

121	162	1177

150	162	1219

120	163	1218

149	163	1224

120	164	1266

147	164	1208

148	164	1224

120	165	1169

145	165	1202

146	165	1212

120	166	1215

144	166	1211

121	167	1192

143	167	1233

121	168	1189

142	168	1248

120	169	1257

142	169	1262

119	170	1210

141	170	1255

119	171	1185

141	171	1263

119	172	1239

141	172	1269

120	173	1232

141	173	1269

143	173	1270

120	174	1229

121	174	1200

122	174	1199

123	174	1195

124	174	1194

125	174	1192

126	174	1192

127	174	1190

128	174	1190

129	174	1192

130	174	1193

131	174	1194

132	174	1198

133	174	1201

134	174	1204

135	174	1207

136	174	1213

137	174	1219

138	174	1226

139	174	1237

140	174	1251

141	174	1273

