167	125	1312

168	125	1315

169	125	1308

166	126	1308

170	126	1316

163	127	1310

164	127	1309

165	127	1311

171	127	1324

173	127	1305

161	128	1326

162	128	1319

172	128	1314

173	128	1324

160	129	1338

173	129	1320

159	130	1352

173	130	1320

160	131	1347

174	131	1330

158	132	1324

159	132	1323

175	132	1333

157	133	1304

174	133	1324

156	134	1307

174	134	1323

155	135	1318

174	135	1323

155	136	1299

174	136	1320

155	137	1296

174	137	1321

154	138	1308

174	138	1320

152	139	1301

153	139	1358

174	139	1321

153	140	1335

174	140	1319

152	141	1313

174	141	1319

152	142	1332

174	142	1320

153	143	1298

174	143	1318

152	144	1301

174	144	1316

152	145	1305

174	145	1316

151	146	1325

174	146	1319

151	147	1322

174	147	1323

177	147	1327

178	147	1324

179	147	1324

150	148	1370

174	148	1324

176	148	1323

180	148	1330

149	149	1293

151	149	1299

175	149	1316

180	149	1329

149	150	1308

150	150	1306

180	150	1327

149	151	1308

179	151	1317

149	152	1306

179	152	1322

149	153	1298

179	153	1325

149	154	1292

179	154	1328

148	155	1328

178	155	1316

149	156	1290

178	156	1323

148	157	1301

178	157	1325

148	158	1300

178	158	1330

148	159	1322

177	159	1316

149	160	1291

177	160	1317

148	161	1312

177	161	1320

149	162	1292

177	162	1322

148	163	1294

177	163	1324

149	164	1287

177	164	1327

149	165	1293

176	165	1318

149	166	1295

176	166	1329

149	167	1309

174	167	1317

175	167	1325

149	168	1318

173	168	1320

149	169	1325

172	169	1325

149	170	1312

171	170	1324

149	171	1323

170	171	1318

150	172	1306

168	172	1307

169	172	1316

149	173	1319

167	173	1316

148	174	1366

166	174	1325

148	175	1328

165	175	1329

148	176	1382

164	176	1328

149	177	1382

164	177	1341

149	178	1358

164	178	1350

149	179	1333

164	179	1366

149	180	1327

164	180	1378

149	181	1331

164	181	1390

149	182	1334

164	182	1392

149	183	1335

164	183	1395

149	184	1334

164	184	1396

149	185	1336

164	185	1402

149	186	1342

163	186	1394

148	187	1368

163	187	1404

149	188	1354

162	188	1385

148	189	1366

162	189	1389

148	190	1370

162	190	1395

148	191	1374

162	191	1401

148	192	1376

161	192	1395

148	193	1380

161	193	1399

148	194	1382

160	194	1394

148	195	1390

160	195	1401

148	196	1397

149	196	1390

150	196	1386

151	196	1382

152	196	1380

153	196	1377

154	196	1377

155	196	1379

156	196	1382

157	196	1388

158	196	1390

159	196	1397

160	196	1404

