146	110	1145

147	110	1135

148	110	1134

149	110	1139

140	111	1144

141	111	1139

142	111	1138

143	111	1143

145	111	1145

150	111	1139

138	112	1157

139	112	1135

144	112	1135

151	112	1149

137	113	1173

151	113	1145

134	114	1198

135	114	1224

136	114	1207

152	114	1146

153	114	1152

134	115	1202

154	115	1152

133	116	1147

154	116	1143

131	117	1139

132	117	1132

155	117	1152

130	118	1134

155	118	1151

128	119	1154

129	119	1137

155	119	1150

126	120	1155

127	120	1152

154	120	1146

125	121	1179

154	121	1151

125	122	1156

154	122	1158

124	123	1122

154	123	1162

125	124	1140

154	124	1166

124	125	1125

154	125	1159

124	126	1175

153	126	1161

123	127	1237

153	127	1165

124	128	1164

153	128	1170

121	129	1191

123	129	1170

153	129	1162

121	130	1143

122	130	1154

152	130	1165

121	131	1131

152	131	1169

122	132	1166

152	132	1170

121	133	1183

151	133	1164

119	134	1132

120	134	1156

151	134	1169

120	135	1169

151	135	1176

155	135	1184

156	135	1171

157	135	1168

158	135	1170

159	135	1182

119	136	1161

151	136	1179

154	136	1175

159	136	1173

118	137	1204

151	137	1182

153	137	1173

159	137	1171

117	138	1235

118	138	1210

152	138	1175

159	138	1175

119	139	1151

158	139	1167

117	140	1192

118	140	1203

158	140	1172

116	141	1107

158	141	1183

116	142	1158

157	142	1174

116	143	1170

157	143	1181

117	144	1201

157	144	1189

116	145	1188

156	145	1175

116	146	1228

156	146	1184

116	147	1171

155	147	1173

115	148	1166

116	148	1185

155	148	1179

117	149	1162

155	149	1186

116	150	1165

154	150	1179

116	151	1182

154	151	1188

116	152	1230

153	152	1179

116	153	1168

153	153	1190

116	154	1175

152	154	1185

116	155	1177

151	155	1183

117	156	1180

150	156	1187

118	157	1170

149	157	1189

119	158	1154

148	158	1188

118	159	1178

147	159	1191

116	160	1149

117	160	1140

146	160	1195

118	161	1177

144	161	1181

145	161	1198

119	162	1158

142	162	1182

143	162	1189

118	163	1179

141	163	1202

118	164	1170

140	164	1228

117	165	1206

140	165	1236

117	166	1195

139	166	1241

140	166	1246

118	167	1174

138	167	1233

118	168	1171

138	168	1242

117	169	1187

118	169	1172

119	169	1166

120	169	1165

121	169	1164

122	169	1164

123	169	1163

124	169	1163

125	169	1165

126	169	1168

127	169	1168

128	169	1167

129	169	1166

130	169	1169

131	169	1172

132	169	1175

133	169	1178

134	169	1183

135	169	1189

136	169	1204

137	169	1221

138	169	1246

