140	128	1255

141	128	1253

143	128	1264

144	128	1263

145	128	1262

146	128	1262

147	128	1265

138	129	1254

139	129	1253

142	129	1261

147	129	1266

136	130	1274

137	130	1258

148	130	1270

134	131	1261

135	131	1282

149	131	1275

134	132	1241

150	132	1270

133	133	1286

151	133	1278

130	134	1256

131	134	1253

132	134	1256

151	134	1281

129	135	1252

151	135	1283

128	136	1258

151	136	1282

127	137	1262

151	137	1284

126	138	1280

150	138	1281

125	139	1290

150	139	1286

126	140	1254

150	140	1288

124	141	1285

125	141	1259

150	141	1293

123	142	1245

149	142	1286

124	143	1245

149	143	1289

123	144	1267

149	144	1294

122	145	1266

148	145	1291

121	146	1279

148	146	1291

121	147	1299

148	147	1293

121	148	1252

147	148	1291

121	149	1263

147	149	1294

118	150	1252

119	150	1309

121	150	1259

148	150	1305

151	150	1291

152	150	1291

153	150	1292

154	150	1294

119	151	1291

120	151	1263

147	151	1301

149	151	1298

150	151	1292

154	151	1296

119	152	1270

148	152	1307

154	152	1295

119	153	1256

154	153	1297

118	154	1298

154	154	1298

118	155	1266

153	155	1297

117	156	1330

153	156	1303

117	157	1327

152	157	1303

117	158	1281

152	158	1306

117	159	1255

151	159	1301

117	160	1274

151	160	1305

116	161	1296

150	161	1301

116	162	1316

150	162	1304

116	163	1309

150	163	1306

116	164	1281

149	164	1303

117	165	1276

149	165	1308

116	166	1285

148	166	1308

117	167	1301

147	167	1305

117	168	1295

146	168	1308

118	169	1272

145	169	1307

117	170	1295

144	170	1305

116	171	1280

143	171	1306

117	172	1306

142	172	1310

117	173	1284

139	173	1301

140	173	1305

141	173	1315

116	174	1278

137	174	1304

138	174	1307

117	175	1291

136	175	1325

117	176	1293

136	176	1350

117	177	1293

135	177	1352

116	178	1271

135	178	1368

116	179	1296

134	179	1357

116	180	1297

134	180	1369

115	181	1312

133	181	1352

115	182	1297

133	182	1360

115	183	1301

133	183	1369

115	184	1307

132	184	1360

115	185	1319

132	185	1366

114	186	1326

131	186	1363

114	187	1326

131	187	1370

114	188	1330

130	188	1364

113	189	1352

130	189	1368

113	190	1338

130	190	1369

113	191	1352

129	191	1367

113	192	1354

128	192	1362

113	193	1367

114	193	1354

115	193	1349

116	193	1345

117	193	1343

118	193	1342

119	193	1339

120	193	1337

121	193	1336

122	193	1337

123	193	1339

124	193	1343

125	193	1346

126	193	1351

127	193	1358

128	193	1366

