196	148	1737

197	148	1741

194	149	1763

195	149	1752

198	149	1746

193	150	1758

199	150	1747

193	151	1753

200	151	1748

201	151	1745

192	152	1774

202	152	1745

192	153	1765

202	153	1747

192	154	1760

202	154	1747

191	155	1764

202	155	1747

190	156	1750

203	156	1751

189	157	1748

203	157	1747

188	158	1759

203	158	1748

188	159	1755

203	159	1749

187	160	1737

203	160	1750

188	161	1751

203	161	1748

188	162	1751

204	162	1756

188	163	1746

204	163	1752

206	163	1741

207	163	1737

208	163	1740

188	164	1742

205	164	1748

208	164	1740

188	165	1737

207	165	1735

187	166	1749

207	166	1737

187	167	1725

207	167	1741

187	168	1753

207	168	1741

187	169	1744

207	169	1741

186	170	1754

207	170	1738

186	171	1737

207	171	1738

186	172	1726

207	172	1737

186	173	1740

207	173	1738

187	174	1731

208	174	1750

186	175	1714

208	175	1760

186	176	1736

208	176	1785

186	177	1750

207	177	1759

187	178	1737

207	178	1776

187	179	1743

207	179	1793

187	180	1762

206	180	1769

187	181	1780

206	181	1794

188	182	1738

205	182	1768

188	183	1739

205	183	1786

188	184	1740

205	184	1808

189	185	1749

203	185	1793

204	185	1799

190	186	1750

202	186	1792

190	187	1760

202	187	1801

189	188	1777

202	188	1811

190	189	1760

202	189	1831

190	190	1762

201	190	1814

190	191	1765

201	191	1829

190	192	1769

201	192	1838

190	193	1779

201	193	1840

190	194	1777

200	194	1811

190	195	1776

200	195	1818

190	196	1781

200	196	1826

190	197	1796

200	197	1831

190	198	1800

200	198	1832

190	199	1803

200	199	1835

191	200	1784

200	200	1835

190	201	1810

200	201	1835

190	202	1820

200	202	1831

190	203	1828

200	203	1831

190	204	1833

200	204	1830

190	205	1831

191	205	1806

192	205	1796

193	205	1793

194	205	1794

195	205	1797

196	205	1798

197	205	1804

198	205	1809

199	205	1819

200	205	1830

