197	137	1472

198	137	1491

196	138	1481

199	138	1493

200	138	1492

194	139	1513

195	139	1498

201	139	1489

193	140	1500

202	140	1500

203	140	1501

204	140	1511

193	141	1502

205	141	1511

193	142	1495

205	142	1504

192	143	1521

205	143	1505

192	144	1515

205	144	1503

191	145	1550

205	145	1503

190	146	1500

206	146	1516

189	147	1491

206	147	1512

188	148	1475

206	148	1508

188	149	1495

206	149	1508

188	150	1496

206	150	1506

188	151	1496

207	151	1514

187	152	1519

207	152	1518

187	153	1524

207	153	1521

187	154	1489

207	154	1519

187	155	1493

207	155	1519

188	156	1494

207	156	1516

211	156	1510

212	156	1516

188	157	1492

207	157	1517

209	157	1508

210	157	1502

213	157	1522

188	158	1490

208	158	1515

213	158	1527

188	159	1489

213	159	1547

187	160	1502

212	160	1523

186	161	1524

212	161	1541

186	162	1522

211	162	1515

186	163	1526

211	163	1518

186	164	1513

211	164	1521

186	165	1506

211	165	1522

186	166	1501

211	166	1519

185	167	1519

211	167	1516

185	168	1543

211	168	1522

185	169	1535

211	169	1523

185	170	1560

211	170	1522

186	171	1499

211	171	1523

186	172	1500

211	172	1531

185	173	1494

211	173	1550

186	174	1488

210	174	1523

186	175	1491

210	175	1549

186	176	1498

209	176	1525

186	177	1508

209	177	1549

187	178	1519

208	178	1527

188	179	1501

208	179	1547

189	180	1493

207	180	1530

189	181	1502

206	181	1537

189	182	1512

204	182	1535

205	182	1556

189	183	1520

203	183	1548

190	184	1513

203	184	1573

189	185	1522

203	185	1592

189	186	1536

202	186	1572

190	187	1521

202	187	1593

190	188	1527

201	188	1578

190	189	1527

201	189	1590

189	190	1538

201	190	1601

189	191	1537

200	191	1586

189	192	1543

200	192	1596

189	193	1552

199	193	1590

189	194	1555

199	194	1597

189	195	1558

198	195	1587

189	196	1561

198	196	1596

189	197	1565

197	197	1590

189	198	1571

197	198	1597

189	199	1578

197	199	1603

189	200	1587

196	200	1601

189	201	1596

195	201	1600

189	202	1600

195	202	1604

189	203	1602

190	203	1598

191	203	1598

192	203	1599

193	203	1601

194	203	1604

