198	135	1344

199	135	1332

197	136	1336

200	136	1349

194	137	1367

196	137	1351

201	137	1355

192	138	1373

193	138	1368

195	138	1359

201	138	1341

193	139	1363

202	139	1349

203	139	1356

204	139	1353

192	140	1406

205	140	1342

206	140	1356

192	141	1356

207	141	1354

192	142	1371

208	142	1379

191	143	1376

207	143	1350

191	144	1351

207	144	1352

190	145	1387

207	145	1351

189	146	1355

207	146	1349

189	147	1336

208	147	1370

188	148	1338

208	148	1364

187	149	1345

208	149	1357

187	150	1349

208	150	1354

187	151	1350

208	151	1351

187	152	1343

209	152	1373

187	153	1347

209	153	1373

187	154	1351

209	154	1373

187	155	1357

209	155	1371

187	156	1360

209	156	1371

187	157	1363

209	157	1365

213	157	1375

214	157	1362

215	157	1365

216	157	1383

186	158	1382

209	158	1362

212	158	1364

216	158	1365

186	159	1398

210	159	1362

211	159	1365

216	159	1371

186	160	1377

215	160	1356

187	161	1355

215	161	1368

186	162	1416

215	162	1396

185	163	1396

214	163	1355

186	164	1375

214	164	1358

187	165	1353

214	165	1362

185	166	1423

186	166	1363

214	166	1367

185	167	1414

214	167	1371

185	168	1402

214	168	1374

185	169	1392

214	169	1373

185	170	1394

214	170	1371

186	171	1351

214	171	1369

185	172	1373

214	172	1370

185	173	1386

214	173	1369

185	174	1363

214	174	1370

185	175	1328

214	175	1371

186	176	1369

214	176	1386

185	177	1411

213	177	1368

186	178	1428

213	178	1385

186	179	1411

212	179	1368

187	180	1379

212	180	1385

187	181	1395

211	181	1372

187	182	1447

211	182	1387

188	183	1413

211	183	1411

189	184	1389

210	184	1396

189	185	1430

208	185	1378

209	185	1398

189	186	1449

206	186	1385

207	186	1397

190	187	1407

205	187	1405

191	188	1390

205	188	1436

191	189	1398

204	189	1425

191	190	1408

204	190	1440

191	191	1403

203	191	1429

191	192	1388

203	192	1444

191	193	1394

202	193	1439

192	194	1408

201	194	1440

192	195	1417

201	195	1446

192	196	1422

200	196	1438

192	197	1432

199	197	1440

200	197	1447

193	198	1426

198	198	1446

192	199	1427

194	199	1440

195	199	1442

196	199	1446

197	199	1448

193	200	1447

