142	87	1017

143	87	1013

140	88	1025

141	88	1010

144	88	1011

145	88	1022

134	89	1021

135	89	1011

136	89	1009

137	89	1012

140	89	1012

146	89	1026

133	90	1013

138	90	1008

139	90	1012

146	90	1020

131	91	1047

132	91	1014

146	91	1021

127	92	1029

128	92	1043

129	92	1066

130	92	1056

146	92	1020

127	93	1057

147	93	1020

148	93	1020

149	93	1028

126	94	1050

150	94	1028

124	95	1036

125	95	1022

150	95	1022

123	96	1019

151	96	1039

122	97	1019

151	97	1042

121	98	1029

151	98	1046

120	99	1035

150	99	1023

117	100	1072

119	100	1060

150	100	1025

116	101	1016

117	101	992

118	101	1082

150	101	1030

118	102	997

150	102	1036

118	103	1011

150	103	1044

115	104	1053

117	104	1041

150	104	1054

116	105	1075

149	105	1031

116	106	1094

149	106	1034

116	107	1076

149	107	1040

114	108	1065

115	108	1071

149	108	1049

113	109	1050

114	109	1085

116	109	1023

149	109	1063

113	110	1039

115	110	1048

148	110	1039

112	111	1063

148	111	1047

111	112	1046

148	112	1053

111	113	1024

147	113	1035

112	114	1012

147	114	1039

111	115	1056

147	115	1046

110	116	1105

147	116	1054

152	116	1048

153	116	1045

154	116	1047

110	117	1008

147	117	1061

150	117	1050

151	117	1040

155	117	1041

156	117	1055

110	118	1019

146	118	1046

149	118	1050

156	118	1053

109	119	1086

146	119	1050

148	119	1053

156	119	1064

109	120	1085

147	120	1052

155	120	1046

107	121	1076

108	121	1099

155	121	1058

107	122	1064

154	122	1043

107	123	1046

109	123	1049

154	123	1052

107	124	1111

108	124	1060

110	124	1017

154	124	1063

107	125	1065

108	125	1093

109	125	1060

154	125	1074

107	126	1069

109	126	1063

153	126	1059

106	127	1038

108	127	1067

153	127	1075

107	128	1064

152	128	1057

107	129	1062

152	129	1068

107	130	1050

152	130	1080

106	131	1056

151	131	1055

106	132	1067

151	132	1071

107	133	1056

150	133	1052

108	134	1055

150	134	1062

106	135	995

107	135	1017

150	135	1080

107	136	1054

149	136	1062

108	137	1083

149	137	1080

108	138	1106

148	138	1069

107	139	1105

108	139	1104

147	139	1069

107	140	1090

109	140	1065

146	140	1072

106	141	1069

108	141	1057

110	141	1049

145	141	1074

106	142	1060

107	142	1064

109	142	1073

144	142	1074

107	143	1103

143	143	1076

106	144	1099

107	144	1098

109	144	1067

142	144	1079

108	145	1096

110	145	1042

141	145	1081

108	146	1086

109	146	1067

139	146	1067

140	146	1085

109	147	1052

137	147	1069

138	147	1085

109	148	1054

136	148	1090

109	149	1093

135	149	1110

109	150	1094

134	150	1097

107	151	1111

108	151	1099

134	151	1112

107	152	1053

133	152	1097

108	153	1038

133	153	1106

107	154	1094

133	154	1113

108	155	1085

132	155	1101

107	156	1053

132	156	1103

107	157	1075

132	157	1102

107	158	1116

133	158	1117

108	159	1063

132	159	1103

108	160	1070

132	160	1107

106	161	1043

108	161	1104

132	161	1110

106	162	1047

107	162	1096

132	162	1113

107	163	1069

132	163	1116

107	164	1047

131	164	1109

104	165	1027

106	165	1078

131	165	1113

105	166	1110

107	166	1094

131	166	1116

107	167	1099

130	167	1109

105	168	1101

106	168	1102

130	168	1115

107	169	1082

129	169	1111

107	170	1092

129	170	1112

107	171	1076

129	171	1113

107	172	1065

129	172	1115

107	173	1095

128	173	1114

106	174	1076

128	174	1117

107	175	1088

108	175	1100

109	175	1101

110	175	1101

111	175	1097

112	175	1094

113	175	1090

114	175	1089

115	175	1087

116	175	1087

117	175	1085

118	175	1086

119	175	1088

120	175	1089

121	175	1090

122	175	1094

123	175	1097

124	175	1101

125	175	1105

126	175	1109

127	175	1113

