199	137	1447

198	138	1462

200	138	1459

201	138	1467

196	139	1459

197	139	1463

202	139	1472

195	140	1438

203	140	1474

204	140	1481

205	140	1483

194	141	1484

206	141	1475

194	142	1478

207	142	1480

208	142	1503

193	143	1488

207	143	1482

193	144	1489

207	144	1482

192	145	1481

207	145	1481

191	146	1474

207	146	1477

191	147	1461

208	147	1496

191	148	1460

208	148	1488

190	149	1459

208	149	1482

190	150	1464

208	150	1476

189	151	1480

208	151	1476

188	152	1529

209	152	1492

189	153	1478

209	153	1498

188	154	1450

209	154	1500

189	155	1469

209	155	1498

189	156	1473

209	156	1497

213	156	1498

214	156	1498

215	156	1501

188	157	1486

209	157	1491

212	157	1483

215	157	1492

188	158	1485

210	158	1485

211	158	1478

216	158	1524

188	159	1502

215	159	1501

188	160	1488

214	160	1488

188	161	1487

214	161	1500

188	162	1491

214	162	1514

187	163	1458

214	163	1531

187	164	1486

213	164	1490

187	165	1511

213	165	1492

187	166	1514

213	166	1495

187	167	1501

213	167	1494

187	168	1487

213	168	1492

187	169	1494

213	169	1486

187	170	1493

214	170	1526

187	171	1505

214	171	1521

188	172	1463

214	172	1531

187	173	1494

213	173	1498

187	174	1515

213	174	1515

187	175	1555

212	175	1494

188	176	1485

212	176	1513

189	177	1465

211	177	1490

189	178	1477

211	178	1505

189	179	1496

210	179	1492

189	180	1541

210	180	1508

190	181	1505

209	181	1499

190	182	1476

208	182	1509

190	183	1529

207	183	1527

190	184	1533

206	184	1538

190	185	1526

191	185	1501

205	185	1536

192	186	1483

205	186	1551

192	187	1481

205	187	1569

192	188	1491

204	188	1549

192	189	1497

204	189	1563

192	190	1507

203	190	1547

192	191	1505

203	191	1556

192	192	1508

203	192	1569

192	193	1518

202	193	1555

192	194	1524

202	194	1566

192	195	1524

201	195	1563

192	196	1526

201	196	1572

192	197	1533

200	197	1561

192	198	1542

200	198	1568

192	199	1549

200	199	1574

192	200	1556

199	200	1570

191	201	1571

199	201	1574

192	202	1573

198	202	1571

192	203	1575

197	203	1574

193	204	1571

195	204	1570

196	204	1575

194	205	1576

