189	136	1362

190	136	1358

191	136	1363

192	136	1353

189	137	1353

193	137	1364

189	138	1348

194	138	1371

189	139	1347

195	139	1367

196	139	1380

197	139	1392

185	140	1363

186	140	1354

187	140	1350

188	140	1349

198	140	1363

184	141	1403

198	141	1377

184	142	1403

198	142	1368

184	143	1387

198	143	1362

183	144	1433

199	144	1378

183	145	1416

199	145	1377

182	146	1377

199	146	1373

181	147	1363

199	147	1367

181	148	1355

200	148	1385

180	149	1359

200	149	1379

179	150	1348

200	150	1372

179	151	1332

200	151	1369

179	152	1379

200	152	1367

179	153	1378

201	153	1392

180	154	1364

201	154	1389

179	155	1358

201	155	1387

179	156	1365

201	156	1381

179	157	1348

201	157	1377

205	157	1396

206	157	1383

207	157	1386

179	158	1337

201	158	1376

204	158	1384

208	158	1388

179	159	1357

202	159	1373

203	159	1379

208	159	1395

180	160	1360

207	160	1369

180	161	1361

207	161	1377

180	162	1363

207	162	1386

179	163	1389

207	163	1394

178	164	1422

207	164	1395

177	165	1413

178	165	1418

207	165	1391

179	166	1369

207	166	1395

178	167	1399

207	167	1398

177	168	1424

207	168	1401

178	169	1393

207	169	1396

178	170	1381

207	170	1388

177	171	1441

207	171	1384

178	172	1401

207	172	1384

177	173	1410

207	173	1388

178	174	1420

207	174	1394

178	175	1432

207	175	1408

178	176	1425

207	176	1428

178	177	1420

206	177	1393

179	178	1361

206	178	1408

178	179	1430

179	179	1392

205	179	1396

180	180	1386

205	180	1414

180	181	1448

205	181	1431

181	182	1392

204	182	1408

181	183	1398

203	183	1395

180	184	1345

203	184	1414

181	185	1383

182	185	1378

202	185	1406

183	186	1393

200	186	1409

201	186	1421

183	187	1439

199	187	1436

183	188	1459

198	188	1441

183	189	1452

198	189	1455

184	190	1411

198	190	1465

185	191	1410

197	191	1454

185	192	1420

197	192	1461

185	193	1421

196	193	1451

185	194	1433

196	194	1460

186	195	1430

195	195	1455

187	196	1431

195	196	1462

187	197	1436

194	197	1458

187	198	1445

193	198	1460

187	199	1453

192	199	1463

187	200	1455

190	200	1462

191	200	1466

187	201	1459

189	201	1465

188	202	1466

