149	136	1397

150	136	1398

151	136	1399

145	137	1396

146	137	1399

147	137	1402

148	137	1402

152	137	1402

144	138	1396

153	138	1403

143	139	1399

154	139	1407

155	139	1406

142	140	1397

155	140	1407

140	141	1404

141	141	1401

155	141	1408

139	142	1392

155	142	1412

138	143	1393

155	143	1415

136	144	1398

137	144	1393

155	144	1416

135	145	1403

155	145	1415

135	146	1399

155	146	1415

134	147	1411

155	147	1418

134	148	1403

155	148	1421

134	149	1397

154	149	1420

133	150	1404

154	150	1421

132	151	1405

154	151	1423

132	152	1414

154	152	1424

132	153	1408

154	153	1427

132	154	1403

154	154	1429

131	155	1398

154	155	1434

130	156	1416

155	156	1429

156	156	1424

157	156	1423

158	156	1425

159	156	1426

160	156	1429

130	157	1407

160	157	1429

130	158	1412

160	158	1428

129	159	1427

160	159	1433

130	160	1399

159	160	1434

129	161	1413

159	161	1437

129	162	1407

159	162	1438

129	163	1402

158	163	1433

129	164	1403

158	164	1434

129	165	1406

158	165	1438

128	166	1444

157	166	1432

129	167	1409

157	167	1433

129	168	1408

157	168	1435

129	169	1407

156	169	1433

128	170	1385

156	170	1437

128	171	1394

155	171	1437

129	172	1412

154	172	1438

130	173	1403

153	173	1435

129	174	1415

152	174	1431

129	175	1436

152	175	1441

130	176	1425

150	176	1433

151	176	1444

130	177	1426

149	177	1440

130	178	1424

148	178	1455

130	179	1429

147	179	1473

130	180	1429

146	180	1476

130	181	1428

146	181	1490

130	182	1432

146	182	1503

130	183	1434

145	183	1490

130	184	1436

145	184	1497

129	185	1457

145	185	1499

129	186	1452

145	186	1506

129	187	1449

145	187	1511

129	188	1456

145	188	1511

129	189	1462

144	189	1500

129	190	1464

144	190	1503

129	191	1468

144	191	1510

129	192	1472

143	192	1503

129	193	1475

143	193	1510

129	194	1479

142	194	1503

129	195	1490

142	195	1506

129	196	1492

142	196	1508

129	197	1491

141	197	1504

129	198	1499

130	198	1489

131	198	1486

132	198	1485

133	198	1482

134	198	1482

135	198	1483

136	198	1485

137	198	1487

138	198	1488

139	198	1492

140	198	1497

141	198	1506

