156	157	1996

157	157	1977

158	157	1979

159	157	1995

155	158	1988

160	158	1988

154	159	1983

161	159	1992

153	160	2008

161	160	1982

152	161	2006

161	161	1975

150	162	2007

151	162	1986

161	162	1968

150	163	1975

161	163	1968

149	164	2001

161	164	1968

149	165	1976

162	165	1987

149	166	1964

162	166	1992

148	167	1994

162	167	1999

148	168	1974

161	168	1971

148	169	1961

161	169	1973

147	170	1978

161	170	1977

147	171	1970

162	171	1997

163	171	1994

164	171	1990

147	172	1969

165	172	2004

146	173	1987

164	173	1976

146	174	1965

164	174	1976

146	175	1956

164	175	1977

146	176	1951

164	176	1986

145	177	1986

163	177	1967

145	178	1976

163	178	1969

145	179	1975

163	179	1969

145	180	1980

163	180	1970

145	181	1987

163	181	1975

145	182	1987

162	182	1967

146	183	1948

161	183	1966

162	183	1988

146	184	1952

160	184	1966

146	185	1961

159	185	1980

146	186	1976

157	186	1959

158	186	1987

146	187	1987

156	187	1967

146	188	1986

155	188	1962

145	189	2025

155	189	1983

145	190	2009

154	190	1967

145	191	1995

154	191	1980

145	192	1986

154	192	1991

145	193	1982

154	193	2010

144	194	2019

154	194	2018

144	195	2012

154	195	2018

144	196	2008

154	196	2020

144	197	2006

154	197	2030

144	198	2003

153	198	2002

143	199	2044

153	199	2015

143	200	2028

153	200	2017

143	201	2026

153	201	2017

143	202	2021

144	202	1992

145	202	1978

146	202	1970

147	202	1965

148	202	1962

149	202	1967

150	202	1974

151	202	1982

152	202	1996

153	202	2027

