173	133	1475

174	133	1480

172	134	1471

175	134	1481

169	135	1472

170	135	1474

171	135	1475

176	135	1475

168	136	1478

177	136	1481

168	137	1480

178	137	1480

167	138	1501

178	138	1478

166	139	1478

178	139	1480

165	140	1461

178	140	1481

163	141	1454

164	141	1458

178	141	1483

162	142	1470

178	142	1480

162	143	1479

178	143	1480

162	144	1467

178	144	1479

162	145	1462

178	145	1480

161	146	1491

178	146	1481

160	147	1502

178	147	1481

161	148	1463

178	148	1479

160	149	1482

178	149	1480

160	150	1469

178	150	1478

160	151	1460

178	151	1478

159	152	1479

178	152	1475

159	153	1460

179	153	1479

182	153	1478

183	153	1483

159	154	1454

180	154	1481

181	154	1477

183	154	1482

158	155	1459

183	155	1480

158	156	1451

183	156	1478

157	157	1451

183	157	1479

158	158	1442

182	158	1477

157	159	1448

182	159	1479

157	160	1465

182	160	1478

157	161	1452

182	161	1481

157	162	1449

182	162	1484

157	163	1447

181	163	1479

157	164	1449

181	164	1479

157	165	1458

181	165	1478

158	166	1451

181	166	1479

157	167	1479

181	167	1480

157	168	1473

181	168	1483

157	169	1472

180	169	1480

157	170	1496

178	170	1470

179	170	1481

157	171	1482

177	171	1470

158	172	1453

176	172	1471

157	173	1485

175	173	1475

157	174	1484

173	174	1466

174	174	1472

157	175	1486

172	175	1479

157	176	1496

171	176	1486

157	177	1481

171	177	1496

156	178	1511

170	178	1494

156	179	1475

170	179	1500

156	180	1467

169	180	1498

156	181	1494

169	181	1512

156	182	1487

169	182	1524

156	183	1488

169	183	1531

156	184	1491

169	184	1537

155	185	1503

168	185	1530

155	186	1504

168	186	1543

155	187	1509

168	187	1559

155	188	1509

168	188	1565

155	189	1513

167	189	1552

154	190	1516

167	190	1559

154	191	1527

167	191	1568

154	192	1531

166	192	1550

154	193	1533

166	193	1557

153	194	1548

166	194	1564

153	195	1550

165	195	1555

153	196	1558

154	196	1541

155	196	1535

156	196	1533

157	196	1531

158	196	1532

159	196	1534

160	196	1536

161	196	1537

162	196	1541

163	196	1546

164	196	1552

165	196	1560

