130	122	1222

131	122	1225

128	123	1218

129	123	1217

132	123	1221

123	124	1217

124	124	1213

125	124	1213

126	124	1214

127	124	1220

133	124	1227

121	125	1231

122	125	1218

133	125	1228

121	126	1223

134	126	1232

135	126	1232

120	127	1231

136	127	1227

118	128	1246

119	128	1247

137	128	1232

116	129	1215

117	129	1219

137	129	1234

114	130	1213

115	130	1210

137	130	1238

113	131	1220

137	131	1240

112	132	1225

136	132	1238

112	133	1214

137	133	1246

110	134	1264

112	134	1209

136	134	1242

110	135	1223

111	135	1213

136	135	1242

110	136	1219

136	136	1244

110	137	1214

135	137	1241

110	138	1208

135	138	1242

108	139	1221

109	139	1209

135	139	1247

107	140	1190

135	140	1250

107	141	1192

134	141	1248

107	142	1240

134	142	1247

106	143	1246

134	143	1249

105	144	1224

134	144	1250

106	145	1224

133	145	1250

105	146	1230

134	146	1263

138	146	1247

139	146	1246

140	146	1247

141	146	1251

105	147	1223

134	147	1267

136	147	1253

137	147	1247

141	147	1251

104	148	1216

135	148	1258

141	148	1250

104	149	1209

141	149	1253

104	150	1229

140	150	1250

104	151	1225

140	151	1255

104	152	1212

140	152	1263

103	153	1221

139	153	1260

104	154	1216

139	154	1263

103	155	1223

138	155	1258

103	156	1226

138	156	1260

103	157	1226

138	157	1262

103	158	1226

137	158	1257

103	159	1228

137	159	1261

103	160	1226

136	160	1256

103	161	1227

136	161	1257

103	162	1228

135	162	1257

103	163	1240

135	163	1263

103	164	1245

134	164	1268

104	165	1222

133	165	1270

103	166	1243

132	166	1269

103	167	1275

131	167	1270

104	168	1240

129	168	1262

130	168	1275

103	169	1273

128	169	1267

103	170	1245

126	170	1257

127	170	1265

102	171	1244

125	171	1267

103	172	1247

124	172	1293

102	173	1288

123	173	1305

103	174	1251

123	174	1322

103	175	1257

122	175	1321

103	176	1262

122	176	1333

102	177	1303

121	177	1312

103	178	1257

121	178	1315

101	179	1281

102	179	1266

121	179	1318

102	180	1268

121	180	1323

102	181	1264

121	181	1329

102	182	1264

121	182	1334

101	183	1266

120	183	1323

101	184	1268

102	184	1266

103	184	1266

104	184	1265

105	184	1264

106	184	1263

107	184	1263

108	184	1264

109	184	1265

110	184	1267

111	184	1268

112	184	1269

113	184	1273

114	184	1278

115	184	1286

116	184	1295

117	184	1302

118	184	1310

119	184	1318

120	184	1327

