190	136	1329

191	136	1352

192	136	1357

189	137	1364

193	137	1352

194	137	1374

190	138	1345

195	138	1378

189	139	1338

196	139	1359

197	139	1363

198	139	1343

187	140	1355

188	140	1352

199	140	1380

185	141	1368

186	141	1352

199	141	1371

185	142	1381

199	142	1367

185	143	1381

199	143	1360

183	144	1428

184	144	1430

200	144	1383

183	145	1427

200	145	1376

182	146	1392

200	146	1372

182	147	1359

200	147	1363

181	148	1358

200	148	1360

181	149	1348

201	149	1379

181	150	1348

201	150	1375

180	151	1364

201	151	1374

180	152	1385

201	152	1373

180	153	1373

201	153	1368

180	154	1364

202	154	1384

181	155	1351

202	155	1385

180	156	1367

202	156	1382

180	157	1369

202	157	1379

206	157	1397

207	157	1384

208	157	1392

180	158	1371

202	158	1380

205	158	1376

209	158	1400

181	159	1359

202	159	1376

204	159	1371

209	159	1408

181	160	1359

203	160	1371

208	160	1378

181	161	1361

208	161	1386

180	162	1382

207	162	1361

179	163	1449

207	163	1362

179	164	1431

207	164	1365

179	165	1419

208	165	1400

179	166	1405

208	166	1401

179	167	1391

208	167	1402

178	168	1377

208	168	1405

178	169	1415

208	169	1403

178	170	1434

208	170	1401

179	171	1372

208	171	1398

179	172	1372

208	172	1408

180	173	1364

208	173	1409

179	174	1394

208	174	1410

179	175	1396

208	175	1430

180	176	1369

207	176	1391

179	177	1406

207	177	1407

179	178	1411

206	178	1388

179	179	1434

206	179	1403

180	180	1415

205	180	1385

180	181	1451

205	181	1400

181	182	1396

205	182	1424

181	183	1413

204	183	1404

182	184	1388

203	184	1393

183	185	1387

203	185	1416

183	186	1427

201	186	1410

202	186	1429

183	187	1418

200	187	1447

183	188	1397

199	188	1450

184	189	1426

198	189	1435

184	190	1398

198	190	1444

185	191	1414

198	191	1454

186	192	1410

197	192	1443

186	193	1415

197	193	1455

185	194	1405

186	194	1410

196	194	1450

187	195	1419

196	195	1459

187	196	1426

195	196	1449

187	197	1429

195	197	1461

188	198	1438

194	198	1461

188	199	1446

192	199	1454

193	199	1461

188	200	1454

190	200	1457

191	200	1459

188	201	1459

189	201	1461

