142	123	1210

143	123	1208

141	124	1212

144	124	1205

145	124	1214

135	125	1174

136	125	1201

137	125	1200

138	125	1204

139	125	1210

141	125	1204

146	125	1208

135	126	1200

140	126	1203

146	126	1214

132	127	1258

133	127	1232

134	127	1208

146	127	1213

131	128	1237

147	128	1212

148	128	1216

130	129	1227

149	129	1220

129	130	1219

149	130	1218

128	131	1202

149	131	1220

126	132	1202

127	132	1197

149	132	1219

125	133	1213

149	133	1221

124	134	1212

149	134	1224

124	135	1198

149	135	1231

123	136	1211

149	136	1234

122	137	1227

149	137	1233

121	138	1244

148	138	1227

121	139	1237

148	139	1232

121	140	1223

148	140	1234

120	141	1259

148	141	1236

119	142	1289

147	142	1232

119	143	1247

147	143	1237

119	144	1241

147	144	1236

119	145	1228

147	145	1239

119	146	1205

146	146	1236

118	147	1208

146	147	1241

151	147	1243

152	147	1242

153	147	1242

116	148	1224

118	148	1199

146	148	1247

148	148	1248

149	148	1240

150	148	1236

154	148	1241

116	149	1242

117	149	1200

147	149	1252

154	149	1244

116	150	1217

154	150	1254

116	151	1218

153	151	1247

115	152	1195

153	152	1254

115	153	1214

152	153	1248

114	154	1216

151	154	1242

115	155	1204

151	155	1246

114	156	1230

151	156	1252

113	157	1270

150	157	1246

114	158	1234

150	158	1252

115	159	1211

149	159	1244

115	160	1214

149	160	1247

114	161	1210

148	161	1239

114	162	1234

148	162	1242

114	163	1232

148	163	1249

115	164	1211

147	164	1251

115	165	1219

146	165	1251

147	165	1260

114	166	1256

145	166	1247

115	167	1244

144	167	1246

115	168	1236

144	168	1254

115	169	1250

142	169	1244

143	169	1257

115	170	1251

141	170	1246

115	171	1244

140	171	1250

114	172	1312

138	172	1244

139	172	1253

114	173	1243

137	173	1254

115	174	1223

136	174	1281

115	175	1234

135	175	1288

114	176	1237

135	176	1308

115	177	1241

134	177	1307

115	178	1239

133	178	1292

114	179	1270

133	179	1300

114	180	1269

133	180	1301

114	181	1259

133	181	1305

114	182	1256

133	182	1310

114	183	1256

133	183	1318

114	184	1258

115	184	1254

116	184	1251

117	184	1250

118	184	1251

119	184	1250

120	184	1251

121	184	1249

122	184	1248

123	184	1249

124	184	1252

125	184	1257

126	184	1261

127	184	1265

128	184	1271

129	184	1280

130	184	1289

131	184	1296

132	184	1306

