197	145	1715

198	145	1713

199	145	1713

196	146	1722

200	146	1715

194	147	1730

195	147	1722

201	147	1712

193	148	1719

202	148	1715

203	148	1713

204	148	1714

193	149	1745

204	149	1720

193	150	1738

204	150	1719

192	151	1736

204	151	1719

191	152	1723

204	152	1717

190	153	1722

205	153	1724

190	154	1717

205	154	1717

189	155	1724

205	155	1718

189	156	1718

205	156	1720

189	157	1717

205	157	1723

189	158	1726

205	158	1724

189	159	1725

206	159	1733

189	160	1718

207	160	1706

209	160	1717

210	160	1722

211	160	1726

189	161	1718

208	161	1718

211	161	1726

189	162	1712

210	162	1717

189	163	1708

210	163	1713

189	164	1708

210	164	1711

189	165	1712

210	165	1711

189	166	1713

210	166	1714

188	167	1725

210	167	1720

188	168	1714

209	168	1711

188	169	1711

210	169	1716

188	170	1704

210	170	1713

188	171	1709

211	171	1733

188	172	1715

211	172	1756

188	173	1724

210	173	1744

188	174	1721

209	174	1729

188	175	1709

209	175	1747

188	176	1713

208	176	1731

189	177	1714

208	177	1747

189	178	1719

208	178	1774

189	179	1691

207	179	1739

190	180	1715

207	180	1762

190	181	1738

206	181	1751

191	182	1717

205	182	1754

191	183	1724

204	183	1750

192	184	1724

204	184	1765

191	185	1741

204	185	1778

192	186	1730

203	186	1766

192	187	1733

203	187	1781

192	188	1738

203	188	1802

192	189	1740

202	189	1779

192	190	1744

202	190	1784

192	191	1745

202	191	1791

192	192	1746

202	192	1796

191	193	1745

202	193	1807

191	194	1760

202	194	1811

191	195	1772

201	195	1790

191	196	1780

201	196	1796

191	197	1777

201	197	1799

191	198	1781

201	198	1799

191	199	1784

201	199	1797

191	200	1786

201	200	1797

191	201	1788

201	201	1802

191	202	1787

192	202	1776

193	202	1770

194	202	1769

195	202	1767

196	202	1767

197	202	1770

198	202	1776

199	202	1782

200	202	1791

201	202	1804

