189	136	1335

190	136	1364

191	136	1375

192	136	1381

189	137	1364

193	137	1375

189	138	1360

194	138	1356

189	139	1359

193	139	1363

195	139	1366

196	139	1374

197	139	1353

186	140	1359

187	140	1366

188	140	1364

194	140	1356

197	140	1370

185	141	1397

198	141	1385

184	142	1437

198	142	1373

183	143	1397

199	143	1388

183	144	1417

199	144	1378

182	145	1432

199	145	1375

182	146	1407

199	146	1372

181	147	1365

199	147	1371

180	148	1369

200	148	1390

180	149	1377

200	149	1383

180	150	1374

200	150	1378

180	151	1373

200	151	1373

179	152	1351

200	152	1371

179	153	1401

201	153	1394

179	154	1398

201	154	1393

180	155	1370

201	155	1389

180	156	1373

201	156	1385

180	157	1373

201	157	1385

205	157	1402

206	157	1394

207	157	1399

180	158	1372

201	158	1385

204	158	1390

208	158	1400

179	159	1335

202	159	1382

203	159	1384

208	159	1400

179	160	1337

207	160	1381

180	161	1367

207	161	1389

179	162	1373

207	162	1396

179	163	1375

207	163	1400

179	164	1375

207	164	1403

179	165	1381

207	165	1403

179	166	1376

207	166	1380

178	167	1424

207	167	1403

178	168	1395

207	168	1406

178	169	1390

208	169	1421

178	170	1401

207	170	1393

178	171	1405

207	171	1388

178	172	1423

207	172	1387

178	173	1413

207	173	1389

178	174	1447

207	174	1397

179	175	1386

207	175	1411

178	176	1415

206	176	1392

178	177	1395

206	177	1402

179	178	1373

206	178	1419

180	179	1364

206	179	1451

179	180	1424

205	180	1417

180	181	1392

205	181	1439

180	182	1418

204	182	1415

181	183	1403

204	183	1439

181	184	1439

203	184	1415

182	185	1405

202	185	1407

182	186	1442

200	186	1419

201	186	1427

183	187	1451

199	187	1444

183	188	1463

198	188	1443

184	189	1423

198	189	1458

183	190	1448

197	190	1446

184	191	1439

185	191	1412

197	191	1458

186	192	1415

197	192	1467

186	193	1417

196	193	1459

185	194	1410

196	194	1466

185	195	1411

196	195	1471

186	196	1431

195	196	1462

186	197	1436

195	197	1468

187	198	1443

194	198	1462

187	199	1449

193	199	1466

194	199	1470

187	200	1454

191	200	1468

192	200	1470

187	201	1456

189	201	1469

190	201	1470

188	202	1466

188	203	1470

