156	101	1105

157	101	1095

158	101	1098

150	102	1113

151	102	1112

155	102	1103

159	102	1088

148	103	1117

149	103	1091

152	103	1086

153	103	1096

154	103	1104

160	103	1094

147	104	1112

160	104	1094

145	105	1185

146	105	1121

160	105	1095

145	106	1129

161	106	1101

162	106	1108

141	107	1156

142	107	1146

144	107	1134

163	107	1095

164	107	1112

140	108	1117

143	108	1114

164	108	1098

139	109	1110

164	109	1095

138	110	1108

164	110	1095

136	111	1130

137	111	1099

164	111	1097

136	112	1111

164	112	1102

135	113	1146

164	113	1105

133	114	1091

134	114	1123

164	114	1106

132	115	1139

164	115	1108

132	116	1152

163	116	1100

133	117	1142

163	117	1105

133	118	1122

163	118	1111

132	119	1161

163	119	1116

130	120	1163

131	120	1149

162	120	1107

129	121	1143

162	121	1112

129	122	1142

162	122	1119

128	123	1170

162	123	1123

128	124	1155

161	124	1110

128	125	1125

161	125	1113

127	126	1155

161	126	1118

127	127	1171

161	127	1123

127	128	1173

160	128	1113

164	128	1145

165	128	1129

166	128	1122

167	128	1118

168	128	1121

127	129	1148

160	129	1120

163	129	1132

169	129	1119

127	130	1131

160	130	1126

162	130	1132

169	130	1118

124	131	1126

125	131	1185

126	131	1178

161	131	1133

168	131	1114

124	132	1130

168	132	1118

123	133	1132

124	133	1116

125	133	1091

167	133	1113

123	134	1146

126	134	1117

167	134	1122

125	135	1110

167	135	1128

123	136	1139

126	136	1107

167	136	1129

125	137	1153

166	137	1125

122	138	1128

124	138	1117

166	138	1132

123	139	1115

165	139	1122

123	140	1074

165	140	1133

122	141	1082

164	141	1120

122	142	1109

164	142	1128

123	143	1137

163	143	1120

123	144	1128

163	144	1126

123	145	1110

163	145	1132

122	146	1142

124	146	1111

162	146	1126

123	147	1129

162	147	1142

123	148	1122

161	148	1138

123	149	1106

160	149	1135

123	150	1153

159	150	1137

124	151	1146

158	151	1142

124	152	1142

125	152	1092

157	152	1142

123	153	1106

126	153	1108

156	153	1144

125	154	1168

155	154	1149

125	155	1118

154	155	1155

124	156	1112

151	156	1134

152	156	1146

153	156	1153

125	157	1110

150	157	1154

124	158	1134

149	158	1181

124	159	1128

148	159	1176

123	160	1132

147	160	1167

122	161	1141

147	161	1177

123	162	1148

146	162	1168

124	163	1163

146	163	1172

124	164	1149

146	164	1175

123	165	1159

146	165	1176

122	166	1158

146	166	1181

122	167	1129

146	167	1185

123	168	1117

145	168	1177

122	169	1157

145	169	1179

123	170	1123

145	170	1180

122	171	1162

145	171	1185

123	172	1166

144	172	1176

122	173	1158

144	173	1182

122	174	1160

143	174	1181

122	175	1098

142	175	1178

123	176	1146

142	176	1180

120	177	1170

122	177	1185

142	177	1183

123	178	1163

124	178	1157

125	178	1160

126	178	1159

127	178	1158

128	178	1154

129	178	1151

130	178	1152

131	178	1154

132	178	1156

133	178	1153

134	178	1154

135	178	1155

136	178	1161

137	178	1164

138	178	1168

139	178	1170

140	178	1175

141	178	1179

