171	135	1508

172	135	1507

173	135	1505

169	136	1505

170	136	1510

174	136	1508

168	137	1503

175	137	1514

167	138	1508

176	138	1515

167	139	1506

177	139	1517

166	140	1514

177	140	1516

164	141	1497

165	141	1502

177	141	1516

163	142	1495

177	142	1514

162	143	1496

177	143	1514

161	144	1511

177	144	1512

161	145	1513

177	145	1513

160	146	1550

177	146	1514

160	147	1514

177	147	1516

160	148	1504

177	148	1516

160	149	1500

177	149	1515

160	150	1498

177	150	1513

159	151	1524

177	151	1512

158	152	1518

177	152	1512

159	153	1491

177	153	1514

158	154	1496

178	154	1515

179	154	1508

180	154	1518

181	154	1518

182	154	1514

158	155	1486

182	155	1515

157	156	1488

182	156	1515

157	157	1487

181	157	1511

156	158	1500

181	158	1512

156	159	1491

181	159	1511

156	160	1482

181	160	1512

156	161	1476

180	161	1507

156	162	1482

180	162	1507

156	163	1486

180	163	1508

156	164	1487

180	164	1509

156	165	1491

179	165	1507

156	166	1492

179	166	1508

156	167	1492

179	167	1511

156	168	1484

179	168	1514

156	169	1502

179	169	1517

156	170	1491

177	170	1507

178	170	1517

156	171	1496

176	171	1507

157	172	1490

175	172	1503

157	173	1498

174	173	1498

156	174	1504

173	174	1501

156	175	1498

171	175	1506

172	175	1505

156	176	1498

170	176	1510

156	177	1495

169	177	1512

155	178	1501

169	178	1516

155	179	1517

168	179	1517

155	180	1506

168	180	1528

155	181	1507

167	181	1532

155	182	1511

167	182	1549

154	183	1496

167	183	1565

154	184	1518

167	184	1579

154	185	1534

167	185	1588

154	186	1542

167	186	1597

154	187	1542

166	187	1586

154	188	1545

166	188	1595

153	189	1555

165	189	1580

153	190	1554

165	190	1582

153	191	1559

165	191	1590

152	192	1588

165	192	1602

152	193	1582

164	193	1589

152	194	1581

164	194	1594

151	195	1596

152	195	1580

153	195	1569

154	195	1564

155	195	1560

156	195	1560

157	195	1562

158	195	1564

159	195	1567

160	195	1568

161	195	1571

162	195	1576

163	195	1583

164	195	1597

