197	145	1712

198	145	1712

199	145	1717

194	146	1705

195	146	1716

196	146	1713

200	146	1717

194	147	1717

201	147	1713

202	147	1715

203	147	1719

194	148	1717

204	148	1722

194	149	1724

204	149	1720

193	150	1737

204	150	1719

192	151	1723

204	151	1719

191	152	1717

204	152	1718

191	153	1714

205	153	1723

190	154	1717

205	154	1720

190	155	1718

205	155	1722

189	156	1684

205	156	1722

189	157	1730

205	157	1724

189	158	1666

205	158	1722

189	159	1709

206	159	1727

189	160	1707

207	160	1717

208	160	1718

209	160	1716

210	160	1717

211	160	1720

189	161	1694

211	161	1717

189	162	1712

210	162	1713

189	163	1719

210	163	1709

189	164	1719

210	164	1709

189	165	1719

210	165	1713

188	166	1737

209	166	1711

188	167	1721

209	167	1710

188	168	1724

209	168	1712

188	169	1729

210	169	1715

188	170	1721

211	170	1725

188	171	1710

211	171	1740

188	172	1717

211	172	1771

188	173	1723

210	173	1746

188	174	1706

209	174	1729

189	175	1705

209	175	1749

189	176	1706

208	176	1730

189	177	1713

208	177	1748

189	178	1703

208	178	1773

190	179	1713

207	179	1738

190	180	1722

207	180	1761

191	181	1711

206	181	1754

191	182	1719

205	182	1759

192	183	1718

204	183	1757

192	184	1722

204	184	1769

192	185	1725

204	185	1790

192	186	1725

203	186	1769

191	187	1772

203	187	1783

191	188	1761

203	188	1800

192	189	1739

202	189	1776

192	190	1738

202	190	1783

192	191	1736

202	191	1789

191	192	1757

202	192	1795

191	193	1759

202	193	1807

191	194	1768

201	194	1786

191	195	1772

201	195	1792

191	196	1779

201	196	1795

191	197	1779

201	197	1796

191	198	1775

201	198	1797

191	199	1776

201	199	1800

191	200	1780

192	200	1769

193	200	1762

194	200	1760

195	200	1758

196	200	1758

197	200	1762

198	200	1766

199	200	1775

200	200	1784

201	200	1800

