165	123	1319

166	123	1319

167	123	1326

164	124	1307

168	124	1323

162	125	1311

163	125	1314

168	125	1329

161	126	1313

169	126	1330

160	127	1345

170	127	1337

171	127	1344

161	128	1313

171	128	1340

160	129	1335

171	129	1339

158	130	1324

159	130	1328

171	130	1336

158	131	1306

172	131	1347

158	132	1295

172	132	1347

157	133	1297

172	133	1350

155	134	1291

156	134	1269

172	134	1345

156	135	1301

172	135	1343

156	136	1313

172	136	1343

156	137	1315

172	137	1345

155	138	1308

172	138	1345

156	139	1305

172	139	1346

155	140	1322

172	140	1344

156	141	1296

172	141	1345

154	142	1339

155	142	1313

172	142	1344

154	143	1371

172	143	1345

154	144	1312

172	144	1346

153	145	1298

172	145	1349

154	146	1302

172	146	1346

174	146	1355

175	146	1361

176	146	1364

153	147	1312

173	147	1343

177	147	1364

153	148	1327

177	148	1362

153	149	1310

177	149	1363

152	150	1319

177	150	1363

152	151	1314

177	151	1367

152	152	1305

177	152	1370

150	153	1306

152	153	1299

176	153	1359

149	154	1265

151	154	1349

176	154	1357

150	155	1306

176	155	1358

150	156	1341

176	156	1362

149	157	1384

151	157	1296

176	157	1366

150	158	1316

175	158	1357

150	159	1310

175	159	1358

149	160	1302

175	160	1358

149	161	1286

175	161	1364

150	162	1306

175	162	1376

149	163	1259

174	163	1369

150	164	1307

174	164	1379

149	165	1281

173	165	1365

150	166	1306

172	166	1356

150	167	1313

171	167	1350

149	168	1312

170	168	1350

149	169	1302

169	169	1347

148	170	1317

168	170	1350

148	171	1366

166	171	1354

167	171	1357

149	172	1326

165	172	1362

149	173	1329

164	173	1364

148	174	1344

164	174	1365

148	175	1350

163	175	1362

148	176	1336

163	176	1370

148	177	1346

163	177	1383

149	178	1336

163	178	1392

148	179	1350

162	179	1385

148	180	1350

162	180	1395

148	181	1348

162	181	1403

148	182	1349

162	182	1412

148	183	1351

161	183	1399

148	184	1354

161	184	1404

147	185	1358

161	185	1412

147	186	1362

161	186	1416

147	187	1365

160	187	1406

147	188	1367

160	188	1409

146	189	1375

160	189	1412

146	190	1380

160	190	1414

145	191	1385

159	191	1405

145	192	1389

159	192	1411

145	193	1403

159	193	1416

145	194	1410

158	194	1411

146	195	1409

147	195	1399

148	195	1394

149	195	1391

150	195	1393

151	195	1393

152	195	1395

153	195	1396

154	195	1399

155	195	1401

156	195	1405

157	195	1410

158	195	1418

