196	148	1742

197	148	1744

194	149	1758

195	149	1746

198	149	1749

193	150	1756

199	150	1746

192	151	1700

200	151	1745

201	151	1744

193	152	1745

202	152	1745

192	153	1754

202	153	1741

192	154	1750

202	154	1739

190	155	1765

191	155	1756

202	155	1740

189	156	1753

203	156	1749

189	157	1751

203	157	1749

189	158	1749

203	158	1749

189	159	1751

203	159	1747

188	160	1750

203	160	1747

188	161	1747

203	161	1742

188	162	1746

204	162	1748

187	163	1771

205	163	1741

206	163	1741

207	163	1744

188	164	1754

207	164	1743

188	165	1755

207	165	1740

188	166	1750

207	166	1740

187	167	1750

207	167	1739

187	168	1751

207	168	1739

187	169	1744

207	169	1735

186	170	1757

207	170	1736

186	171	1749

207	171	1734

186	172	1757

207	172	1734

186	173	1753

207	173	1735

186	174	1751

208	174	1751

186	175	1755

208	175	1770

186	176	1763

208	176	1804

186	177	1752

207	177	1769

186	178	1764

207	178	1789

186	179	1774

206	179	1766

187	180	1747

206	180	1771

187	181	1751

206	181	1786

187	182	1723

205	182	1764

188	183	1746

205	183	1783

189	184	1744

204	184	1769

189	185	1751

203	185	1786

189	186	1771

202	186	1783

189	187	1758

202	187	1803

190	188	1754

202	188	1815

190	189	1756

202	189	1829

190	190	1759

201	190	1815

190	191	1766

201	191	1831

190	192	1770

201	192	1836

190	193	1778

200	193	1809

190	194	1781

200	194	1816

190	195	1781

200	195	1823

190	196	1780

200	196	1824

190	197	1785

200	197	1827

190	198	1787

200	198	1828

190	199	1788

200	199	1832

190	200	1791

200	200	1833

190	201	1801

200	201	1835

190	202	1811

200	202	1836

190	203	1816

200	203	1836

190	204	1819

200	204	1835

190	205	1824

200	205	1833

190	206	1832

191	206	1810

192	206	1798

193	206	1799

194	206	1799

195	206	1799

196	206	1799

197	206	1802

198	206	1810

199	206	1818

200	206	1830

