192	137	1325

193	137	1312

194	137	1309

195	137	1313

196	137	1324

192	138	1320

197	138	1326

198	138	1335

192	139	1315

199	139	1348

190	140	1328

191	140	1319

200	140	1324

201	140	1333

202	140	1351

189	141	1323

202	141	1339

188	142	1340

202	142	1330

188	143	1328

202	143	1324

188	144	1325

203	144	1347

186	145	1378

187	145	1394

203	145	1334

186	146	1369

203	146	1330

185	147	1329

203	147	1328

184	148	1315

203	148	1325

183	149	1331

204	149	1347

183	150	1322

204	150	1339

183	151	1319

204	151	1335

182	152	1301

204	152	1332

182	153	1306

204	153	1331

183	154	1321

204	154	1329

183	155	1320

205	155	1351

182	156	1340

205	156	1354

182	157	1322

205	157	1355

182	158	1313

205	158	1353

210	158	1362

211	158	1364

182	159	1337

205	159	1349

208	159	1352

209	159	1334

212	159	1351

182	160	1307

205	160	1344

208	160	1332

212	160	1340

183	161	1329

206	161	1341

207	161	1336

212	161	1343

183	162	1329

212	162	1365

182	163	1359

211	163	1338

182	164	1350

211	164	1354

181	165	1363

210	165	1331

182	166	1338

210	166	1336

181	167	1338

210	167	1342

181	168	1379

210	168	1345

181	169	1378

210	169	1343

181	170	1368

210	170	1340

181	171	1365

210	171	1341

180	172	1365

210	172	1341

181	173	1392

210	173	1343

181	174	1382

210	174	1343

181	175	1374

210	175	1344

182	176	1335

210	176	1345

181	177	1376

210	177	1350

182	178	1340

210	178	1363

182	179	1348

209	179	1345

182	180	1352

209	180	1356

182	181	1369

209	181	1380

182	182	1388

208	182	1360

183	183	1365

208	183	1386

183	184	1369

207	184	1365

183	185	1399

184	185	1349

206	185	1355

183	186	1398

185	186	1346

206	186	1377

184	187	1395

185	187	1374

204	187	1363

205	187	1387

186	188	1394

202	188	1368

203	188	1385

187	189	1370

201	189	1387

187	190	1379

201	190	1423

188	191	1374

200	191	1410

187	192	1402

200	192	1423

188	193	1384

199	193	1414

189	194	1380

198	194	1414

188	195	1398

198	195	1425

189	196	1398

197	196	1422

190	197	1405

196	197	1420

190	198	1413

195	198	1423

190	199	1423

191	199	1419

192	199	1420

193	199	1421

194	199	1425

