157	95	1071

155	96	1063

156	96	1060

158	96	1062

159	96	1073

149	97	1069

150	97	1062

151	97	1064

152	97	1076

154	97	1061

160	97	1087

147	98	1082

148	98	1063

153	98	1065

160	98	1074

146	99	1091

160	99	1072

145	100	1098

161	100	1078

143	101	1086

144	101	1102

162	101	1068

163	101	1073

141	102	1061

142	102	1094

164	102	1079

140	103	1065

164	103	1075

139	104	1057

164	104	1076

138	105	1057

164	105	1078

136	106	1100

137	106	1067

164	106	1078

135	107	1094

164	107	1083

133	108	1118

134	108	1109

164	108	1086

134	109	1091

164	109	1094

133	110	1092

164	110	1104

132	111	1110

164	111	1123

132	112	1097

163	112	1086

132	113	1080

163	113	1092

132	114	1075

163	114	1103

130	115	1116

131	115	1086

163	115	1121

130	116	1083

163	116	1144

129	117	1120

162	117	1100

128	118	1115

162	118	1109

127	119	1105

162	119	1120

127	120	1146

128	120	1096

161	120	1094

129	121	1084

161	121	1098

126	122	1130

127	122	1100

128	122	1074

161	122	1106

167	122	1096

126	123	1120

161	123	1118

165	123	1092

166	123	1087

168	123	1090

169	123	1103

125	124	1128

161	124	1122

163	124	1092

164	124	1088

170	124	1135

124	125	1125

162	125	1100

170	125	1144

125	126	1117

169	126	1113

125	127	1105

168	127	1095

123	128	1138

125	128	1163

168	128	1109

124	129	1147

168	129	1130

124	130	1071

167	130	1101

124	131	1110

167	131	1112

125	132	1106

167	132	1132

125	133	1065

166	133	1107

124	134	1095

166	134	1120

123	135	1105

166	135	1145

121	136	1094

124	136	1132

165	136	1111

125	137	1077

165	137	1129

124	138	1111

164	138	1106

121	139	1098

123	139	1150

125	139	1061

164	139	1120

123	140	1118

124	140	1106

164	140	1140

123	141	1099

124	141	1096

163	141	1112

123	142	1120

125	142	1077

163	142	1132

122	143	1132

124	143	1119

162	143	1121

123	144	1141

161	144	1121

162	144	1154

124	145	1133

125	145	1154

160	145	1122

124	146	1152

126	146	1101

159	146	1122

160	146	1154

124	147	1166

125	147	1149

158	147	1121

125	148	1138

157	148	1123

125	149	1098

156	149	1122

125	150	1115

155	150	1126

125	151	1121

154	151	1135

124	152	1056

152	152	1130

153	152	1150

125	153	1129

150	153	1137

151	153	1156

126	154	1099

149	154	1145

124	155	1139

125	155	1152

149	155	1162

124	156	1150

148	156	1150

124	157	1140

148	157	1157

123	158	1130

148	158	1165

124	159	1106

148	159	1171

125	160	1092

148	160	1171

125	161	1105

148	161	1167

124	162	1102

148	162	1166

122	163	1164

123	163	1114

148	163	1171

123	164	1170

147	164	1158

124	165	1133

147	165	1162

124	166	1122

147	166	1168

123	167	1103

147	167	1169

124	168	1106

147	168	1173

123	169	1130

125	169	1117

146	169	1160

122	170	1130

124	170	1118

146	170	1166

124	171	1106

146	171	1169

124	172	1113

146	172	1174

124	173	1122

145	173	1170

124	174	1134

145	174	1172

124	175	1140

145	175	1174

123	176	1128

144	176	1167

124	177	1142

125	177	1143

126	177	1144

127	177	1139

128	177	1137

129	177	1133

130	177	1132

131	177	1132

132	177	1131

133	177	1132

134	177	1132

135	177	1134

136	177	1133

137	177	1135

138	177	1138

139	177	1145

140	177	1149

141	177	1153

142	177	1157

143	177	1164

144	177	1170

