198	135	1363

198	136	1353

199	136	1350

200	136	1355

196	137	1361

197	137	1351

201	137	1358

194	138	1328

196	138	1362

201	138	1347

193	139	1360

195	139	1347

202	139	1354

203	139	1362

204	139	1361

193	140	1383

205	140	1349

206	140	1370

193	141	1370

207	141	1370

192	142	1449

208	142	1379

192	143	1443

208	143	1371

191	144	1422

207	144	1355

190	145	1397

207	145	1354

190	146	1362

208	146	1379

189	147	1357

208	147	1372

189	148	1346

208	148	1367

188	149	1350

208	149	1362

188	150	1346

208	150	1357

188	151	1349

209	151	1378

187	152	1379

209	152	1370

187	153	1380

209	153	1371

187	154	1376

209	154	1374

187	155	1361

209	155	1375

187	156	1360

209	156	1370

187	157	1348

209	157	1366

214	157	1376

215	157	1371

216	157	1388

187	158	1379

210	158	1386

213	158	1365

216	158	1365

188	159	1354

211	159	1376

212	159	1362

216	159	1367

187	160	1331

216	160	1384

188	161	1353

215	161	1366

186	162	1432

187	162	1390

215	162	1378

185	163	1406

215	163	1389

186	164	1430

215	164	1406

186	165	1427

214	165	1366

186	166	1372

214	166	1369

185	167	1347

214	167	1370

186	168	1374

214	168	1369

186	169	1383

214	169	1370

186	170	1370

214	170	1369

185	171	1412

214	171	1372

186	172	1364

214	172	1370

186	173	1379

215	173	1411

186	174	1395

215	174	1408

186	175	1391

214	175	1375

185	176	1417

214	176	1385

185	177	1393

214	177	1403

186	178	1393

213	178	1378

187	179	1379

213	179	1395

186	180	1455

188	180	1368

212	180	1378

186	181	1444

187	181	1429

212	181	1397

187	182	1419

211	182	1381

188	183	1417

211	183	1398

189	184	1405

210	184	1386

189	185	1410

209	185	1388

190	186	1406

207	186	1390

208	186	1403

191	187	1391

206	187	1413

190	188	1403

205	188	1423

190	189	1444

205	189	1448

191	190	1434

204	190	1437

192	191	1402

204	191	1448

192	192	1404

203	192	1439

192	193	1406

203	193	1452

192	194	1411

202	194	1449

193	195	1422

201	195	1444

193	196	1428

201	196	1453

193	197	1434

200	197	1450

192	198	1447

198	198	1447

199	198	1451

193	199	1443

196	199	1448

197	199	1454

193	200	1450

194	200	1452

195	200	1452

