197	146	1717

198	146	1711

199	146	1710

200	146	1711

195	147	1728

196	147	1719

201	147	1709

194	148	1727

202	148	1711

203	148	1710

194	149	1723

204	149	1715

193	150	1696

204	150	1718

194	151	1719

204	151	1717

192	152	1748

193	152	1737

204	152	1715

191	153	1720

204	153	1715

191	154	1712

205	154	1715

190	155	1717

205	155	1717

189	156	1730

205	156	1721

189	157	1720

205	157	1726

189	158	1716

205	158	1721

189	159	1707

205	159	1716

189	160	1723

206	160	1717

189	161	1717

206	161	1718

208	161	1714

209	161	1713

210	161	1716

189	162	1713

207	162	1717

210	162	1716

189	163	1699

209	163	1714

189	164	1716

209	164	1713

189	165	1714

209	165	1712

189	166	1709

209	166	1710

188	167	1716

209	167	1708

188	168	1718

209	168	1710

188	169	1717

209	169	1709

188	170	1712

209	170	1712

188	171	1711

210	171	1717

188	172	1713

211	172	1749

188	173	1713

210	173	1726

188	174	1707

210	174	1751

188	175	1701

209	175	1736

188	176	1687

208	176	1717

189	177	1707

208	177	1735

188	178	1753

208	178	1759

189	179	1723

207	179	1730

189	180	1726

207	180	1742

190	181	1715

207	181	1763

190	182	1740

206	182	1755

191	183	1714

205	183	1763

192	184	1717

204	184	1759

192	185	1722

204	185	1781

192	186	1720

204	186	1803

192	187	1719

203	187	1782

192	188	1724

203	188	1791

192	189	1731

202	189	1775

191	190	1750

202	190	1784

192	191	1736

202	191	1792

192	192	1739

202	192	1797

191	193	1765

202	193	1806

191	194	1766

201	194	1784

191	195	1764

201	195	1792

191	196	1768

201	196	1793

191	197	1769

201	197	1799

191	198	1771

201	198	1797

191	199	1772

201	199	1799

191	200	1773

201	200	1800

191	201	1779

201	201	1803

191	202	1785

192	202	1770

193	202	1764

194	202	1762

195	202	1762

196	202	1765

197	202	1769

198	202	1773

199	202	1778

200	202	1788

201	202	1804

