198	144	1709

199	144	1711

196	145	1716

197	145	1712

200	145	1715

195	146	1722

201	146	1714

194	147	1719

202	147	1712

203	147	1711

204	147	1712

194	148	1717

204	148	1713

193	149	1727

204	149	1714

193	150	1714

204	150	1716

192	151	1718

205	151	1716

191	152	1710

205	152	1718

191	153	1706

205	153	1717

190	154	1718

205	154	1720

190	155	1717

205	155	1718

190	156	1717

205	156	1714

190	157	1715

206	157	1717

190	158	1715

206	158	1717

190	159	1716

207	159	1721

189	160	1691

208	160	1727

209	160	1715

210	160	1712

211	160	1715

190	161	1715

211	161	1716

189	162	1687

210	162	1714

189	163	1712

210	163	1713

189	164	1721

210	164	1715

189	165	1723

210	165	1714

189	166	1713

210	166	1708

189	167	1707

210	167	1705

188	168	1708

210	168	1703

188	169	1731

210	169	1704

188	170	1718

211	170	1712

188	171	1726

212	171	1759

188	172	1731

211	172	1746

188	173	1712

210	173	1734

189	174	1694

209	174	1723

188	175	1725

209	175	1735

189	176	1724

209	176	1754

189	177	1729

208	177	1729

190	178	1715

208	178	1747

191	179	1704

208	179	1770

191	180	1708

207	180	1746

191	181	1722

206	181	1750

192	182	1716

205	182	1762

191	183	1739

205	183	1785

192	184	1730

204	184	1763

192	185	1733

204	185	1777

192	186	1731

204	186	1795

192	187	1730

203	187	1780

192	188	1727

203	188	1794

192	189	1728

203	189	1803

192	190	1732

203	190	1809

192	191	1735

202	191	1782

192	192	1739

202	192	1789

192	193	1746

202	193	1792

192	194	1749

202	194	1796

192	195	1749

202	195	1803

191	196	1766

202	196	1808

191	197	1775

201	197	1789

191	198	1793

201	198	1792

192	199	1766

201	199	1789

191	200	1796

202	200	1810

191	201	1791

192	201	1767

193	201	1758

194	201	1756

195	201	1757

196	201	1758

197	201	1766

198	201	1769

199	201	1775

200	201	1781

201	201	1791

202	201	1809

