200	144	1707

201	144	1703

202	144	1703

198	145	1713

199	145	1710

203	145	1707

197	146	1700

204	146	1707

205	146	1704

206	146	1705

196	147	1702

206	147	1707

196	148	1720

207	148	1711

197	149	1706

207	149	1712

196	150	1705

207	150	1714

194	151	1700

195	151	1702

207	151	1711

194	152	1699

208	152	1708

193	153	1705

208	153	1709

192	154	1722

208	154	1712

192	155	1718

208	155	1713

192	156	1713

208	156	1713

192	157	1716

208	157	1714

192	158	1714

209	158	1719

192	159	1715

209	159	1716

212	159	1698

213	159	1703

214	159	1703

192	160	1714

210	160	1706

211	160	1703

214	160	1705

192	161	1710

213	161	1703

192	162	1708

213	162	1704

191	163	1732

213	163	1706

191	164	1734

213	164	1705

191	165	1717

212	165	1699

191	166	1710

212	166	1699

191	167	1704

212	167	1702

191	168	1701

212	168	1700

191	169	1701

213	169	1706

191	170	1698

214	170	1728

191	171	1698

214	171	1741

191	172	1692

213	172	1726

191	173	1698

213	173	1755

191	174	1704

212	174	1734

191	175	1680

211	175	1718

192	176	1696

211	176	1738

192	177	1702

210	177	1718

192	178	1699

210	178	1728

193	179	1701

210	179	1741

193	180	1707

210	180	1768

193	181	1721

209	181	1767

193	182	1744

208	182	1767

194	183	1730

208	183	1799

194	184	1729

207	184	1780

195	185	1712

206	185	1761

195	186	1712

206	186	1777

195	187	1717

205	187	1762

194	188	1733

205	188	1776

194	189	1746

205	189	1787

194	190	1755

205	190	1797

194	191	1753

205	191	1803

194	192	1746

204	192	1776

194	193	1747

204	193	1782

194	194	1746

204	194	1791

194	195	1747

204	195	1799

194	196	1751

204	196	1800

194	197	1757

204	197	1803

194	198	1763

204	198	1801

194	199	1764

204	199	1802

194	200	1765

195	200	1755

196	200	1751

197	200	1753

198	200	1754

199	200	1755

200	200	1757

201	200	1765

202	200	1776

203	200	1787

204	200	1800

