164	151	1850

165	151	1845

166	151	1849

162	152	1850

163	152	1842

167	152	1851

161	153	1856

168	153	1856

161	154	1844

168	154	1846

159	155	1851

160	155	1842

169	155	1855

158	156	1836

169	156	1849

157	157	1830

169	157	1846

157	158	1825

169	158	1841

156	159	1826

168	159	1833

156	160	1819

168	160	1833

155	161	1824

168	161	1831

155	162	1818

168	162	1829

154	163	1829

168	163	1828

154	164	1819

168	164	1829

153	165	1835

168	165	1831

153	166	1820

169	166	1843

153	167	1807

170	167	1843

171	167	1840

172	167	1849

152	168	1811

172	168	1843

152	169	1805

172	169	1849

152	170	1801

171	170	1834

152	171	1802

171	171	1837

152	172	1804

171	172	1836

151	173	1817

171	173	1842

151	174	1814

170	174	1827

151	175	1814

170	175	1830

151	176	1814

170	176	1830

151	177	1819

170	177	1839

151	178	1820

170	178	1853

152	179	1806

168	179	1822

169	179	1848

151	180	1830

167	180	1827

151	181	1844

165	181	1814

166	181	1834

151	182	1843

164	182	1822

151	183	1838

163	183	1832

151	184	1829

162	184	1839

151	185	1825

161	185	1835

150	186	1833

160	186	1831

150	187	1830

160	187	1846

149	188	1850

160	188	1861

149	189	1837

159	189	1852

149	190	1831

159	190	1862

149	191	1836

159	191	1873

148	192	1857

159	192	1882

148	193	1855

158	193	1863

147	194	1886

158	194	1880

147	195	1870

158	195	1892

147	196	1865

158	196	1901

147	197	1864

157	197	1879

146	198	1895

157	198	1891

146	199	1883

157	199	1900

146	200	1876

147	200	1855

148	200	1847

149	200	1846

150	200	1845

151	200	1845

152	200	1844

153	200	1844

154	200	1848

155	200	1858

156	200	1875

157	200	1908

