161	102	1087

162	102	1088

163	102	1094

155	103	1095

160	103	1081

164	103	1095

153	104	1091

154	104	1080

156	104	1084

157	104	1093

158	104	1092

159	104	1083

165	104	1113

152	105	1093

165	105	1105

150	106	1138

151	106	1104

165	106	1097

148	107	1115

149	107	1137

166	107	1091

167	107	1096

148	108	1150

168	108	1094

169	108	1119

145	109	1119

146	109	1110

147	109	1123

169	109	1104

144	110	1107

169	110	1102

143	111	1079

169	111	1103

142	112	1075

169	112	1106

141	113	1092

169	113	1112

138	114	1115

140	114	1139

169	114	1120

138	115	1119

139	115	1136

169	115	1136

137	116	1150

168	116	1105

137	117	1153

168	117	1112

137	118	1148

168	118	1115

136	119	1168

168	119	1127

136	120	1131

168	120	1141

135	121	1140

167	121	1111

134	122	1123

136	122	1106

167	122	1118

133	123	1089

135	123	1135

137	123	1092

167	123	1130

134	124	1096

136	124	1112

167	124	1144

133	125	1068

135	125	1117

166	125	1114

134	126	1093

166	126	1117

133	127	1088

166	127	1128

171	127	1140

172	127	1136

173	127	1143

133	128	1100

166	128	1140

170	128	1124

174	128	1146

175	128	1182

133	129	1112

165	129	1119

169	129	1117

174	129	1130

133	130	1115

165	130	1128

168	130	1111

174	130	1127

132	131	1104

166	131	1131

167	131	1114

174	131	1131

130	132	1188

131	132	1144

174	132	1150

129	133	1173

131	133	1156

173	133	1135

130	134	1169

172	134	1121

129	135	1088

172	135	1134

129	136	1148

130	136	1153

172	136	1147

131	137	1118

171	137	1127

130	138	1145

171	138	1138

129	139	1182

170	139	1121

129	140	1165

170	140	1125

128	141	1151

170	141	1135

128	142	1149

129	142	1168

170	142	1153

130	143	1161

169	143	1128

129	144	1163

169	144	1139

130	145	1136

169	145	1151

127	146	1152

129	146	1166

168	146	1134

128	147	1153

168	147	1156

129	148	1135

167	148	1143

129	149	1150

166	149	1139

128	150	1161

165	150	1141

129	151	1146

130	151	1136

164	151	1145

131	152	1179

163	152	1144

132	153	1117

162	153	1144

130	154	1125

131	154	1096

161	154	1147

162	154	1175

129	155	1116

160	155	1146

129	156	1142

131	156	1159

159	156	1149

129	157	1156

130	157	1155

132	157	1115

157	157	1148

158	157	1166

131	158	1111

156	158	1165

130	159	1126

155	159	1185

130	160	1144

154	160	1190

131	161	1119

153	161	1178

130	162	1099

131	162	1116

132	162	1120

133	162	1115

134	162	1113

135	162	1113

136	162	1114

137	162	1113

138	162	1110

139	162	1108

140	162	1107

141	162	1109

142	162	1110

143	162	1111

144	162	1111

145	162	1113

146	162	1117

147	162	1121

148	162	1126

149	162	1130

150	162	1139

151	162	1151

152	162	1168

153	162	1188

