144	121	1236

145	121	1242

138	122	1227

142	122	1233

143	122	1230

146	122	1241

136	123	1236

137	123	1226

139	123	1229

140	123	1233

141	123	1230

146	123	1233

135	124	1238

147	124	1231

134	125	1245

147	125	1236

132	126	1269

133	126	1255

148	126	1240

149	126	1245

131	127	1266

150	127	1250

130	128	1226

150	128	1247

128	129	1225

129	129	1225

150	129	1247

125	130	1192

126	130	1236

127	130	1226

150	130	1250

125	131	1247

150	131	1255

125	132	1238

150	132	1260

124	133	1249

149	133	1255

124	134	1231

149	134	1255

123	135	1237

149	135	1256

123	136	1226

149	136	1257

122	137	1218

149	137	1261

122	138	1241

148	138	1257

121	139	1240

148	139	1267

120	140	1267

147	140	1259

120	141	1243

148	141	1261

119	142	1222

147	142	1263

118	143	1246

147	143	1267

118	144	1263

147	144	1271

152	144	1266

117	145	1278

147	145	1276

149	145	1267

150	145	1263

151	145	1263

153	145	1264

116	146	1248

148	146	1265

154	146	1269

115	147	1213

153	147	1263

115	148	1196

153	148	1265

116	149	1265

153	149	1269

117	150	1227

152	150	1265

116	151	1248

152	151	1269

116	152	1235

151	152	1267

115	153	1205

151	153	1272

115	154	1226

151	154	1275

115	155	1248

150	155	1269

115	156	1252

150	156	1273

116	157	1233

149	157	1267

116	158	1231

149	158	1269

115	159	1223

148	159	1267

116	160	1238

148	160	1273

116	161	1239

147	161	1275

115	162	1249

146	162	1276

115	163	1261

116	163	1270

145	163	1276

117	164	1242

144	164	1275

117	165	1244

143	165	1278

116	166	1268

142	166	1278

116	167	1268

141	167	1280

116	168	1258

139	168	1273

140	168	1283

117	169	1257

137	169	1272

138	169	1278

116	170	1265

136	170	1292

116	171	1264

136	171	1320

115	172	1262

135	172	1324

116	173	1267

134	173	1323

115	174	1275

134	174	1334

115	175	1277

133	175	1319

114	176	1278

133	176	1326

115	177	1278

133	177	1332

115	178	1277

133	178	1336

114	179	1294

132	179	1324

114	180	1295

132	180	1328

114	181	1292

132	181	1333

114	182	1293

131	182	1331

114	183	1298

131	183	1336

113	184	1303

114	184	1304

115	184	1298

116	184	1295

117	184	1293

118	184	1292

119	184	1290

120	184	1289

121	184	1290

122	184	1290

123	184	1291

124	184	1291

125	184	1297

126	184	1303

127	184	1311

128	184	1316

129	184	1322

130	184	1330

131	184	1339

