196	148	1740

197	148	1745

195	149	1746

198	149	1751

193	150	1763

194	150	1755

199	150	1751

192	151	1771

200	151	1747

201	151	1743

202	151	1745

192	152	1764

202	152	1747

192	153	1752

202	153	1745

192	154	1749

202	154	1745

191	155	1752

202	155	1745

190	156	1752

203	156	1750

189	157	1755

203	157	1746

188	158	1765

203	158	1745

188	159	1758

203	159	1749

188	160	1759

203	160	1749

189	161	1749

203	161	1747

188	162	1757

204	162	1754

188	163	1752

205	163	1734

206	163	1742

207	163	1743

208	163	1746

188	164	1751

208	164	1748

188	165	1750

207	165	1742

187	166	1781

207	166	1741

188	167	1747

207	167	1740

187	168	1762

207	168	1741

187	169	1755

207	169	1740

186	170	1754

207	170	1739

186	171	1750

207	171	1738

186	172	1746

207	172	1740

186	173	1755

207	173	1741

186	174	1763

208	174	1756

186	175	1729

208	175	1760

187	176	1742

208	176	1781

187	177	1745

207	177	1763

187	178	1746

207	178	1780

187	179	1748

207	179	1795

187	180	1758

206	180	1772

187	181	1769

206	181	1789

188	182	1751

205	182	1769

188	183	1763

205	183	1786

189	184	1748

204	184	1777

189	185	1753

203	185	1777

189	186	1757

202	186	1779

190	187	1756

202	187	1788

190	188	1762

202	188	1805

190	189	1761

202	189	1827

190	190	1765

201	190	1814

190	191	1771

201	191	1826

190	192	1779

201	192	1829

190	193	1782

201	193	1837

190	194	1786

201	194	1842

190	195	1785

200	195	1816

190	196	1791

200	196	1818

190	197	1794

200	197	1822

190	198	1799

200	198	1822

190	199	1803

200	199	1830

190	200	1809

200	200	1831

190	201	1814

200	201	1834

191	202	1800

200	202	1832

190	203	1828

200	203	1835

191	204	1804

200	204	1835

190	205	1829

200	205	1832

190	206	1837

191	206	1813

192	206	1803

193	206	1800

194	206	1801

195	206	1803

196	206	1808

197	206	1812

198	206	1814

199	206	1821

200	206	1829

