200	137	1525

198	138	1539

199	138	1529

201	138	1533

196	139	1544

197	139	1553

202	139	1536

195	140	1542

203	140	1542

204	140	1549

194	141	1555

205	141	1539

206	141	1544

195	142	1538

207	142	1549

194	143	1555

207	143	1548

194	144	1565

207	144	1552

193	145	1609

207	145	1551

192	146	1542

207	146	1549

191	147	1538

207	147	1542

190	148	1546

208	148	1541

190	149	1541

208	149	1550

190	150	1540

208	150	1553

190	151	1542

208	151	1554

190	152	1540

208	152	1555

189	153	1541

208	153	1554

190	154	1536

208	154	1552

190	155	1532

208	155	1554

189	156	1530

208	156	1553

211	156	1554

212	156	1548

213	156	1550

190	157	1530

208	157	1550

210	157	1548

214	157	1561

189	158	1534

209	158	1549

213	158	1547

188	159	1542

213	159	1547

188	160	1563

213	160	1552

188	161	1552

213	161	1564

188	162	1545

212	162	1549

188	163	1542

212	163	1552

187	164	1571

212	164	1553

187	165	1557

212	165	1555

187	166	1550

212	166	1556

186	167	1515

212	167	1559

187	168	1533

212	168	1559

187	169	1546

212	169	1559

187	170	1555

212	170	1562

187	171	1559

212	171	1572

187	172	1558

212	172	1592

187	173	1578

211	173	1564

188	174	1538

210	174	1551

188	175	1535

210	175	1569

188	176	1550

209	176	1558

189	177	1557

209	177	1575

189	178	1554

208	178	1558

189	179	1558

208	179	1583

190	180	1518

206	180	1570

207	180	1592

190	181	1561

205	181	1586

190	182	1565

204	182	1594

191	183	1551

204	183	1619

191	184	1554

203	184	1597

191	185	1560

203	185	1613

191	186	1566

202	186	1598

191	187	1571

202	187	1615

191	188	1568

202	188	1633

190	189	1570

201	189	1619

190	190	1581

201	190	1627

190	191	1590

201	191	1638

190	192	1591

200	192	1626

190	193	1587

200	193	1634

190	194	1594

200	194	1644

190	195	1601

199	195	1635

190	196	1605

199	196	1645

190	197	1608

198	197	1634

190	198	1614

198	198	1639

189	199	1629

198	199	1641

189	200	1632

198	200	1644

189	201	1638

197	201	1639

190	202	1636

191	202	1630

192	202	1628

193	202	1632

194	202	1633

195	202	1635

196	202	1639

197	202	1643

