192	137	1344

193	137	1344

194	137	1345

195	137	1331

192	138	1334

196	138	1355

192	139	1329

196	139	1339

192	140	1328

196	140	1334

188	141	1363

189	141	1355

190	141	1345

191	141	1335

197	141	1318

199	141	1336

200	141	1344

188	142	1348

198	142	1332

201	142	1352

188	143	1335

201	143	1344

188	144	1336

201	144	1338

187	145	1368

202	145	1356

187	146	1357

202	146	1350

184	147	1368

185	147	1380

186	147	1404

202	147	1343

184	148	1342

202	148	1339

183	149	1315

203	149	1362

183	150	1332

203	150	1357

182	151	1336

203	151	1353

182	152	1341

203	152	1348

182	153	1353

203	153	1342

182	154	1349

204	154	1367

182	155	1348

204	155	1364

182	156	1350

204	156	1364

182	157	1351

204	157	1361

182	158	1347

204	158	1360

182	159	1349

204	159	1360

208	159	1366

209	159	1354

210	159	1356

211	159	1374

182	160	1350

204	160	1358

207	160	1363

212	160	1399

182	161	1353

205	161	1351

206	161	1359

212	161	1429

182	162	1345

211	162	1366

182	163	1342

210	163	1349

181	164	1429

210	164	1356

180	165	1414

210	165	1367

181	166	1368

210	166	1377

181	167	1364

210	167	1396

181	168	1371

209	168	1356

181	169	1362

209	169	1358

180	170	1394

209	170	1358

181	171	1348

209	171	1358

180	172	1386

209	172	1360

179	173	1395

209	173	1359

180	174	1388

209	174	1360

180	175	1413

209	175	1361

181	176	1365

210	176	1408

181	177	1362

209	177	1365

180	178	1347

209	178	1371

180	179	1390

209	179	1388

181	180	1401

208	180	1370

181	181	1412

208	181	1390

182	182	1370

207	182	1372

183	183	1354

207	183	1389

183	184	1355

206	184	1373

183	185	1382

206	185	1389

184	186	1370

205	186	1377

184	187	1381

204	187	1376

185	188	1378

202	188	1384

203	188	1398

186	189	1380

201	189	1404

187	190	1375

200	190	1412

185	191	1409

187	191	1383

200	191	1434

186	192	1387

199	192	1428

187	193	1407

199	193	1439

187	194	1412

198	194	1430

187	195	1407

198	195	1439

188	196	1408

197	196	1432

189	197	1409

196	197	1430

188	198	1413

196	198	1438

188	199	1423

194	199	1433

195	199	1439

189	200	1434

192	200	1434

193	200	1437

189	201	1435

190	201	1440

191	201	1442

