175	133	1426

176	133	1426

174	134	1425

176	134	1424

170	135	1370

171	135	1398

172	135	1415

173	135	1414

177	135	1430

170	136	1430

178	136	1432

169	137	1444

179	137	1436

169	138	1437

180	138	1437

168	139	1421

180	139	1436

167	140	1418

180	140	1434

166	141	1415

180	141	1433

165	142	1420

181	142	1435

163	143	1471

164	143	1429

181	143	1435

164	144	1419

181	144	1438

163	145	1440

181	145	1436

163	146	1427

181	146	1434

162	147	1406

182	147	1435

162	148	1437

182	148	1436

162	149	1438

181	149	1433

162	150	1436

181	150	1434

162	151	1423

181	151	1432

161	152	1437

181	152	1435

161	153	1419

180	153	1431

161	154	1409

181	154	1439

183	154	1429

184	154	1432

185	154	1434

186	154	1435

160	155	1433

182	155	1433

186	155	1437

160	156	1412

186	156	1435

159	157	1426

186	157	1435

159	158	1416

186	158	1434

159	159	1414

185	159	1434

158	160	1427

185	160	1434

158	161	1429

185	161	1435

159	162	1399

185	162	1437

159	163	1396

184	163	1431

158	164	1399

185	164	1437

159	165	1402

185	165	1436

158	166	1409

185	166	1438

159	167	1409

184	167	1430

158	168	1445

184	168	1430

159	169	1414

184	169	1435

159	170	1436

183	170	1437

159	171	1431

182	171	1434

159	172	1432

181	172	1431

182	172	1439

160	173	1409

180	173	1433

160	174	1408

179	174	1430

160	175	1412

178	175	1427

159	176	1424

176	176	1424

177	176	1426

160	177	1420

175	177	1431

159	178	1427

174	178	1440

159	179	1442

173	179	1442

159	180	1431

173	180	1447

159	181	1434

172	181	1449

158	182	1487

172	182	1460

158	183	1461

172	183	1475

158	184	1443

172	184	1489

158	185	1444

171	185	1485

158	186	1443

171	186	1496

158	187	1450

171	187	1506

158	188	1453

171	188	1512

158	189	1457

171	189	1516

158	190	1460

171	190	1519

157	191	1478

170	191	1511

157	192	1476

169	192	1503

157	193	1478

169	193	1510

156	194	1491

169	194	1515

156	195	1485

169	195	1517

156	196	1493

169	196	1521

156	197	1499

157	197	1492

158	197	1486

159	197	1485

160	197	1485

161	197	1486

162	197	1487

163	197	1489

164	197	1490

165	197	1492

166	197	1497

167	197	1505

168	197	1515

