170	127	1347

169	128	1345

171	128	1339

172	128	1344

173	128	1306

169	129	1343

173	129	1345

166	130	1339

167	130	1340

168	130	1342

174	130	1343

175	130	1343

163	131	1362

164	131	1350

165	131	1337

176	131	1342

163	132	1368

176	132	1350

163	133	1358

177	133	1358

162	134	1348

177	134	1351

161	135	1331

177	135	1350

159	136	1334

160	136	1329

177	136	1351

158	137	1343

177	137	1353

158	138	1346

177	138	1352

157	139	1377

177	139	1353

156	140	1372

177	140	1350

156	141	1351

177	141	1350

156	142	1327

177	142	1350

156	143	1350

177	143	1354

155	144	1317

177	144	1351

155	145	1319

177	145	1352

155	146	1361

177	146	1349

155	147	1349

177	147	1350

155	148	1340

177	148	1346

155	149	1330

177	149	1344

180	149	1355

181	149	1351

182	149	1355

153	150	1283

155	150	1324

178	150	1343

179	150	1347

183	150	1359

154	151	1335

183	151	1364

153	152	1343

182	152	1346

153	153	1326

182	153	1349

152	154	1386

182	154	1355

152	155	1359

182	155	1360

152	156	1319

181	156	1346

153	157	1312

181	157	1350

152	158	1321

181	158	1351

151	159	1288

181	159	1353

151	160	1349

180	160	1341

152	161	1330

180	161	1342

152	162	1327

180	162	1345

152	163	1322

180	163	1347

153	164	1316

180	164	1349

152	165	1350

180	165	1350

152	166	1369

179	166	1342

153	167	1330

179	167	1356

152	168	1392

178	168	1358

153	169	1330

177	169	1363

153	170	1327

176	170	1358

152	171	1410

175	171	1348

153	172	1350

173	172	1341

174	172	1345

154	173	1327

171	173	1336

172	173	1341

154	174	1325

170	174	1341

153	175	1329

169	175	1350

170	175	1328

153	176	1336

168	176	1349

153	177	1335

168	177	1363

153	178	1336

167	178	1364

152	179	1368

167	179	1380

153	180	1348

167	180	1393

152	181	1359

167	181	1406

152	182	1361

167	182	1413

152	183	1360

167	183	1423

152	184	1375

167	184	1431

152	185	1372

166	185	1414

152	186	1373

166	186	1422

152	187	1377

166	187	1427

152	188	1381

166	188	1432

151	189	1413

165	189	1416

151	190	1409

165	190	1421

151	191	1402

165	191	1428

151	192	1405

165	192	1434

151	193	1402

164	193	1429

150	194	1414

164	194	1430

150	195	1417

164	195	1434

150	196	1420

163	196	1426

150	197	1424

151	197	1419

152	197	1413

153	197	1410

154	197	1409

155	197	1409

156	197	1407

157	197	1409

158	197	1411

159	197	1414

160	197	1414

161	197	1417

162	197	1424

163	197	1434

