166	123	1314

167	123	1314

168	123	1320

164	124	1302

165	124	1303

169	124	1323

163	125	1308

170	125	1331

171	125	1340

162	126	1308

172	126	1348

173	126	1309

161	127	1319

173	127	1339

159	128	1262

160	128	1320

173	128	1337

158	129	1308

173	129	1337

158	130	1304

173	130	1335

158	131	1299

174	131	1341

157	132	1302

174	132	1339

157	133	1298

173	133	1336

157	134	1294

173	134	1336

157	135	1295

173	135	1333

156	136	1300

173	136	1332

155	137	1333

174	137	1344

155	138	1309

173	138	1337

155	139	1289

173	139	1337

155	140	1285

174	140	1332

154	141	1314

174	141	1332

154	142	1311

173	142	1333

154	143	1315

173	143	1335

153	144	1378

173	144	1337

152	145	1369

173	145	1339

151	146	1326

173	146	1343

177	146	1357

178	146	1361

152	147	1336

173	147	1342

175	147	1351

176	147	1345

179	147	1361

153	148	1296

174	148	1346

179	148	1360

152	149	1300

179	149	1358

151	150	1317

179	150	1362

151	151	1321

178	151	1351

151	152	1303

178	152	1355

150	153	1339

178	153	1360

150	154	1315

177	154	1345

149	155	1347

177	155	1349

150	156	1291

177	156	1352

149	157	1286

176	157	1343

149	158	1292

176	158	1345

149	159	1310

176	159	1345

149	160	1315

176	160	1347

150	161	1297

176	161	1355

150	162	1299

176	162	1362

150	163	1304

175	163	1357

149	164	1347

174	164	1358

149	165	1319

173	165	1351

174	165	1375

149	166	1343

172	166	1344

149	167	1334

171	167	1341

172	167	1358

149	168	1338

170	168	1337

149	169	1330

169	169	1334

170	169	1350

149	170	1314

168	170	1341

149	171	1315

166	171	1344

167	171	1344

147	172	1336

148	172	1339

165	172	1351

148	173	1336

164	173	1353

148	174	1322

164	174	1359

148	175	1335

163	175	1358

148	176	1340

163	176	1366

148	177	1341

163	177	1380

148	178	1335

163	178	1387

147	179	1355

163	179	1397

148	180	1333

162	180	1387

148	181	1335

162	181	1396

147	182	1345

162	182	1399

147	183	1388

162	183	1407

147	184	1381

161	184	1392

147	185	1363

161	185	1401

147	186	1368

161	186	1405

146	187	1372

161	187	1411

146	188	1360

160	188	1396

146	189	1377

160	189	1401

145	190	1411

160	190	1406

145	191	1409

159	191	1403

145	192	1397

159	192	1406

145	193	1394

159	193	1411

145	194	1405

158	194	1405

146	195	1408

158	195	1410

144	196	1401

146	196	1411

147	196	1402

148	196	1396

149	196	1394

150	196	1393

151	196	1396

152	196	1398

153	196	1399

154	196	1398

155	196	1398

156	196	1401

157	196	1406

