196	134	1348

197	134	1333

195	135	1323

198	135	1333

194	136	1322

198	136	1315

193	137	1323

199	137	1325

190	138	1342

191	138	1330

192	138	1324

200	138	1343

190	139	1339

201	139	1321

202	139	1323

203	139	1334

190	140	1345

204	140	1334

190	141	1331

205	141	1345

190	142	1325

205	142	1341

188	143	1404

189	143	1371

205	143	1339

188	144	1397

205	144	1340

186	145	1331

187	145	1333

205	145	1338

186	146	1325

205	146	1335

185	147	1320

205	147	1330

184	148	1331

206	148	1357

185	149	1319

206	149	1347

184	150	1343

206	150	1336

184	151	1341

206	151	1333

184	152	1334

206	152	1333

183	153	1366

206	153	1333

184	154	1326

206	154	1331

184	155	1328

206	155	1332

184	156	1343

207	156	1361

184	157	1337

207	157	1355

211	157	1337

212	157	1334

213	157	1344

214	157	1369

184	158	1327

207	158	1349

209	158	1343

210	158	1326

214	158	1350

184	159	1302

208	159	1344

214	159	1352

184	160	1318

213	160	1336

184	161	1335

213	161	1343

184	162	1343

213	162	1358

183	163	1366

212	163	1333

183	164	1387

212	164	1338

184	165	1337

212	165	1344

183	166	1357

212	166	1351

184	167	1324

212	167	1356

182	168	1410

183	168	1359

212	168	1353

184	169	1327

212	169	1349

182	170	1425

183	170	1350

212	170	1344

182	171	1371

212	171	1344

182	172	1404

212	172	1345

183	173	1362

212	173	1349

183	174	1346

212	174	1354

182	175	1370

212	175	1358

183	176	1366

212	176	1369

183	177	1382

211	177	1349

183	178	1405

211	178	1365

184	179	1369

211	179	1390

184	180	1375

210	180	1364

184	181	1424

210	181	1389

185	182	1362

209	182	1366

185	183	1369

209	183	1387

186	184	1334

208	184	1375

186	185	1386

206	185	1359

207	185	1376

187	186	1399

204	186	1363

205	186	1378

188	187	1386

203	187	1381

188	188	1417

203	188	1411

188	189	1417

202	189	1401

189	190	1375

202	190	1415

188	191	1428

202	191	1426

189	192	1404

201	192	1422

189	193	1411

190	193	1394

200	193	1422

189	194	1314

191	194	1393

199	194	1424

191	195	1400

198	195	1419

191	196	1408

198	196	1427

191	197	1414

197	197	1424

191	198	1415

193	198	1420

194	198	1420

195	198	1421

196	198	1427

192	199	1425

