148	134	1376

149	134	1379

147	135	1383

150	135	1382

143	136	1376

144	136	1378

145	136	1382

146	136	1384

151	136	1387

141	137	1387

142	137	1382

152	137	1391

140	138	1394

153	138	1392

154	138	1391

140	139	1392

154	139	1391

138	140	1402

139	140	1400

154	140	1391

136	141	1378

137	141	1380

154	141	1393

134	142	1383

135	142	1378

154	142	1395

133	143	1378

154	143	1398

132	144	1389

154	144	1401

132	145	1394

153	145	1398

131	146	1420

153	146	1399

131	147	1390

153	147	1402

130	148	1413

153	148	1403

130	149	1409

153	149	1407

131	150	1384

153	150	1408

130	151	1389

152	151	1404

129	152	1422

152	152	1404

129	153	1407

152	153	1408

128	154	1417

153	154	1413

157	154	1416

158	154	1415

128	155	1403

154	155	1411

155	155	1412

156	155	1411

158	155	1411

128	156	1388

158	156	1407

127	157	1403

158	157	1406

127	158	1405

158	158	1410

126	159	1438

157	159	1412

127	160	1389

157	160	1414

126	161	1390

157	161	1417

126	162	1395

157	162	1418

127	163	1378

156	163	1416

126	164	1388

156	164	1418

126	165	1390

155	165	1413

126	166	1388

155	166	1412

126	167	1390

155	167	1414

126	168	1394

154	168	1413

126	169	1400

154	169	1416

126	170	1403

153	170	1420

126	171	1390

152	171	1420

127	172	1390

151	172	1419

127	173	1409

150	173	1421

127	174	1423

149	174	1414

127	175	1420

148	175	1417

127	176	1416

146	176	1416

147	176	1423

127	177	1425

145	177	1427

127	178	1423

144	178	1448

126	179	1458

144	179	1470

127	180	1421

144	180	1486

127	181	1421

144	181	1496

127	182	1418

144	182	1496

126	183	1434

143	183	1487

126	184	1429

143	184	1495

126	185	1430

142	185	1481

126	186	1433

142	186	1483

126	187	1434

142	187	1487

126	188	1440

142	188	1492

126	189	1442

142	189	1495

126	190	1441

141	190	1487

126	191	1446

141	191	1493

126	192	1450

140	192	1487

125	193	1479

140	193	1489

125	194	1486

140	194	1491

125	195	1476

140	195	1492

125	196	1489

139	196	1489

125	197	1494

126	197	1477

127	197	1469

128	197	1462

129	197	1458

130	197	1455

131	197	1455

132	197	1455

133	197	1456

134	197	1459

135	197	1464

136	197	1472

137	197	1480

138	197	1487

139	197	1494

