156	112	1187

157	112	1181

158	112	1181

159	112	1188

150	113	1195

151	113	1182

152	113	1180

153	113	1185

154	113	1189

156	113	1177

160	113	1188

149	114	1192

155	114	1179

161	114	1207

147	115	1210

148	115	1202

161	115	1202

148	116	1182

162	116	1201

144	117	1214

146	117	1204

147	117	1184

163	117	1189

164	117	1213

143	118	1183

145	118	1208

164	118	1195

141	119	1166

142	119	1171

164	119	1190

140	120	1185

164	120	1191

139	121	1182

164	121	1191

138	122	1190

164	122	1198

137	123	1185

164	123	1204

137	124	1195

164	124	1211

136	125	1185

164	125	1218

135	126	1218

163	126	1196

135	127	1248

163	127	1205

135	128	1225

163	128	1215

133	129	1240

134	129	1193

163	129	1223

133	130	1172

162	130	1208

132	131	1191

162	131	1216

132	132	1207

162	132	1222

132	133	1193

162	133	1224

132	134	1193

161	134	1209

130	135	1230

131	135	1218

161	135	1215

130	136	1259

161	136	1222

165	136	1222

166	136	1218

167	136	1223

168	136	1237

130	137	1214

161	137	1226

163	137	1220

164	137	1210

169	137	1236

130	138	1192

162	138	1213

169	138	1234

129	139	1237

168	139	1214

128	140	1259

168	140	1225

129	141	1209

167	141	1214

129	142	1201

167	142	1226

130	143	1180

167	143	1235

128	144	1205

129	144	1191

166	144	1222

127	145	1202

166	145	1239

126	146	1202

165	146	1219

127	147	1196

165	147	1228

127	148	1238

164	148	1216

128	149	1176

164	149	1226

128	150	1182

163	150	1216

128	151	1190

163	151	1222

128	152	1195

163	152	1235

128	153	1204

162	153	1220

127	154	1205

129	154	1183

162	154	1233

128	155	1188

161	155	1231

127	156	1236

128	156	1181

160	156	1232

129	157	1195

159	157	1235

128	158	1253

158	158	1238

129	159	1208

157	159	1244

129	160	1199

155	160	1228

156	160	1242

129	161	1196

153	161	1221

154	161	1232

127	162	1193

128	162	1224

152	162	1224

128	163	1231

151	163	1225

128	164	1235

150	164	1250

126	165	1163

129	165	1211

149	165	1271

127	166	1212

128	166	1214

148	166	1269

128	167	1223

148	167	1277

128	168	1220

148	168	1281

127	169	1278

147	169	1267

128	170	1220

147	170	1272

127	171	1226

147	171	1276

127	172	1228

147	172	1280

128	173	1226

129	173	1223

130	173	1218

131	173	1218

132	173	1218

133	173	1219

134	173	1217

135	173	1218

136	173	1219

137	173	1221

138	173	1221

139	173	1220

140	173	1224

141	173	1228

142	173	1239

143	173	1247

144	173	1252

145	173	1259

146	173	1270

147	173	1283

