203	136	1403

204	136	1413

200	137	1381

201	137	1373

202	137	1372

203	137	1379

199	138	1387

204	138	1389

196	139	1409

198	139	1385

204	139	1384

197	140	1382

205	140	1389

206	140	1393

207	140	1391

208	140	1402

196	141	1398

209	141	1402

195	142	1421

210	142	1410

195	143	1387

211	143	1411

195	144	1386

210	144	1397

193	145	1440

194	145	1422

210	145	1406

192	146	1408

210	146	1407

192	147	1386

210	147	1399

191	148	1368

210	148	1393

191	149	1383

210	149	1389

191	150	1380

211	150	1416

190	151	1408

211	151	1406

191	152	1382

211	152	1403

190	153	1399

211	153	1402

190	154	1394

211	154	1402

190	155	1389

211	155	1401

190	156	1387

211	156	1398

190	157	1390

211	157	1395

216	157	1404

217	157	1402

218	157	1425

190	158	1394

212	158	1415

214	158	1417

215	158	1395

218	158	1405

190	159	1386

213	159	1410

218	159	1417

189	160	1394

217	160	1395

189	161	1415

217	161	1406

189	162	1436

217	162	1418

188	163	1410

190	163	1393

217	163	1432

189	164	1426

216	164	1396

189	165	1405

216	165	1398

188	166	1418

216	166	1401

188	167	1391

216	167	1403

188	168	1423

216	168	1403

188	169	1417

216	169	1402

188	170	1440

216	170	1402

188	171	1394

216	171	1404

188	172	1391

216	172	1403

188	173	1440

216	173	1401

188	174	1476

216	174	1402

187	175	1444

188	175	1472

216	175	1410

189	176	1398

216	176	1429

188	177	1398

215	177	1407

188	178	1421

215	178	1422

188	179	1435

214	179	1407

189	180	1425

214	180	1425

189	181	1420

213	181	1409

190	182	1436

213	182	1425

190	183	1472

212	183	1411

190	184	1431

191	184	1448

212	184	1436

192	185	1425

210	185	1425

211	185	1447

192	186	1446

209	186	1457

192	187	1457

208	187	1475

193	188	1449

207	188	1460

192	189	1466

207	189	1480

193	190	1414

206	190	1462

193	191	1448

206	191	1477

193	192	1453

205	192	1470

193	193	1466

205	193	1483

193	194	1465

204	194	1478

191	195	1422

194	195	1448

203	195	1473

194	196	1453

203	196	1481

194	197	1455

202	197	1478

194	198	1460

202	198	1486

194	199	1468

201	199	1486

194	200	1480

197	200	1481

198	200	1483

199	200	1486

200	200	1488

195	201	1485

196	201	1486

