161	153	1925

162	153	1931

160	154	1911

163	154	1919

158	155	1924

159	155	1915

164	155	1919

158	156	1909

165	156	1924

157	157	1915

165	157	1923

156	158	1910

165	158	1919

154	159	1897

155	159	1894

165	159	1913

153	160	1899

165	160	1908

153	161	1894

165	161	1906

153	162	1886

165	162	1901

152	163	1887

165	163	1898

152	164	1879

165	164	1899

151	165	1893

165	165	1904

151	166	1881

164	166	1893

151	167	1879

165	167	1910

150	168	1882

166	168	1946

150	169	1878

167	169	1904

168	169	1914

149	170	1889

168	170	1908

149	171	1881

168	171	1908

148	172	1900

168	172	1904

148	173	1884

167	173	1891

148	174	1878

167	174	1895

148	175	1875

167	175	1900

148	176	1879

167	176	1899

148	177	1880

166	177	1890

148	178	1882

166	178	1896

148	179	1881

166	179	1906

148	180	1877

165	180	1897

166	180	1925

148	181	1879

164	181	1894

148	182	1889

162	182	1878

163	182	1901

148	183	1904

161	183	1885

148	184	1907

160	184	1894

148	185	1901

159	185	1904

147	186	1918

158	186	1914

148	187	1889

157	187	1904

147	188	1896

157	188	1920

147	189	1894

156	189	1900

146	190	1915

156	190	1914

146	191	1905

156	191	1926

145	192	1937

156	192	1935

145	193	1930

155	193	1919

145	194	1927

155	194	1930

145	195	1927

155	195	1946

144	196	1954

155	196	1959

144	197	1944

155	197	1969

144	198	1937

155	198	1977

143	199	1978

154	199	1941

143	200	1960

154	200	1949

143	201	1954

144	201	1924

145	201	1910

146	201	1905

147	201	1904

148	201	1903

149	201	1905

150	201	1908

151	201	1913

152	201	1916

153	201	1928

154	201	1959

