153	105	1142

154	105	1137

152	106	1132

155	106	1128

145	107	1148

146	107	1128

147	107	1123

148	107	1126

149	107	1135

151	107	1133

156	107	1134

144	108	1147

150	108	1125

156	108	1130

143	109	1125

157	109	1135

141	110	1165

142	110	1171

158	110	1138

159	110	1146

140	111	1157

160	111	1142

138	112	1161

139	112	1152

161	112	1157

137	113	1124

161	113	1152

136	114	1121

161	114	1153

134	115	1152

135	115	1124

161	115	1146

133	116	1127

160	116	1139

133	117	1145

160	117	1141

131	118	1116

132	118	1150

160	118	1145

130	119	1178

160	119	1150

129	120	1202

160	120	1157

129	121	1191

160	121	1158

128	122	1187

159	122	1147

129	123	1156

159	123	1152

128	124	1169

159	124	1159

129	125	1142

159	125	1165

129	126	1145

158	126	1151

127	127	1154

128	127	1171

158	127	1156

127	128	1159

158	128	1160

128	129	1133

158	129	1166

128	130	1122

158	130	1164

126	131	1175

127	131	1138

157	131	1159

161	131	1178

162	131	1164

163	131	1158

164	131	1156

165	131	1163

125	132	1174

157	132	1162

160	132	1173

166	132	1170

125	133	1167

157	133	1165

159	133	1166

165	133	1153

124	134	1119

158	134	1162

165	134	1158

125	135	1153

165	135	1168

124	136	1164

164	136	1159

123	137	1158

164	137	1168

124	138	1164

164	138	1176

124	139	1162

164	139	1176

122	140	1116

123	140	1195

163	140	1167

122	141	1135

163	141	1176

122	142	1168

162	142	1163

123	143	1159

162	143	1170

123	144	1147

162	144	1173

124	145	1128

161	145	1162

124	146	1135

161	146	1174

123	147	1146

160	147	1163

123	148	1141

160	148	1172

122	149	1165

123	149	1130

160	149	1183

124	150	1144

159	150	1177

124	151	1161

158	151	1176

122	152	1201

124	152	1177

157	152	1176

122	153	1186

123	153	1192

156	153	1180

122	154	1171

124	154	1159

155	154	1181

123	155	1147

154	155	1181

124	156	1142

153	156	1182

122	157	1164

123	157	1170

152	157	1185

123	158	1182

150	158	1171

151	158	1189

124	159	1185

148	159	1175

149	159	1184

124	160	1143

147	160	1197

124	161	1166

146	161	1201

122	162	1136

123	162	1168

146	162	1214

122	163	1226

146	163	1225

123	164	1197

145	164	1215

147	164	1231

123	165	1149

124	165	1166

125	165	1162

126	165	1156

127	165	1153

128	165	1153

129	165	1152

130	165	1151

131	165	1150

132	165	1149

133	165	1149

134	165	1148

135	165	1149

136	165	1152

137	165	1155

138	165	1158

139	165	1160

140	165	1162

141	165	1167

142	165	1175

143	165	1187

144	165	1203

145	165	1222

