127	126	1244

128	126	1249

129	126	1250

122	127	1242

123	127	1240

125	127	1227

126	127	1247

130	127	1253

120	128	1247

121	128	1243

124	128	1245

131	128	1224

119	129	1251

131	129	1253

117	130	1219

118	130	1248

132	130	1261

117	131	1236

133	131	1261

115	132	1263

116	132	1261

133	132	1260

114	133	1238

133	133	1259

111	134	1241

112	134	1234

113	134	1233

133	134	1261

110	135	1255

133	135	1263

110	136	1240

133	136	1266

109	137	1249

133	137	1268

108	138	1228

133	138	1271

107	139	1245

133	139	1273

107	140	1267

132	140	1271

107	141	1255

132	141	1271

107	142	1247

132	142	1274

106	143	1248

132	143	1276

105	144	1259

131	144	1273

106	145	1248

131	145	1274

105	146	1257

131	146	1278

104	147	1280

131	147	1283

103	148	1274

130	148	1283

103	149	1275

130	149	1285

135	149	1277

136	149	1278

137	149	1280

138	149	1284

102	150	1283

131	150	1297

133	150	1279

134	150	1278

138	150	1283

102	151	1247

132	151	1287

138	151	1283

101	152	1261

138	152	1284

102	153	1243

137	153	1283

102	154	1242

137	154	1289

102	155	1242

136	155	1286

101	156	1265

136	156	1290

101	157	1252

136	157	1294

100	158	1265

135	158	1290

100	159	1281

135	159	1290

99	160	1333

100	160	1300

134	160	1282

99	161	1323

101	161	1250

134	161	1286

101	162	1246

134	162	1289

100	163	1254

133	163	1287

100	164	1263

133	164	1294

101	165	1250

132	165	1294

101	166	1253

131	166	1291

101	167	1260

130	167	1291

101	168	1258

129	168	1288

101	169	1270

128	169	1287

101	170	1259

127	170	1288

101	171	1301

126	171	1293

101	172	1262

124	172	1284

125	172	1295

100	173	1255

122	173	1284

123	173	1289

101	174	1262

121	174	1306

101	175	1270

120	175	1321

100	176	1282

120	176	1337

100	177	1295

119	177	1336

100	178	1288

119	178	1353

100	179	1283

118	179	1337

100	180	1278

118	180	1346

99	181	1305

118	181	1355

99	182	1295

117	182	1346

99	183	1294

117	183	1350

99	184	1291

117	184	1354

99	185	1288

117	185	1356

98	186	1287

116	186	1347

98	187	1301

116	187	1352

98	188	1312

99	188	1304

100	188	1301

101	188	1301

102	188	1300

103	188	1297

104	188	1294

105	188	1294

106	188	1295

107	188	1299

108	188	1301

109	188	1303

110	188	1307

111	188	1312

112	188	1323

113	188	1334

114	188	1343

115	188	1350

116	188	1361

