198	136	1352

199	136	1364

200	136	1362

201	136	1366

198	137	1359

202	137	1363

195	138	1372

196	138	1364

197	138	1360

202	138	1355

194	139	1384

203	139	1366

204	139	1378

205	139	1378

194	140	1397

206	140	1363

207	140	1376

193	141	1448

208	141	1379

193	142	1402

209	142	1399

193	143	1379

209	143	1396

193	144	1398

208	144	1361

192	145	1428

208	145	1363

191	146	1370

209	146	1391

190	147	1364

209	147	1381

189	148	1360

209	148	1376

189	149	1363

209	149	1371

189	150	1362

209	150	1367

189	151	1359

210	151	1394

189	152	1359

210	152	1391

188	153	1363

210	153	1389

188	154	1330

210	154	1386

188	155	1360

210	155	1383

188	156	1375

210	156	1380

188	157	1373

210	157	1377

214	157	1386

215	157	1372

216	157	1375

217	157	1402

188	158	1361

210	158	1373

213	158	1378

217	158	1383

188	159	1334

211	159	1381

212	159	1378

217	159	1389

188	160	1357

216	160	1375

188	161	1377

216	161	1387

188	162	1372

216	162	1407

188	163	1378

215	163	1374

187	164	1434

215	164	1376

186	165	1448

215	165	1376

186	166	1429

215	166	1379

185	167	1412

215	167	1382

186	168	1405

215	168	1384

186	169	1408

215	169	1381

187	170	1394

215	170	1378

187	171	1385

215	171	1379

187	172	1368

215	172	1382

187	173	1373

215	173	1385

187	174	1395

215	174	1389

186	175	1423

187	175	1382

215	175	1394

188	176	1369

215	176	1409

188	177	1369

214	177	1385

187	178	1391

214	178	1404

188	179	1382

213	179	1385

188	180	1411

213	180	1400

187	181	1430

212	181	1388

188	182	1435

212	182	1404

189	183	1408

211	183	1393

190	184	1391

211	184	1416

191	185	1399

209	185	1401

210	185	1423

191	186	1424

208	186	1427

192	187	1410

207	187	1450

192	188	1424

206	188	1449

192	189	1452

205	189	1438

191	190	1435

205	190	1453

191	191	1463

204	191	1443

192	192	1431

204	192	1460

193	193	1419

203	193	1456

193	194	1425

202	194	1453

193	195	1428

202	195	1459

193	196	1438

201	196	1454

193	197	1444

201	197	1461

193	198	1452

199	198	1454

200	198	1461

193	199	1457

197	199	1456

198	199	1462

194	200	1457

195	200	1460

196	200	1464

194	201	1461

