204	140	1571

205	140	1571

202	141	1565

203	141	1569

206	141	1574

207	141	1580

201	142	1583

208	142	1586

209	142	1585

211	142	1586

200	143	1589

210	143	1577

211	143	1577

200	144	1583

212	144	1584

200	145	1582

212	145	1581

199	146	1631

212	146	1587

199	147	1600

212	147	1587

198	148	1585

212	148	1584

197	149	1576

212	149	1581

197	150	1575

212	150	1579

196	151	1580

213	151	1590

195	152	1582

213	152	1589

194	153	1591

213	153	1586

195	154	1582

213	154	1587

194	155	1580

213	155	1589

195	156	1579

213	156	1591

195	157	1578

213	157	1590

217	157	1591

218	157	1594

195	158	1575

214	158	1591

215	158	1575

216	158	1581

219	158	1598

194	159	1563

218	159	1581

195	160	1581

218	160	1583

194	161	1579

218	161	1587

195	162	1576

218	162	1588

193	163	1651

194	163	1593

218	163	1589

193	164	1623

218	164	1592

193	165	1594

218	165	1603

193	166	1588

218	166	1623

193	167	1574

217	167	1586

193	168	1579

217	168	1587

192	169	1587

217	169	1589

193	170	1583

217	170	1593

193	171	1585

217	171	1599

193	172	1588

217	172	1603

193	173	1598

217	173	1614

193	174	1591

216	174	1593

193	175	1609

216	175	1620

194	176	1582

215	176	1596

194	177	1588

215	177	1612

194	178	1608

214	178	1593

195	179	1586

214	179	1622

195	180	1586

213	180	1609

195	181	1595

212	181	1615

196	182	1603

211	182	1636

196	183	1608

210	183	1642

197	184	1598

209	184	1630

197	185	1604

209	185	1645

197	186	1602

209	186	1662

197	187	1601

209	187	1678

197	188	1609

208	188	1656

197	189	1612

208	189	1672

197	190	1613

207	190	1657

197	191	1619

207	191	1665

197	192	1623

207	192	1673

197	193	1629

207	193	1683

197	194	1633

206	194	1667

196	195	1646

206	195	1673

196	196	1648

206	196	1678

196	197	1658

206	197	1683

196	198	1667

205	198	1675

196	199	1672

205	199	1676

196	200	1674

205	200	1678

196	201	1674

205	201	1679

196	202	1678

197	202	1668

198	202	1663

199	202	1662

200	202	1662

201	202	1663

202	202	1667

203	202	1672

204	202	1677

205	202	1684

