165	130	1391

163	131	1388

164	131	1388

166	131	1390

167	131	1390

162	132	1393

167	132	1395

159	133	1412

160	133	1399

161	133	1394

168	133	1393

169	133	1395

159	134	1398

169	134	1392

157	135	1412

158	135	1403

170	135	1394

156	136	1402

169	136	1388

154	137	1408

155	137	1396

169	137	1389

153	138	1404

170	138	1397

153	139	1391

170	139	1397

151	140	1409

152	140	1397

169	140	1392

150	141	1408

169	141	1391

150	142	1406

169	142	1390

150	143	1400

169	143	1391

150	144	1390

169	144	1391

149	145	1390

168	145	1389

148	146	1359

168	146	1389

148	147	1398

168	147	1391

147	148	1441

168	148	1390

147	149	1407

168	149	1390

146	150	1424

168	150	1391

145	151	1401

169	151	1388

170	151	1372

173	151	1383

145	152	1364

171	152	1381

172	152	1380

173	152	1381

145	153	1379

173	153	1382

145	154	1381

172	154	1378

145	155	1382

172	155	1381

144	156	1392

171	156	1377

143	157	1427

171	157	1383

144	158	1372

170	158	1381

143	159	1402

170	159	1384

143	160	1386

169	160	1379

144	161	1373

169	161	1381

143	162	1388

169	162	1383

144	163	1373

168	163	1380

143	164	1393

168	164	1381

143	165	1392

168	165	1382

142	166	1438

168	166	1386

143	167	1380

167	167	1383

143	168	1375

165	168	1376

166	168	1382

143	169	1375

164	169	1384

143	170	1397

163	170	1386

143	171	1419

161	171	1378

162	171	1388

143	172	1398

160	172	1377

143	173	1382

159	173	1383

143	174	1383

158	174	1394

142	175	1417

157	175	1410

143	176	1395

157	176	1429

143	177	1395

156	177	1425

142	178	1405

156	178	1434

141	179	1392

156	179	1442

142	180	1403

156	180	1448

142	181	1405

156	181	1456

142	182	1411

156	182	1460

142	183	1412

156	183	1462

141	184	1423

156	184	1467

141	185	1421

155	185	1459

141	186	1422

155	186	1464

141	187	1421

155	187	1470

141	188	1425

155	188	1476

141	189	1434

154	189	1462

141	190	1440

154	190	1465

140	191	1447

154	191	1469

140	192	1450

154	192	1475

140	193	1452

153	193	1470

140	194	1461

153	194	1474

140	195	1463

152	195	1472

140	196	1469

152	196	1473

140	197	1472

152	197	1475

141	198	1469

151	198	1474

141	199	1476

150	199	1473

142	200	1473

149	200	1473

142	201	1477

143	201	1474

148	201	1475

144	202	1476

145	202	1476

146	202	1475

147	202	1477

