196	148	1739

197	148	1741

195	149	1745

198	149	1742

193	150	1761

194	150	1751

199	150	1743

193	151	1750

200	151	1740

201	151	1739

193	152	1748

202	152	1745

192	153	1753

202	153	1747

192	154	1755

202	154	1746

190	155	1751

191	155	1753

202	155	1745

189	156	1751

203	156	1750

189	157	1751

203	157	1748

188	158	1760

203	158	1746

188	159	1758

203	159	1743

188	160	1757

203	160	1741

188	161	1756

203	161	1741

188	162	1751

204	162	1753

188	163	1748

205	163	1729

206	163	1739

207	163	1741

188	164	1749

207	164	1741

188	165	1750

207	165	1739

187	166	1763

207	166	1738

187	167	1756

207	167	1740

187	168	1747

207	168	1744

187	169	1747

207	169	1740

187	170	1740

207	170	1737

186	171	1754

207	171	1736

186	172	1748

207	172	1740

186	173	1749

208	173	1753

186	174	1752

208	174	1754

186	175	1733

208	175	1765

186	176	1718

208	176	1795

186	177	1729

207	177	1762

186	178	1751

207	178	1778

186	179	1739

206	179	1755

187	180	1736

206	180	1768

187	181	1743

206	181	1781

188	182	1739

205	182	1768

188	183	1748

205	183	1784

188	184	1744

204	184	1776

205	184	1799

189	185	1752

203	185	1777

189	186	1759

202	186	1785

190	187	1753

202	187	1790

189	188	1770

202	188	1804

190	189	1756

202	189	1828

189	190	1786

201	190	1810

190	191	1769

201	191	1825

190	192	1771

201	192	1836

190	193	1774

200	193	1810

190	194	1775

200	194	1813

190	195	1781

200	195	1818

190	196	1780

200	196	1822

190	197	1784

200	197	1827

191	198	1776

200	198	1832

191	199	1782

200	199	1834

191	200	1782

200	200	1835

191	201	1784

200	201	1834

191	202	1793

200	202	1832

190	203	1817

200	203	1831

190	204	1823

200	204	1832

190	205	1830

200	205	1834

190	206	1831

191	206	1810

192	206	1799

193	206	1798

194	206	1797

195	206	1800

196	206	1802

197	206	1806

198	206	1809

199	206	1818

200	206	1831

