158	157	2005

159	157	2010

156	158	2019

157	158	1993

160	158	2002

155	159	2027

161	159	2000

155	160	1995

162	160	1998

154	161	2016

162	161	1991

152	162	1997

153	162	1985

162	162	1995

151	163	1985

163	163	2036

150	164	2014

163	164	2029

150	165	1987

163	165	2024

150	166	1977

162	166	1985

149	167	2001

162	167	1984

149	168	1987

162	168	1980

149	169	1975

162	169	1981

148	170	1984

162	170	1984

148	171	1966

162	171	1989

147	172	1993

163	172	1996

164	172	1997

165	172	2010

147	173	1969

165	173	1990

147	174	1960

165	174	1989

146	175	1982

165	175	1997

146	176	1972

164	176	1979

146	177	1966

164	177	1984

146	178	1961

164	178	1990

146	179	1960

164	179	1995

146	180	1960

164	180	2017

146	181	1961

163	181	1981

146	182	1960

163	182	1985

146	183	1960

162	183	1972

163	183	2003

146	184	1959

161	184	1988

146	185	1966

159	185	1974

160	185	2004

146	186	1982

158	186	1968

146	187	1998

157	187	1977

146	188	2001

156	188	1985

146	189	1995

155	189	1981

145	190	2018

155	190	2001

145	191	2003

154	191	1984

145	192	1996

154	192	1995

145	193	1991

154	193	2002

144	194	2021

154	194	2008

144	195	2011

154	195	2016

144	196	2012

154	196	2024

144	197	2010

154	197	2033

143	198	2059

153	198	2003

143	199	2042

153	199	2011

143	200	2036

153	200	2021

143	201	2031

153	201	2030

143	202	2022

153	202	2036

143	203	2015

144	203	1994

145	203	1985

146	203	1977

147	203	1976

148	203	1976

149	203	1981

150	203	1985

151	203	1993

152	203	2008

153	203	2042

