159	155	1960

160	155	1943

161	155	1945

162	155	1957

158	156	1951

163	156	1961

157	157	1947

164	157	1965

156	158	1959

164	158	1951

155	159	1949

164	159	1943

153	160	1936

154	160	1930

164	160	1937

153	161	1926

164	161	1933

152	162	1929

164	162	1934

152	163	1920

164	163	1934

152	164	1914

164	164	1935

151	165	1920

164	165	1935

151	166	1913

164	166	1934

150	167	1921

164	167	1931

150	168	1913

163	168	1916

149	169	1928

164	169	1931

149	170	1911

165	170	1939

166	170	1939

167	170	1941

148	171	1919

167	171	1927

148	172	1907

167	172	1931

148	173	1903

167	173	1933

147	174	1932

166	174	1926

147	175	1923

166	175	1928

147	176	1917

166	176	1931

147	177	1914

165	177	1916

147	178	1910

165	178	1918

147	179	1909

165	179	1925

147	180	1909

165	180	1929

147	181	1915

164	181	1919

147	182	1923

163	182	1925

147	183	1930

161	183	1910

162	183	1936

147	184	1943

160	184	1908

147	185	1943

159	185	1917

147	186	1935

158	186	1934

147	187	1930

157	187	1932

146	188	1951

156	188	1920

146	189	1932

156	189	1939

146	190	1922

155	190	1929

145	191	1955

155	191	1946

145	192	1942

155	192	1955

145	193	1937

155	193	1967

145	194	1933

155	194	1981

144	195	1963

154	195	1954

144	196	1955

154	196	1963

144	197	1957

154	197	1972

143	198	1992

154	198	1976

143	199	1978

154	199	1977

143	200	1971

154	200	1992

143	201	1971

144	201	1945

145	201	1933

146	201	1928

147	201	1926

148	201	1927

149	201	1930

150	201	1931

151	201	1939

152	201	1950

153	201	1973

