149	136	1401

150	136	1400

151	136	1401

152	136	1403

145	137	1397

146	137	1399

147	137	1402

148	137	1403

153	137	1403

144	138	1398

154	138	1400

143	139	1398

155	139	1409

143	140	1399

156	140	1413

142	141	1404

156	141	1411

139	142	1401

140	142	1406

141	142	1408

156	142	1412

138	143	1393

156	143	1415

137	144	1394

156	144	1418

135	145	1426

136	145	1396

155	145	1416

135	146	1414

155	146	1418

135	147	1405

155	147	1420

134	148	1410

155	148	1419

134	149	1401

155	149	1420

133	150	1426

155	150	1423

133	151	1428

155	151	1426

133	152	1402

154	152	1424

132	153	1415

154	153	1426

132	154	1409

154	154	1427

131	155	1420

155	155	1441

159	155	1431

160	155	1431

131	156	1423

155	156	1447

157	156	1432

158	156	1430

161	156	1432

130	157	1462

156	157	1440

161	157	1432

130	158	1445

160	158	1427

130	159	1416

160	159	1427

130	160	1403

160	160	1432

130	161	1402

159	161	1434

130	162	1402

159	162	1436

130	163	1399

159	163	1439

130	164	1401

158	164	1434

129	165	1424

158	165	1434

129	166	1408

158	166	1434

129	167	1405

157	167	1431

129	168	1405

157	168	1435

129	169	1415

157	169	1444

129	170	1414

156	170	1446

128	171	1422

155	171	1441

129	172	1413

155	172	1446

129	173	1445

154	173	1447

130	174	1421

153	174	1446

130	175	1427

152	175	1443

130	176	1455

151	176	1449

130	177	1454

149	177	1444

150	177	1454

131	178	1419

148	178	1453

130	179	1421

147	179	1468

130	180	1426

147	180	1496

130	181	1456

146	181	1490

130	182	1449

146	182	1503

130	183	1443

146	183	1511

130	184	1440

145	184	1492

130	185	1436

145	185	1497

129	186	1457

145	186	1501

129	187	1479

145	187	1504

129	188	1470

145	188	1508

129	189	1471

145	189	1510

129	190	1478

144	190	1501

129	191	1484

144	191	1506

129	192	1493

144	192	1511

129	193	1494

143	193	1505

129	194	1492

143	194	1508

129	195	1495

143	195	1512

129	196	1507

143	196	1513

129	197	1509

130	197	1495

131	197	1485

132	197	1482

133	197	1479

134	197	1480

135	197	1477

136	197	1476

137	197	1479

138	197	1483

139	197	1489

140	197	1495

141	197	1504

142	197	1511

