194	136	1304

195	136	1317

192	137	1315

193	137	1306

196	137	1312

197	137	1313

192	138	1319

198	138	1318

192	139	1304

199	139	1342

200	139	1347

190	140	1319

191	140	1313

201	140	1313

202	140	1341

188	141	1341

189	141	1317

203	141	1347

188	142	1347

202	142	1315

188	143	1346

203	143	1333

188	144	1335

203	144	1327

186	145	1398

187	145	1389

203	145	1322

186	146	1368

203	146	1321

185	147	1320

204	147	1338

184	148	1315

204	148	1334

184	149	1308

204	149	1329

183	150	1318

204	150	1323

182	151	1336

204	151	1322

183	152	1312

204	152	1322

182	153	1333

205	153	1348

182	154	1330

205	154	1343

182	155	1339

205	155	1342

183	156	1313

205	156	1341

183	157	1319

205	157	1339

183	158	1320

205	158	1333

210	158	1340

211	158	1336

212	158	1354

183	159	1323

205	159	1331

209	159	1325

212	159	1332

182	160	1305

206	160	1344

208	160	1326

213	160	1377

183	161	1326

207	161	1329

212	161	1333

182	162	1300

212	162	1349

182	163	1321

211	163	1328

183	164	1320

211	164	1338

182	165	1343

211	165	1352

182	166	1347

211	166	1367

182	167	1348

210	167	1332

182	168	1349

210	168	1334

182	169	1337

210	169	1335

182	170	1332

210	170	1336

181	171	1399

210	171	1338

181	172	1380

210	172	1336

181	173	1379

211	173	1376

181	174	1386

211	174	1362

181	175	1363

211	175	1359

182	176	1336

211	176	1363

181	177	1369

211	177	1381

181	178	1402

210	178	1351

182	179	1362

210	179	1368

183	180	1340

209	180	1348

183	181	1352

209	181	1366

183	182	1368

208	182	1350

183	183	1413

208	183	1369

184	184	1370

208	184	1399

184	185	1368

207	185	1371

185	186	1357

206	186	1364

185	187	1378

204	187	1360

205	187	1376

186	188	1389

203	188	1378

187	189	1380

202	189	1402

187	190	1393

201	190	1403

187	191	1376

188	191	1382

201	191	1417

189	192	1373

200	192	1407

189	193	1379

199	193	1406

189	194	1382

199	194	1421

190	195	1388

198	195	1417

189	196	1387

197	196	1415

190	197	1397

197	197	1420

190	198	1403

195	198	1417

196	198	1423

191	199	1410

193	199	1412

194	199	1420

191	200	1420

192	200	1419

