169	140	1618

170	140	1612

171	140	1609

172	140	1611

168	141	1609

173	141	1617

167	142	1608

174	142	1617

166	143	1609

175	143	1619

165	144	1617

175	144	1618

163	145	1603

164	145	1604

175	145	1616

161	146	1602

162	146	1599

175	146	1616

161	147	1594

175	147	1614

160	148	1611

175	148	1613

160	149	1593

175	149	1612

160	150	1594

175	150	1612

159	151	1639

175	151	1610

159	152	1611

175	152	1609

159	153	1594

175	153	1609

158	154	1609

175	154	1610

158	155	1585

175	155	1607

157	156	1637

175	156	1606

158	157	1589

176	157	1613

157	158	1586

177	158	1617

178	158	1614

179	158	1614

180	158	1620

156	159	1588

180	159	1615

156	160	1584

179	160	1608

156	161	1584

179	161	1609

155	162	1614

178	162	1606

156	163	1575

178	163	1608

155	164	1601

178	164	1609

155	165	1582

178	165	1606

155	166	1582

177	166	1601

155	167	1581

177	167	1601

155	168	1578

177	168	1605

155	169	1589

177	169	1606

155	170	1601

177	170	1607

155	171	1606

177	171	1613

155	172	1596

176	172	1617

155	173	1604

174	173	1605

175	173	1618

155	174	1598

173	174	1601

155	175	1605

172	175	1596

155	176	1604

170	176	1588

171	176	1595

155	177	1597

169	177	1597

154	178	1595

168	178	1612

154	179	1614

167	179	1611

154	180	1606

167	180	1622

154	181	1605

166	181	1619

153	182	1622

166	182	1643

153	183	1619

165	183	1633

152	184	1638

165	184	1650

152	185	1635

165	185	1670

152	186	1633

164	186	1657

152	187	1631

164	187	1665

152	188	1629

164	188	1671

151	189	1645

164	189	1686

151	190	1644

163	190	1671

150	191	1680

163	191	1687

150	192	1667

163	192	1697

150	193	1663

162	193	1682

149	194	1683

162	194	1692

149	195	1679

161	195	1684

149	196	1678

161	196	1689

149	197	1678

150	197	1661

151	197	1654

152	197	1653

153	197	1654

154	197	1653

155	197	1654

156	197	1654

157	197	1657

158	197	1662

159	197	1668

160	197	1679

