164	127	1358

165	127	1359

166	127	1360

163	128	1344

167	128	1363

161	129	1372

162	129	1368

168	129	1368

169	129	1368

160	130	1372

170	130	1370

159	131	1371

171	131	1375

172	131	1363

159	132	1360

171	132	1374

157	133	1381

158	133	1366

171	133	1374

155	134	1355

156	134	1357

171	134	1373

154	135	1356

171	135	1373

154	136	1353

172	136	1372

153	137	1359

172	137	1350

152	138	1352

172	138	1354

152	139	1352

172	139	1355

151	140	1367

172	140	1374

151	141	1393

172	141	1376

150	142	1366

172	142	1368

150	143	1423

171	143	1373

150	144	1392

171	144	1372

150	145	1379

171	145	1373

149	146	1386

171	146	1372

148	147	1315

150	147	1347

171	147	1371

148	148	1362

149	148	1359

171	148	1370

174	148	1370

176	148	1378

148	149	1373

171	149	1371

173	149	1367

175	149	1365

176	149	1371

148	150	1354

172	150	1371

177	150	1379

147	151	1387

176	151	1372

147	152	1369

176	152	1378

147	153	1343

176	153	1359

147	154	1338

175	154	1374

146	155	1349

174	155	1369

146	156	1347

174	156	1371

146	157	1361

174	157	1370

146	158	1339

174	158	1371

146	159	1338

173	159	1363

145	160	1356

173	160	1365

146	161	1345

173	161	1370

146	162	1338

173	162	1371

146	163	1344

172	163	1367

146	164	1354

172	164	1370

146	165	1322

172	165	1376

146	166	1349

170	166	1371

171	166	1379

146	167	1346

169	167	1372

146	168	1357

168	168	1370

146	169	1376

167	169	1371

147	170	1360

166	170	1372

147	171	1366

164	171	1363

165	171	1372

147	172	1367

163	172	1368

146	173	1380

162	173	1377

145	174	1395

161	174	1381

146	175	1368

160	175	1383

145	176	1383

160	176	1392

145	177	1378

160	177	1404

145	178	1380

160	178	1423

145	179	1381

160	179	1435

144	180	1402

159	180	1424

144	181	1407

159	181	1431

145	182	1393

159	182	1436

144	183	1394

159	183	1442

144	184	1394

159	184	1444

144	185	1398

159	185	1450

143	186	1426

158	186	1440

143	187	1422

158	187	1449

143	188	1420

157	188	1439

143	189	1423

157	189	1445

142	190	1426

157	190	1450

142	191	1410

156	191	1444

142	192	1425

156	192	1445

142	193	1440

156	193	1450

142	194	1451

143	194	1437

144	194	1431

145	194	1428

146	194	1428

147	194	1424

148	194	1422

149	194	1421

150	194	1422

151	194	1423

152	194	1427

153	194	1433

154	194	1440

155	194	1447

