154	131	1329

155	131	1327

156	131	1329

157	131	1335

149	132	1325

150	132	1326

151	132	1330

152	132	1335

153	132	1335

158	132	1343

147	133	1332

148	133	1328

158	133	1342

145	134	1320

146	134	1328

159	134	1345

160	134	1347

144	135	1321

161	135	1347

144	136	1342

161	136	1347

142	137	1319

143	137	1321

161	137	1350

140	138	1327

141	138	1320

161	138	1354

139	139	1339

161	139	1355

138	140	1362

161	140	1355

138	141	1336

160	141	1350

138	142	1327

160	142	1355

137	143	1324

160	143	1358

136	144	1322

160	144	1359

136	145	1326

159	145	1353

136	146	1319

159	146	1356

135	147	1329

159	147	1360

134	148	1349

158	148	1360

134	149	1329

158	149	1361

133	150	1334

158	150	1365

132	151	1341

158	151	1371

131	152	1299

158	152	1377

161	152	1357

162	152	1359

163	152	1359

164	152	1364

131	153	1279

159	153	1372

160	153	1359

164	153	1363

131	154	1322

164	154	1364

131	155	1330

164	155	1367

131	156	1303

163	156	1365

130	157	1315

163	157	1370

130	158	1305

163	158	1376

129	159	1326

162	159	1373

129	160	1337

162	160	1376

130	161	1320

161	161	1369

129	162	1326

161	162	1372

129	163	1329

160	163	1370

129	164	1319

160	164	1372

129	165	1312

159	165	1368

129	166	1299

159	166	1374

128	167	1359

158	167	1372

129	168	1363

157	168	1369

128	169	1286

156	169	1369

129	170	1359

155	170	1373

130	171	1354

154	171	1374

129	172	1393

153	172	1372

129	173	1395

151	173	1365

152	173	1380

129	174	1377

149	174	1362

150	174	1367

129	175	1334

148	175	1383

129	176	1334

147	176	1405

128	177	1362

147	177	1431

128	178	1365

146	178	1428

128	179	1346

145	179	1414

128	180	1345

145	180	1428

128	181	1357

144	181	1415

127	182	1350

144	182	1420

127	183	1323

144	183	1425

127	184	1347

144	184	1431

127	185	1368

143	185	1427

126	186	1360

143	186	1433

126	187	1393

142	187	1429

126	188	1383

142	188	1432

125	189	1362

141	189	1428

125	190	1393

141	190	1432

125	191	1406

140	191	1428

125	192	1416

140	192	1430

125	193	1420

140	193	1436

125	194	1425

139	194	1430

125	195	1435

139	195	1435

126	196	1427

138	196	1433

126	197	1432

137	197	1434

127	198	1433

128	198	1426

129	198	1425

130	198	1425

131	198	1425

132	198	1426

133	198	1426

134	198	1425

135	198	1426

136	198	1429

137	198	1435

