186	124	1289

187	124	1290

185	125	1281

188	125	1282

185	126	1278

189	126	1287

185	127	1278

190	127	1307

184	128	1274

190	128	1295

184	129	1302

191	129	1308

171	130	1246

172	130	1243

183	130	1326

184	130	1318

191	130	1294

170	131	1240

173	131	1237

174	131	1250

185	131	1296

192	131	1307

174	132	1239

175	132	1248

176	132	1272

185	132	1309

193	132	1321

170	133	1233

173	133	1233

177	133	1260

178	133	1257

183	133	1384

186	133	1284

193	133	1314

170	134	1238

173	134	1235

178	134	1268

181	134	1322

182	134	1308

184	134	1370

186	134	1280

193	134	1305

171	135	1238

172	135	1236

178	135	1260

184	135	1350

186	135	1279

193	135	1299

170	136	1252

172	136	1242

179	136	1272

187	136	1298

194	136	1326

173	137	1248

180	137	1276

187	137	1299

195	137	1356

174	138	1253

181	138	1276

188	138	1291

195	138	1335

207	138	1326

208	138	1339

175	139	1253

182	139	1275

188	139	1297

194	139	1315

205	139	1322

206	139	1305

208	139	1309

176	140	1254

183	140	1277

184	140	1299

188	140	1286

194	140	1318

203	140	1323

204	140	1314

209	140	1333

176	141	1260

184	141	1292

189	141	1290

194	141	1316

203	141	1315

209	141	1325

177	142	1264

185	142	1318

189	142	1291

194	142	1311

203	142	1319

209	142	1322

178	143	1267

185	143	1299

189	143	1292

195	143	1328

203	143	1318

209	143	1345

178	144	1276

186	144	1325

188	144	1289

195	144	1325

203	144	1310

208	144	1309

179	145	1270

187	145	1295

195	145	1317

203	145	1309

208	145	1315

179	146	1298

196	146	1330

203	146	1310

208	146	1317

178	147	1335

197	147	1357

203	147	1311

208	147	1319

179	148	1358

198	148	1379

203	148	1309

208	148	1320

179	149	1353

198	149	1357

203	149	1309

208	149	1322

179	150	1320

198	150	1334

203	150	1306

208	150	1319

179	151	1302

199	151	1352

203	151	1302

208	151	1315

180	152	1284

199	152	1316

202	152	1311

208	152	1310

178	153	1340

179	153	1309

200	153	1309

201	153	1315

208	153	1312

178	154	1343

208	154	1314

178	155	1328

208	155	1318

177	156	1294

208	156	1322

176	157	1314

208	157	1328

176	158	1312

208	158	1335

176	159	1306

208	159	1352

176	160	1306

207	160	1325

176	161	1305

207	161	1335

176	162	1306

207	162	1351

175	163	1361

206	163	1321

176	164	1295

206	164	1331

175	165	1327

206	165	1346

175	166	1340

205	166	1321

176	167	1340

205	167	1336

176	168	1375

177	168	1339

205	168	1354

178	169	1313

204	169	1338

178	170	1341

203	170	1338

178	171	1350

202	171	1339

178	172	1391

202	172	1368

179	173	1336

180	173	1326

202	173	1385

181	174	1338

202	174	1386

182	175	1346

202	175	1384

183	176	1363

202	176	1387

183	177	1387

201	177	1362

184	178	1385

201	178	1370

184	179	1345

201	179	1378

184	180	1358

201	180	1378

184	181	1386

201	181	1383

185	182	1375

201	182	1386

186	183	1356

201	183	1389

186	184	1363

201	184	1389

186	185	1384

201	185	1392

187	186	1358

200	186	1376

187	187	1376

200	187	1379

187	188	1386

200	188	1380

187	189	1387

200	189	1383

187	190	1380

200	190	1385

184	191	1364

185	191	1379

186	191	1368

200	191	1387

185	192	1380

186	192	1375

187	192	1385

200	192	1390

188	193	1379

200	193	1392

187	194	1387

199	194	1388

186	195	1392

187	195	1390

188	195	1384

199	195	1390

189	196	1387

198	196	1390

199	196	1392

189	197	1390

197	197	1390

189	198	1387

196	198	1390

197	198	1392

188	199	1390

195	199	1391

189	200	1390

190	200	1392

191	200	1391

192	200	1391

193	200	1389

194	200	1391

