153	118	1284

154	118	1284

152	119	1282

155	119	1284

153	120	1280

156	120	1289

153	121	1282

157	121	1294

170	121	1320

171	121	1320

153	122	1283

157	122	1291

170	122	1312

172	122	1319

153	123	1284

157	123	1290

169	123	1311

173	123	1324

154	124	1285

157	124	1290

169	124	1313

173	124	1320

154	125	1288

158	125	1297

168	125	1305

173	125	1320

154	126	1288

158	126	1295

168	126	1316

173	126	1324

154	127	1289

158	127	1292

168	127	1314

173	127	1327

154	128	1288

158	128	1293

168	128	1313

173	128	1333

154	129	1292

159	129	1300

167	129	1315

172	129	1320

154	130	1285

159	130	1303

167	130	1313

172	130	1321

155	131	1293

160	131	1313

167	131	1310

172	131	1322

155	132	1294

160	132	1310

166	132	1315

172	132	1331

155	133	1296

160	133	1308

166	133	1315

171	133	1316

156	134	1295

160	134	1308

165	134	1318

171	134	1323

155	135	1296

161	135	1323

165	135	1313

171	135	1326

155	136	1292

162	136	1337

165	136	1312

171	136	1335

156	137	1296

162	137	1311

164	137	1321

170	137	1319

156	138	1298

162	138	1326

164	138	1316

170	138	1327

156	139	1300

163	139	1314

170	139	1332

153	140	1285

154	140	1288

155	140	1295

169	140	1324

151	141	1285

152	141	1278

169	141	1327

151	142	1281

169	142	1329

150	143	1299

169	143	1329

150	144	1303

169	144	1331

149	145	1319

169	145	1337

148	146	1309

168	146	1322

147	147	1295

168	147	1322

146	148	1310

169	148	1340

146	149	1302

169	149	1332

145	150	1322

169	150	1319

175	150	1355

177	150	1348

178	150	1338

179	150	1336

180	150	1336

181	150	1337

182	150	1335

183	150	1333

184	150	1334

185	150	1338

186	150	1347

145	151	1307

170	151	1320

171	151	1319

172	151	1334

173	151	1334

174	151	1330

176	151	1329

187	151	1351

144	152	1310

186	152	1351

187	152	1363

145	153	1296

182	153	1334

183	153	1345

184	153	1355

185	153	1360

144	154	1302

181	154	1340

144	155	1349

179	155	1335

180	155	1348

145	156	1318

177	156	1335

178	156	1342

144	157	1365

146	157	1298

175	157	1330

176	157	1345

145	158	1336

174	158	1330

145	159	1332

172	159	1322

173	159	1335

146	160	1313

171	160	1323

146	161	1304

170	161	1330

146	162	1303

169	162	1332

146	163	1316

168	163	1328

146	164	1381

166	164	1323

167	164	1327

146	165	1361

165	165	1334

146	166	1331

164	166	1335

146	167	1339

163	167	1331

147	168	1320

162	168	1327

146	169	1387

163	169	1322

147	170	1322

162	170	1339

147	171	1319

162	171	1348

147	172	1318

162	172	1354

147	173	1319

162	173	1364

147	174	1317

162	174	1372

146	175	1316

162	175	1380

146	176	1347

162	176	1381

147	177	1331

161	177	1371

146	178	1346

161	178	1376

146	179	1341

161	179	1381

146	180	1349

161	180	1384

145	181	1350

161	181	1387

145	182	1363

161	182	1391

146	183	1352

161	183	1393

146	184	1358

161	184	1395

146	185	1363

161	185	1398

146	186	1361

161	186	1403

146	187	1366

160	187	1393

145	188	1389

160	188	1396

146	189	1366

160	189	1396

146	190	1371

160	190	1399

145	191	1397

160	191	1403

145	192	1391

160	192	1406

145	193	1391

159	193	1401

145	194	1388

159	194	1404

145	195	1389

158	195	1397

144	196	1404

145	196	1388

146	196	1387

147	196	1384

148	196	1382

149	196	1381

150	196	1383

151	196	1385

152	196	1386

153	196	1386

154	196	1388

155	196	1390

156	196	1393

157	196	1395

158	196	1400

