163	104	1295

164	104	1292

165	104	1295

166	104	1305

162	105	1299

167	105	1311

162	106	1294

167	106	1302

163	107	1291

167	107	1299

180	107	1325

181	107	1329

163	108	1292

168	108	1307

179	108	1320

182	108	1327

163	109	1295

168	109	1308

178	109	1318

183	109	1341

163	110	1296

168	110	1305

178	110	1323

183	110	1335

164	111	1294

168	111	1305

178	111	1319

182	111	1323

164	112	1300

168	112	1304

178	112	1318

182	112	1327

164	113	1302

169	113	1312

177	113	1331

182	113	1331

164	114	1304

169	114	1309

177	114	1325

182	114	1335

164	115	1304

169	115	1309

177	115	1324

182	115	1336

164	116	1304

170	116	1309

176	116	1332

182	116	1335

164	117	1305

170	117	1318

176	117	1327

181	117	1331

164	118	1309

171	118	1294

176	118	1321

181	118	1336

164	119	1314

172	119	1380

175	119	1326

181	119	1342

165	120	1310

172	120	1379

175	120	1328

181	120	1345

165	121	1312

172	121	1387

175	121	1326

181	121	1351

165	122	1315

172	122	1371

174	122	1317

181	122	1345

165	123	1316

172	123	1349

174	123	1331

180	123	1342

166	124	1316

173	124	1340

180	124	1345

165	125	1287

180	125	1347

164	126	1345

180	126	1352

162	127	1312

163	127	1304

180	127	1355

160	128	1326

161	128	1304

181	128	1364

159	129	1334

181	129	1383

158	130	1342

180	130	1360

190	130	1378

156	131	1333

157	131	1331

180	131	1345

183	131	1305

184	131	1360

185	131	1384

186	131	1364

187	131	1350

188	131	1337

189	131	1334

191	131	1338

192	131	1338

193	131	1339

194	131	1343

195	131	1356

156	132	1313

180	132	1347

184	132	1369

196	132	1348

197	132	1380

155	133	1307

181	133	1355

182	133	1373

183	133	1288

197	133	1364

154	134	1338

197	134	1372

154	135	1334

194	135	1359

195	135	1377

196	135	1392

197	135	1385

154	136	1313

193	136	1366

154	137	1315

190	137	1355

191	137	1368

192	137	1382

193	137	1388

154	138	1307

189	138	1357

154	139	1304

188	139	1359

154	140	1304

187	140	1359

153	141	1313

186	141	1358

153	142	1292

185	142	1355

154	143	1312

184	143	1355

154	144	1323

183	144	1353

154	145	1367

182	145	1351

153	146	1368

155	146	1348

181	146	1345

155	147	1372

181	147	1346

155	148	1341

180	148	1351

155	149	1294

179	149	1357

155	150	1358

177	150	1354

178	150	1360

155	151	1275

176	151	1359

155	152	1282

176	152	1370

156	153	1336

175	153	1359

156	154	1332

175	154	1360

155	155	1327

175	155	1363

155	156	1340

175	156	1363

155	157	1338

174	157	1366

154	158	1339

174	158	1376

152	159	1287

153	159	1298

174	159	1384

152	160	1280

174	160	1383

152	161	1287

174	161	1381

152	162	1298

174	162	1370

151	163	1294

153	163	1334

173	163	1383

151	164	1341

152	164	1342

173	164	1388

150	165	1342

173	165	1396

150	166	1369

173	166	1399

150	167	1335

173	167	1377

150	168	1328

172	168	1394

150	169	1336

172	169	1401

150	170	1353

172	170	1403

149	171	1320

172	171	1394

148	172	1324

171	172	1406

147	173	1341

171	173	1407

147	174	1348

171	174	1408

148	175	1346

171	175	1412

148	176	1357

171	176	1410

147	177	1389

171	177	1404

147	178	1363

170	178	1417

147	179	1356

169	179	1412

147	180	1358

148	180	1357

149	180	1352

150	180	1351

151	180	1350

152	180	1348

153	180	1345

154	180	1344

155	180	1346

156	180	1349

157	180	1349

158	180	1349

159	180	1347

160	180	1348

161	180	1350

162	180	1356

163	180	1362

164	180	1367

165	180	1372

166	180	1379

167	180	1387

168	180	1398

169	180	1414

