188	157	1721

189	157	1724

187	158	1735

190	158	1729

187	159	1759

191	159	1735

188	160	1728

191	160	1736

188	161	1735

191	161	1733

175	162	1696

176	162	1695

177	162	1699

189	162	1735

192	162	1738

175	163	1698

178	163	1701

189	163	1737

192	163	1731

175	164	1706

179	164	1700

180	164	1705

189	164	1734

193	164	1736

176	165	1712

181	165	1705

189	165	1730

193	165	1735

177	166	1722

182	166	1709

189	166	1733

193	166	1735

178	167	1726

183	167	1709

189	167	1761

193	167	1733

179	168	1720

184	168	1711

189	168	1738

194	168	1742

205	168	1721

206	168	1724

180	169	1704

185	169	1718

189	169	1732

194	169	1741

204	169	1717

206	169	1731

181	170	1725

186	170	1724

187	170	1731

189	170	1738

194	170	1737

203	170	1721

205	170	1725

182	171	1722

188	171	1735

195	171	1742

202	171	1724

205	171	1723

183	172	1731

195	172	1742

201	172	1738

204	172	1719

184	173	1732

196	173	1747

201	173	1726

204	173	1721

184	174	1742

196	174	1738

200	174	1712

204	174	1727

185	175	1736

197	175	1732

200	175	1754

204	175	1730

184	176	1721

198	176	1734

199	176	1718

204	176	1728

183	177	1704

204	177	1725

182	178	1690

204	178	1723

182	179	1700

204	179	1722

183	180	1713

204	180	1725

182	181	1720

204	181	1731

182	182	1713

204	182	1742

182	183	1714

203	183	1734

182	184	1721

203	184	1742

182	185	1729

203	185	1750

182	186	1734

202	186	1737

182	187	1737

202	187	1741

183	188	1729

202	188	1741

183	189	1741

201	189	1742

183	190	1760

201	190	1759

184	191	1748

200	191	1757

185	192	1734

200	192	1763

186	193	1734

201	193	1783

187	194	1744

188	194	1734

201	194	1786

189	195	1737

202	195	1811

189	196	1758

202	196	1812

190	197	1759

202	197	1810

191	198	1755

203	198	1827

191	199	1758

203	199	1819

192	200	1764

203	200	1815

192	201	1771

203	201	1816

192	202	1778

203	202	1814

193	203	1775

203	203	1811

193	204	1782

204	204	1823

193	205	1792

204	205	1818

193	206	1807

205	206	1828

194	207	1793

205	207	1819

194	208	1806

205	208	1813

194	209	1818

206	209	1826

195	210	1805

206	210	1820

196	211	1810

206	211	1820

196	212	1819

206	212	1821

196	213	1826

206	213	1825

197	214	1822

206	214	1824

198	215	1823

206	215	1826

199	216	1820

206	216	1827

200	217	1823

201	217	1821

205	217	1827

202	218	1827

203	218	1827

204	218	1827

236	218	1826

236	219	1826

236	220	1823

236	221	1823

236	222	1819

235	223	1824

236	223	1816

235	224	1819

236	224	1814

235	225	1817

236	225	1813

