159	156	1776

160	156	1773

161	156	1781

159	157	1773

161	157	1778

160	158	1771

161	158	1775

171	158	1798

159	159	1782

161	159	1774

170	159	1794

172	159	1798

159	160	1788

161	160	1772

170	160	1788

172	160	1795

160	161	1775

162	161	1781

170	161	1786

172	161	1796

160	162	1778

162	162	1776

169	162	1791

171	162	1786

160	163	1785

162	163	1775

169	163	1787

171	163	1787

160	164	1786

162	164	1776

168	164	1791

171	164	1790

160	165	1786

162	165	1774

168	165	1791

171	165	1792

160	166	1779

163	166	1788

168	166	1788

171	166	1796

160	167	1780

163	167	1787

167	167	1794

170	167	1786

161	168	1779

163	168	1789

167	168	1789

170	168	1789

161	169	1782

164	169	1799

166	169	1805

170	169	1793

160	170	1784

165	170	1798

170	170	1799

159	171	1764

169	171	1788

157	172	1763

158	172	1753

169	172	1790

157	173	1755

169	173	1795

157	174	1757

168	174	1784

156	175	1769

168	175	1788

155	176	1761

168	176	1787

154	177	1777

168	177	1786

153	178	1780

169	178	1792

153	179	1773

169	179	1785

152	180	1785

170	180	1780

171	180	1787

152	181	1793

172	181	1779

173	181	1787

174	181	1789

175	181	1790

176	181	1791

177	181	1786

178	181	1788

179	181	1792

180	181	1800

181	181	1805

182	181	1814

183	181	1830

152	182	1804

178	182	1797

179	182	1802

180	182	1810

153	183	1778

175	183	1800

176	183	1805

177	183	1810

153	184	1790

173	184	1793

174	184	1811

153	185	1795

171	185	1779

172	185	1798

154	186	1766

169	186	1775

170	186	1790

153	187	1807

168	187	1787

154	188	1779

166	188	1776

167	188	1787

154	189	1786

165	189	1789

154	190	1789

164	190	1787

154	191	1787

164	191	1795

154	192	1784

163	192	1783

154	193	1786

163	193	1790

153	194	1815

163	194	1798

153	195	1811

163	195	1802

153	196	1811

163	196	1805

153	197	1810

163	197	1809

153	198	1807

163	198	1811

153	199	1807

163	199	1814

153	200	1807

163	200	1817

153	201	1813

163	201	1825

153	202	1815

163	202	1830

153	203	1817

163	203	1834

153	204	1818

163	204	1838

153	205	1820

163	205	1839

153	206	1822

163	206	1839

153	207	1828

164	207	1868

153	208	1829

163	208	1843

152	209	1855

163	209	1847

152	210	1851

163	210	1847

152	211	1853

153	211	1828

154	211	1815

155	211	1811

156	211	1810

157	211	1811

158	211	1811

159	211	1814

160	211	1817

161	211	1822

162	211	1829

163	211	1845

