188	157	1741

189	157	1745

187	158	1738

190	158	1746

187	159	1739

190	159	1741

187	160	1769

191	160	1745

188	161	1754

191	161	1744

175	162	1707

176	162	1703

177	162	1702

178	162	1708

189	162	1746

192	162	1753

175	163	1725

179	163	1712

188	163	1777

192	163	1749

176	164	1722

180	164	1718

181	164	1729

189	164	1750

192	164	1744

177	165	1719

182	165	1722

189	165	1742

193	165	1750

178	166	1723

183	166	1723

190	166	1745

193	166	1747

179	167	1730

184	167	1727

190	167	1748

193	167	1745

180	168	1734

185	168	1730

189	168	1771

194	168	1754

204	168	1721

205	168	1726

181	169	1728

186	169	1733

189	169	1768

194	169	1753

203	169	1720

205	169	1732

182	170	1723

187	170	1732

188	170	1763

194	170	1751

202	170	1729

204	170	1727

183	171	1723

195	171	1761

201	171	1736

204	171	1733

184	172	1730

195	172	1754

201	172	1733

204	172	1734

185	173	1732

196	173	1756

201	173	1735

204	173	1733

185	174	1741

197	174	1758

200	174	1752

204	174	1732

185	175	1743

198	175	1755

199	175	1761

204	175	1736

184	176	1722

204	176	1738

183	177	1709

203	177	1729

183	178	1712

203	178	1729

182	179	1752

203	179	1732

182	180	1736

203	180	1735

182	181	1727

203	181	1736

182	182	1715

203	182	1740

182	183	1718

203	183	1747

181	184	1765

203	184	1760

181	185	1771

202	185	1750

182	186	1751

202	186	1760

182	187	1758

202	187	1760

182	188	1753

201	188	1749

183	189	1735

201	189	1759

183	190	1740

200	190	1758

184	191	1747

200	191	1772

185	192	1750

200	192	1781

186	193	1753

200	193	1780

187	194	1760

201	194	1800

188	195	1776

201	195	1799

189	196	1775

202	196	1815

190	197	1770

202	197	1813

190	198	1786

203	198	1829

191	199	1763

203	199	1832

191	200	1758

203	200	1832

192	201	1775

203	201	1829

192	202	1787

203	202	1823

192	203	1803

204	203	1835

192	204	1826

204	204	1831

193	205	1802

204	205	1827

193	206	1814

204	206	1822

193	207	1822

205	207	1834

194	208	1814

205	208	1827

194	209	1827

205	209	1825

195	210	1816

206	210	1834

195	211	1831

206	211	1830

196	212	1822

206	212	1830

196	213	1833

206	213	1831

197	214	1832

206	214	1832

198	215	1831

206	215	1834

199	216	1827

206	216	1835

236	216	1836

199	217	1833

206	217	1835

236	217	1833

200	218	1837

201	218	1834

202	218	1834

203	218	1835

204	218	1836

205	218	1835

236	218	1830

236	219	1829

236	220	1829

235	221	1837

236	221	1829

235	222	1835

236	222	1827

225	223	1836

235	223	1832

236	223	1824

235	224	1829

236	224	1821

234	225	1835

236	225	1820

234	226	1831

235	226	1825

236	226	1819

