159	94	1220

160	94	1221

158	95	1216

161	95	1209

162	95	1228

158	96	1208

162	96	1212

158	97	1210

163	97	1224

174	97	1263

175	97	1244

176	97	1241

177	97	1251

158	98	1214

163	98	1219

174	98	1243

178	98	1254

158	99	1219

163	99	1215

174	99	1238

178	99	1245

158	100	1223

164	100	1228

174	100	1237

178	100	1241

159	101	1215

164	101	1227

173	101	1251

178	101	1242

159	102	1220

164	102	1223

173	102	1250

178	102	1245

159	103	1222

165	103	1233

173	103	1248

178	103	1251

160	104	1219

165	104	1229

173	104	1246

178	104	1255

160	105	1221

165	105	1226

173	105	1245

178	105	1258

160	106	1222

166	106	1240

173	106	1244

178	106	1259

160	107	1222

166	107	1235

173	107	1243

178	107	1262

160	108	1225

167	108	1230

172	108	1237

178	108	1263

160	109	1225

168	109	1264

172	109	1249

178	109	1265

160	110	1218

168	110	1283

172	110	1249

178	110	1268

161	111	1228

168	111	1277

172	111	1248

178	111	1273

161	112	1231

168	112	1270

171	112	1238

178	112	1275

161	113	1236

168	113	1264

171	113	1251

178	113	1274

161	114	1224

168	114	1261

171	114	1252

178	114	1275

162	115	1238

168	115	1254

171	115	1253

177	115	1257

162	116	1240

168	116	1252

171	116	1252

177	116	1261

162	117	1241

169	117	1251

170	117	1255

177	117	1265

161	118	1258

177	118	1267

159	119	1245

160	119	1230

177	119	1269

158	120	1221

177	120	1269

190	120	1263

191	120	1260

192	120	1260

193	120	1264

156	121	1236

157	121	1224

177	121	1267

186	121	1290

187	121	1277

188	121	1263

189	121	1252

194	121	1259

195	121	1285

156	122	1242

177	122	1261

184	122	1299

185	122	1268

195	122	1288

154	123	1261

155	123	1254

178	123	1268

183	123	1291

194	123	1282

153	124	1254

179	124	1292

180	124	1299

181	124	1299

182	124	1282

193	124	1293

152	125	1246

192	125	1290

151	126	1233

191	126	1290

151	127	1269

190	127	1287

151	128	1241

189	128	1286

151	129	1239

188	129	1273

150	130	1282

189	130	1299

150	131	1283

188	131	1275

151	132	1230

186	132	1274

187	132	1275

149	133	1297

150	133	1269

185	133	1266

151	134	1244

185	134	1279

150	135	1304

184	135	1278

185	135	1284

151	136	1260

183	136	1288

149	137	1258

150	137	1312

151	137	1268

182	137	1287

150	138	1320

152	138	1233

181	138	1282

151	139	1281

180	139	1272

151	140	1234

152	140	1243

179	140	1263

153	141	1243

179	141	1284

153	142	1269

178	142	1280

154	143	1252

177	143	1286

152	144	1324

154	144	1260

176	144	1288

155	145	1249

176	145	1300

155	146	1248

175	146	1284

154	147	1327

175	147	1287

155	148	1274

175	148	1291

154	149	1294

175	149	1293

154	150	1284

175	150	1297

154	151	1273

175	151	1301

154	152	1281

175	152	1306

153	153	1276

175	153	1312

154	154	1256

174	154	1299

155	155	1252

175	155	1312

153	156	1281

154	156	1250

175	156	1308

154	157	1248

175	157	1326

152	158	1298

153	158	1263

174	158	1314

152	159	1275

174	159	1317

152	160	1259

174	160	1320

151	161	1268

174	161	1325

151	162	1266

174	162	1327

151	163	1252

174	163	1333

151	164	1286

173	164	1315

152	165	1264

173	165	1320

150	166	1291

151	166	1278

173	166	1324

150	167	1290

173	167	1327

151	168	1248

173	168	1330

151	169	1263

173	169	1332

151	170	1256

172	170	1320

152	171	1265

172	171	1323

152	172	1270

172	172	1324

151	173	1275

152	173	1274

153	173	1274

154	173	1273

155	173	1272

156	173	1272

157	173	1271

158	173	1271

159	173	1269

160	173	1269

161	173	1270

162	173	1271

163	173	1271

164	173	1273

165	173	1277

166	173	1280

167	173	1284

168	173	1287

169	173	1294

170	173	1301

171	173	1312

172	173	1325

