160	158	1807

161	158	1815

160	159	1807

161	159	1812

160	160	1811

161	160	1811

171	160	1831

160	161	1813

161	161	1809

170	161	1823

171	161	1823

160	162	1811

162	162	1817

170	162	1820

171	162	1821

160	163	1807

162	163	1814

170	163	1817

171	163	1818

160	164	1808

162	164	1812

169	164	1822

171	164	1819

160	165	1815

162	165	1810

169	165	1820

171	165	1825

160	166	1818

162	166	1808

168	166	1831

171	166	1829

160	167	1820

162	167	1811

168	167	1824

170	167	1817

160	168	1824

163	168	1821

167	168	1833

170	168	1818

160	169	1823

163	169	1825

167	169	1819

170	169	1822

160	170	1825

164	170	1849

166	170	1838

170	170	1829

160	171	1827

165	171	1866

170	171	1840

159	172	1818

169	172	1831

158	173	1790

169	173	1834

157	174	1788

169	174	1836

157	175	1789

168	175	1824

157	176	1788

168	176	1832

156	177	1790

168	177	1834

154	178	1812

155	178	1791

168	178	1834

153	179	1827

168	179	1824

153	180	1813

169	180	1830

153	181	1806

169	181	1817

153	182	1805

170	182	1810

171	182	1823

153	183	1806

172	183	1809

173	183	1813

174	183	1815

175	183	1813

176	183	1815

177	183	1819

178	183	1825

179	183	1830

180	183	1835

181	183	1847

182	183	1858

153	184	1808

175	184	1819

176	184	1823

177	184	1829

178	184	1834

153	185	1811

173	185	1819

174	185	1832

153	186	1812

171	186	1812

172	186	1824

153	187	1815

169	187	1816

170	187	1828

153	188	1816

168	188	1825

153	189	1826

166	189	1813

167	189	1833

153	190	1840

165	190	1826

154	191	1816

164	191	1830

153	192	1839

164	192	1846

154	193	1814

163	193	1825

153	194	1831

163	194	1831

153	195	1829

163	195	1842

153	196	1823

163	196	1844

153	197	1824

163	197	1847

153	198	1829

163	198	1847

153	199	1829

163	199	1854

153	200	1825

163	200	1857

153	201	1829

163	201	1863

153	202	1832

163	202	1862

152	203	1867

163	203	1866

152	204	1857

163	204	1870

152	205	1854

163	205	1873

152	206	1853

163	206	1873

152	207	1858

163	207	1874

152	208	1856

163	208	1877

152	209	1858

163	209	1884

152	210	1858

163	210	1889

152	211	1860

163	211	1889

152	212	1859

163	212	1886

151	213	1905

152	213	1859

153	213	1843

154	213	1838

155	213	1838

156	213	1837

157	213	1840

158	213	1840

159	213	1838

160	213	1839

161	213	1846

162	213	1863

163	213	1886

