160	103	1279

161	103	1277

162	103	1280

163	103	1293

159	104	1278

163	104	1283

159	105	1278

164	105	1294

159	106	1279

164	106	1290

176	106	1317

177	106	1310

178	106	1313

179	106	1325

159	107	1283

164	107	1287

176	107	1305

179	107	1313

160	108	1283

165	108	1295

175	108	1312

179	108	1309

160	109	1284

165	109	1296

175	109	1306

179	109	1309

160	110	1285

165	110	1297

175	110	1303

179	110	1312

160	111	1287

165	111	1292

174	111	1303

179	111	1317

161	112	1286

166	112	1299

174	112	1310

179	112	1319

161	113	1289

166	113	1296

174	113	1309

179	113	1322

161	114	1292

166	114	1297

174	114	1306

179	114	1324

161	115	1293

167	115	1304

173	115	1309

178	115	1312

161	116	1294

167	116	1309

173	116	1312

178	116	1316

161	117	1295

168	117	1288

173	117	1311

178	117	1319

161	118	1294

169	118	1332

172	118	1324

178	118	1322

161	119	1269

169	119	1351

172	119	1317

178	119	1326

162	120	1299

169	120	1352

172	120	1313

178	120	1333

162	121	1299

169	121	1354

171	121	1311

178	121	1339

162	122	1304

169	122	1347

171	122	1314

178	122	1333

163	123	1302

170	123	1303

177	123	1327

163	124	1303

177	124	1329

160	125	1288

161	125	1340

162	125	1326

177	125	1331

159	126	1299

177	126	1331

158	127	1291

178	127	1338

156	128	1307

157	128	1293

178	128	1342

155	129	1345

157	129	1293

178	129	1339

187	129	1352

154	130	1325

156	130	1296

178	130	1333

181	130	1315

182	130	1360

183	130	1356

184	130	1347

185	130	1332

186	130	1323

188	130	1320

189	130	1322

190	130	1326

191	130	1329

192	130	1334

193	130	1352

154	131	1296

178	131	1312

180	131	1286

194	131	1349

152	132	1305

153	132	1293

179	132	1331

195	132	1367

152	133	1301

194	133	1354

152	134	1298

191	134	1344

192	134	1359

193	134	1370

152	135	1303

190	135	1352

152	136	1300

188	136	1350

189	136	1364

190	136	1342

151	137	1310

186	137	1341

187	137	1358

151	138	1304

185	138	1342

149	139	1252

150	139	1337

184	139	1341

151	140	1314

183	140	1336

151	141	1321

182	141	1336

151	142	1318

182	142	1342

151	143	1301

181	143	1352

151	144	1300

180	144	1350

150	145	1322

151	145	1325

179	145	1348

152	146	1332

178	146	1345

152	147	1343

177	147	1344

153	148	1308

176	148	1341

153	149	1335

175	149	1347

152	150	1322

174	150	1352

152	151	1318

173	151	1351

152	152	1329

173	152	1356

152	153	1278

173	153	1361

152	154	1349

172	154	1353

152	155	1277

172	155	1360

152	156	1307

172	156	1365

151	157	1292

172	157	1370

151	158	1376

172	158	1371

152	159	1328

172	159	1365

152	160	1325

172	160	1371

150	161	1359

151	161	1331

171	161	1377

149	162	1363

171	162	1381

150	163	1333

171	163	1378

150	164	1323

171	164	1381

149	165	1323

171	165	1391

149	166	1339

171	166	1398

149	167	1334

170	167	1392

148	168	1331

170	168	1392

148	169	1323

170	169	1389

148	170	1329

170	170	1383

148	171	1331

170	171	1385

147	172	1332

169	172	1396

147	173	1335

169	173	1397

147	174	1337

169	174	1402

146	175	1342

169	175	1403

146	176	1344

169	176	1404

145	177	1353

168	177	1404

144	178	1345

167	178	1396

144	179	1345

145	179	1353

146	179	1352

147	179	1347

148	179	1343

149	179	1341

150	179	1340

151	179	1339

152	179	1337

153	179	1336

154	179	1337

155	179	1338

156	179	1339

157	179	1338

158	179	1339

159	179	1341

160	179	1346

161	179	1350

162	179	1354

163	179	1360

164	179	1366

165	179	1376

166	179	1386

167	179	1401

