189	157	1721

190	157	1719

191	157	1721

189	158	1719

191	158	1721

189	159	1719

192	159	1727

189	160	1719

192	160	1725

177	161	1676

178	161	1676

179	161	1685

189	161	1731

192	161	1723

177	162	1678

180	162	1689

189	162	1731

193	162	1729

177	163	1687

181	163	1691

189	163	1728

193	163	1725

178	164	1693

182	164	1693

189	164	1736

193	164	1726

179	165	1692

183	165	1696

190	165	1734

194	165	1736

180	166	1697

184	166	1699

190	166	1737

194	166	1733

181	167	1697

185	167	1706

190	167	1738

194	167	1729

205	167	1713

181	168	1718

186	168	1714

187	168	1717

190	168	1734

194	168	1724

204	168	1706

205	168	1710

182	169	1707

188	169	1724

189	169	1749

195	169	1733

203	169	1703

205	169	1710

183	170	1708

195	170	1729

202	170	1712

204	170	1707

184	171	1716

196	171	1732

201	171	1727

204	171	1711

185	172	1716

196	172	1731

201	172	1727

204	172	1715

185	173	1722

197	173	1737

201	173	1721

204	173	1716

185	174	1720

198	174	1737

199	174	1738

200	174	1715

204	174	1717

185	175	1709

204	175	1718

184	176	1693

204	176	1714

183	177	1690

204	177	1712

183	178	1695

204	178	1712

183	179	1711

204	179	1720

183	180	1710

204	180	1725

182	181	1708

204	181	1729

182	182	1705

204	182	1734

182	183	1714

203	183	1724

182	184	1726

203	184	1733

182	185	1733

203	185	1743

182	186	1737

202	186	1732

182	187	1720

202	187	1737

183	188	1720

202	188	1741

183	189	1728

201	189	1738

184	190	1731

201	190	1758

185	191	1729

200	191	1757

186	192	1728

201	192	1784

187	193	1729

201	193	1778

188	194	1738

202	194	1796

189	195	1747

202	195	1799

190	196	1757

202	196	1798

190	197	1760

203	197	1810

190	198	1781

203	198	1813

191	199	1768

203	199	1816

191	200	1775

203	200	1815

192	201	1764

203	201	1812

192	202	1777

203	202	1802

193	203	1764

204	203	1818

193	204	1770

204	204	1813

193	205	1778

204	205	1811

193	206	1798

204	206	1810

194	207	1790

205	207	1819

194	208	1807

205	208	1813

195	209	1801

205	209	1808

195	210	1810

206	210	1818

196	211	1800

206	211	1819

196	212	1805

206	212	1817

197	213	1805

206	213	1817

197	214	1817

198	214	1809

206	214	1813

199	215	1811

206	215	1816

199	216	1819

206	216	1818

200	217	1818

201	217	1814

205	217	1819

202	218	1817

203	218	1818

204	218	1819

236	220	1819

225	221	1793

236	222	1818

236	223	1815

236	224	1811

235	225	1816

236	225	1811

