129	97	1217

130	97	1215

131	97	1215

147	97	1238

148	97	1239

128	98	1222

132	98	1216

146	98	1238

149	98	1236

128	99	1223

133	99	1230

146	99	1234

149	99	1232

128	100	1226

133	100	1220

145	100	1241

150	100	1253

129	101	1224

134	101	1236

145	101	1242

150	101	1254

129	102	1228

134	102	1222

145	102	1243

150	102	1251

130	103	1224

135	103	1225

145	103	1244

150	103	1253

130	104	1227

135	104	1223

145	104	1244

150	104	1253

130	105	1232

136	105	1233

145	105	1244

150	105	1258

130	106	1231

136	106	1227

145	106	1243

150	106	1257

131	107	1232

137	107	1232

145	107	1245

150	107	1250

131	108	1235

137	108	1224

145	108	1247

150	108	1245

132	109	1235

138	109	1229

145	109	1249

150	109	1243

132	110	1237

139	110	1200

145	110	1248

150	110	1247

133	111	1235

139	111	1225

145	111	1246

150	111	1249

133	112	1238

140	112	1253

144	112	1252

150	112	1252

133	113	1242

141	113	1270

144	113	1253

150	113	1251

133	114	1245

141	114	1266

144	114	1255

150	114	1252

134	115	1244

141	115	1254

144	115	1257

150	115	1253

135	116	1245

142	116	1276

144	116	1259

150	116	1253

135	117	1250

143	117	1252

150	117	1250

135	118	1255

150	118	1250

134	119	1318

150	119	1248

163	119	1245

164	119	1247

165	119	1248

166	119	1260

133	120	1283

151	120	1244

160	120	1256

161	120	1244

162	120	1238

167	120	1263

132	121	1228

151	121	1250

157	121	1279

158	121	1254

159	121	1248

167	121	1266

130	122	1225

131	122	1217

151	122	1253

155	122	1286

156	122	1271

166	122	1263

129	123	1226

152	123	1265

153	123	1284

155	123	1263

165	123	1269

129	124	1225

154	124	1267

164	124	1270

129	125	1229

163	125	1270

128	126	1245

162	126	1266

126	127	1190

127	127	1238

161	127	1256

126	128	1244

161	128	1273

126	129	1238

160	129	1267

126	130	1236

159	130	1259

125	131	1279

158	131	1254

125	132	1277

158	132	1264

125	133	1275

157	133	1256

125	134	1262

157	134	1270

125	135	1269

156	135	1262

125	136	1286

155	136	1262

126	137	1264

155	137	1274

126	138	1270

154	138	1261

125	139	1307

153	139	1256

126	140	1265

153	140	1267

127	141	1260

152	141	1261

127	142	1269

152	142	1271

128	143	1258

151	143	1277

129	144	1264

151	144	1288

129	145	1282

151	145	1290

129	146	1300

131	146	1255

151	146	1288

130	147	1228

132	147	1256

151	147	1289

130	148	1278

131	148	1279

151	148	1292

131	149	1280

151	149	1290

132	150	1269

151	150	1288

132	151	1277

152	151	1297

131	152	1257

152	152	1301

131	153	1272

152	153	1301

131	154	1295

153	154	1313

131	155	1298

153	155	1312

132	156	1286

153	156	1312

132	157	1286

153	157	1312

133	158	1274

154	158	1322

132	159	1256

154	159	1322

132	160	1270

154	160	1323

132	161	1288

154	161	1325

132	162	1265

154	162	1327

133	163	1287

154	163	1329

133	164	1291

155	164	1338

132	165	1299

155	165	1342

133	166	1285

155	166	1342

133	167	1282

156	167	1338

133	168	1289

156	168	1346

133	169	1269

155	169	1346

134	170	1304

155	170	1344

134	171	1307

135	171	1297

136	171	1290

137	171	1288

138	171	1287

139	171	1287

140	171	1287

141	171	1287

142	171	1285

143	171	1286

144	171	1288

145	171	1290

146	171	1291

147	171	1292

148	171	1295

149	171	1298

150	171	1303

151	171	1310

152	171	1318

153	171	1326

154	171	1334

155	171	1344

