198	134	1341

199	134	1331

200	134	1349

197	135	1347

201	135	1328

202	135	1359

197	136	1332

202	136	1334

197	137	1326

202	137	1328

196	138	1345

203	138	1343

197	139	1330

203	139	1337

198	140	1333

204	140	1361

186	141	1294

187	141	1287

188	141	1290

189	141	1302

199	141	1327

204	141	1343

185	142	1293

189	142	1287

190	142	1306

199	142	1338

204	142	1345

185	143	1287

189	143	1286

191	143	1315

200	143	1328

204	143	1344

185	144	1299

186	144	1286

189	144	1287

192	144	1318

200	144	1334

204	144	1343

186	145	1297

187	145	1289

188	145	1289

193	145	1311

200	145	1341

205	145	1364

187	146	1298

193	146	1312

200	146	1342

205	146	1359

188	147	1303

194	147	1321

195	147	1331

200	147	1343

205	147	1357

189	148	1307

196	148	1352

200	148	1349

205	148	1354

189	149	1313

196	149	1333

201	149	1340

206	149	1378

217	149	1364

218	149	1371

190	150	1322

197	150	1360

201	150	1343

206	150	1378

216	150	1357

219	150	1370

191	151	1312

197	151	1345

201	151	1344

206	151	1371

215	151	1364

219	151	1366

191	152	1321

198	152	1343

201	152	1345

206	152	1370

214	152	1375

219	152	1370

192	153	1315

198	153	1355

201	153	1345

206	153	1367

214	153	1365

219	153	1377

192	154	1318

199	154	1354

200	154	1355

207	154	1383

214	154	1361

219	154	1382

192	155	1326

207	155	1375

214	155	1358

219	155	1381

193	156	1347

208	156	1383

209	156	1439

213	156	1378

219	156	1384

193	157	1381

209	157	1405

213	157	1374

219	157	1391

193	158	1386

209	158	1403

213	158	1374

219	158	1402

193	159	1411

210	159	1422

213	159	1368

218	159	1371

192	160	1402

210	160	1402

213	160	1363

218	160	1376

192	161	1349

210	161	1384

213	161	1362

218	161	1383

191	162	1379

211	162	1382

212	162	1373

218	162	1390

189	163	1361

191	163	1340

218	163	1388

190	164	1361

218	164	1386

189	165	1351

218	165	1387

188	166	1341

218	166	1391

187	167	1333

218	167	1402

187	168	1361

217	168	1375

187	169	1372

217	169	1387

187	170	1374

217	170	1400

187	171	1358

216	171	1371

187	172	1375

216	172	1382

187	173	1388

216	173	1405

187	174	1414

215	174	1382

188	175	1366

215	175	1398

189	176	1346

215	176	1417

189	177	1361

214	177	1396

189	178	1389

213	178	1390

190	179	1383

212	179	1398

191	180	1377

211	180	1407

191	181	1400

211	181	1438

191	182	1407

210	182	1420

192	183	1435

193	183	1407

210	183	1426

192	184	1425

194	184	1397

210	184	1431

194	185	1422

210	185	1436

195	186	1416

210	186	1440

196	187	1407

209	187	1427

196	188	1436

209	188	1434

197	189	1404

209	189	1440

197	190	1407

209	190	1445

196	191	1414

208	191	1436

196	192	1410

208	192	1439

196	193	1419

208	193	1438

195	194	1422

208	194	1441

196	195	1406

208	195	1442

197	196	1433

207	196	1435

197	197	1444

207	197	1441

196	198	1439

198	198	1439

206	198	1442

195	199	1376

196	199	1421

198	199	1443

205	199	1443

196	200	1429

197	200	1444

204	200	1444

196	201	1442

198	201	1445

199	201	1440

203	201	1442

200	202	1445

201	202	1443

202	202	1444

196	211	1411

197	212	1443

