176	104	1225

177	104	1220

178	104	1221

179	104	1232

175	105	1226

179	105	1216

175	106	1224

180	106	1226

175	107	1227

180	107	1219

191	107	1254

192	107	1245

193	107	1250

194	107	1267

175	108	1234

181	108	1227

190	108	1262

194	108	1256

176	109	1217

181	109	1231

190	109	1249

194	109	1255

176	110	1222

181	110	1230

190	110	1247

194	110	1255

176	111	1227

181	111	1230

189	111	1273

194	111	1254

176	112	1232

182	112	1234

189	112	1264

194	112	1255

176	113	1237

182	113	1238

189	113	1256

194	113	1259

176	114	1240

182	114	1235

189	114	1254

194	114	1265

176	115	1242

183	115	1252

189	115	1251

194	115	1269

176	116	1240

183	116	1247

188	116	1267

194	116	1271

176	117	1238

183	117	1245

188	117	1263

194	117	1277

176	118	1243

183	118	1254

188	118	1259

194	118	1281

177	119	1235

183	119	1250

188	119	1255

193	119	1260

177	120	1238

184	120	1291

187	120	1268

193	120	1264

177	121	1240

183	121	1243

187	121	1259

193	121	1271

177	122	1243

183	122	1247

187	122	1255

193	122	1277

177	123	1247

183	123	1252

186	123	1255

193	123	1283

177	124	1249

183	124	1254

186	124	1266

193	124	1284

177	125	1248

183	125	1255

186	125	1269

193	125	1282

173	126	1226

174	126	1222

176	126	1253

184	126	1248

186	126	1264

192	126	1268

172	127	1270

175	127	1229

185	127	1257

192	127	1272

173	128	1261

192	128	1276

172	129	1250

192	129	1280

171	130	1246

192	130	1278

170	131	1278

193	131	1291

202	131	1300

203	131	1278

204	131	1271

205	131	1267

206	131	1266

207	131	1265

208	131	1267

209	131	1278

170	132	1255

194	132	1277

195	132	1272

196	132	1318

198	132	1326

199	132	1322

200	132	1295

201	132	1277

209	132	1276

169	133	1244

197	133	1315

209	133	1284

167	134	1242

168	134	1234

208	134	1282

166	135	1338

208	135	1313

166	136	1278

206	136	1286

207	136	1309

165	137	1239

205	137	1293

207	137	1331

164	138	1308

204	138	1295

165	139	1275

203	139	1284

165	140	1270

203	140	1305

165	141	1253

201	141	1279

202	141	1305

165	142	1266

200	142	1276

165	143	1277

200	143	1298

164	144	1256

166	144	1240

199	144	1289

164	145	1252

165	145	1225

198	145	1289

165	146	1234

197	146	1284

166	147	1250

196	147	1278

166	148	1275

196	148	1306

166	149	1264

195	149	1299

165	150	1286

194	150	1293

166	151	1287

193	151	1291

166	152	1270

192	152	1295

167	153	1262

191	153	1303

167	154	1304

190	154	1305

168	155	1296

189	155	1293

168	156	1281

189	156	1305

167	157	1273

188	157	1288

166	158	1298

188	158	1297

166	159	1325

188	159	1306

167	160	1297

188	160	1316

165	161	1288

166	161	1309

167	161	1271

187	161	1303

165	162	1295

166	162	1315

168	162	1255

187	162	1316

166	163	1257

167	163	1265

187	163	1325

165	164	1326

187	164	1334

164	165	1299

187	165	1329

164	166	1266

165	166	1266

186	166	1321

164	167	1232

166	167	1266

186	167	1326

165	168	1276

186	168	1330

163	169	1267

164	169	1272

186	169	1337

163	170	1261

185	170	1325

163	171	1267

185	171	1335

163	172	1228

184	172	1322

162	173	1242

184	173	1329

162	174	1238

184	174	1337

162	175	1257

183	175	1325

161	176	1240

183	176	1332

161	177	1262

183	177	1336

161	178	1266

182	178	1322

161	179	1259

182	179	1325

161	180	1267

182	180	1327

161	181	1272

182	181	1333

161	182	1280

162	182	1277

163	182	1274

164	182	1272

165	182	1272

166	182	1271

167	182	1271

168	182	1270

169	182	1269

170	182	1268

171	182	1269

172	182	1271

173	182	1272

174	182	1273

175	182	1276

176	182	1279

177	182	1284

178	182	1289

179	182	1298

180	182	1307

181	182	1321

182	182	1338

