160	156	1780

161	156	1780

160	157	1776

161	157	1777

160	158	1775

161	158	1774

172	158	1816

160	159	1777

162	159	1785

171	159	1801

172	159	1804

160	160	1779

162	160	1785

171	160	1798

172	160	1803

160	161	1787

162	161	1788

170	161	1795

172	161	1803

160	162	1789

162	162	1784

170	162	1790

172	162	1801

160	163	1799

163	163	1793

169	163	1795

172	163	1803

161	164	1785

163	164	1791

169	164	1795

171	164	1792

161	165	1786

163	165	1792

168	165	1812

171	165	1798

161	166	1784

163	166	1792

168	166	1800

171	166	1800

161	167	1784

163	167	1794

168	167	1797

171	167	1807

161	168	1782

163	168	1792

167	168	1803

170	168	1795

161	169	1786

164	169	1806

166	169	1822

170	169	1803

161	170	1786

165	170	1810

170	170	1810

159	171	1772

160	171	1782

169	171	1803

157	172	1766

158	172	1759

169	172	1804

157	173	1764

169	173	1805

157	174	1769

168	174	1791

156	175	1781

168	175	1793

155	176	1774

168	176	1791

154	177	1794

168	177	1788

153	178	1801

169	178	1794

153	179	1787

169	179	1787

153	180	1780

170	180	1783

171	180	1793

153	181	1780

172	181	1787

173	181	1795

174	181	1796

175	181	1793

176	181	1794

177	181	1800

178	181	1801

179	181	1804

180	181	1803

181	181	1812

182	181	1823

183	181	1841

154	182	1770

178	182	1805

179	182	1812

180	182	1812

153	183	1796

175	183	1802

176	183	1807

177	183	1812

153	184	1801

172	184	1787

173	184	1797

174	184	1817

153	185	1801

171	185	1795

153	186	1794

169	186	1788

170	186	1807

153	187	1815

168	187	1795

154	188	1787

166	188	1787

167	188	1802

154	189	1800

165	189	1794

154	190	1799

164	190	1790

153	191	1818

164	191	1794

153	192	1805

163	192	1783

153	193	1816

163	193	1792

153	194	1812

163	194	1803

153	195	1808

163	195	1810

153	196	1813

163	196	1812

153	197	1814

163	197	1815

153	198	1814

163	198	1819

153	199	1816

163	199	1825

152	200	1876

163	200	1830

152	201	1874

163	201	1835

152	202	1868

163	202	1838

152	203	1862

163	203	1841

153	204	1816

163	204	1841

152	205	1858

163	205	1843

152	206	1855

163	206	1844

152	207	1850

163	207	1847

152	208	1851

163	208	1846

152	209	1852

164	209	1878

152	210	1850

163	210	1854

152	211	1848

163	211	1857

152	212	1848

163	212	1857

152	213	1850

153	213	1829

154	213	1819

155	213	1819

156	213	1818

157	213	1820

158	213	1820

159	213	1822

160	213	1826

161	213	1829

162	213	1841

163	213	1855

164	213	1879

