187	125	1288

188	125	1282

189	125	1286

190	125	1303

186	126	1297

191	126	1312

186	127	1295

191	127	1296

186	128	1294

192	128	1312

186	129	1311

192	129	1302

183	130	1327

184	130	1337

185	130	1341

187	130	1289

193	130	1317

172	131	1243

173	131	1240

174	131	1242

175	131	1246

176	131	1255

184	131	1349

185	131	1347

186	131	1323

194	131	1340

171	132	1244

175	132	1240

177	132	1251

178	132	1262

186	132	1344

187	132	1310

194	132	1313

171	133	1242

176	133	1241

179	133	1249

188	133	1299

194	133	1308

172	134	1244

174	134	1240

175	134	1243

180	134	1274

184	134	1312

188	134	1296

195	134	1335

173	135	1246

180	135	1269

185	135	1343

188	135	1306

195	135	1317

174	136	1249

180	136	1262

186	136	1367

187	136	1362

188	136	1314

195	136	1317

174	137	1248

181	137	1271

189	137	1302

196	137	1336

175	138	1255

182	138	1275

190	138	1293

196	138	1328

208	138	1335

209	138	1354

176	139	1261

183	139	1277

184	139	1284

190	139	1297

196	139	1338

207	139	1331

210	139	1362

177	140	1264

185	140	1301

186	140	1324

190	140	1298

195	140	1311

206	140	1329

210	140	1332

178	141	1268

186	141	1330

190	141	1300

195	141	1311

205	141	1320

210	141	1323

178	142	1282

186	142	1310

190	142	1301

196	142	1336

205	142	1311

210	142	1321

179	143	1281

186	143	1295

190	143	1302

196	143	1326

205	143	1308

210	143	1326

180	144	1278

187	144	1309

190	144	1300

196	144	1320

205	144	1307

210	144	1345

181	145	1273

188	145	1317

189	145	1305

197	145	1330

204	145	1323

209	145	1307

181	146	1283

197	146	1329

204	146	1324

209	146	1309

181	147	1299

198	147	1343

204	147	1322

209	147	1314

182	148	1320

199	148	1348

204	148	1319

210	148	1357

182	149	1357

200	149	1395

204	149	1321

210	149	1350

182	150	1364

200	150	1374

204	150	1321

210	150	1347

182	151	1342

200	151	1336

204	151	1320

210	151	1358

181	152	1368

200	152	1320

204	152	1316

209	152	1319

182	153	1271

201	153	1318

202	153	1334

203	153	1318

209	153	1321

180	154	1345

181	154	1278

209	154	1322

179	155	1380

209	155	1325

178	156	1382

209	156	1328

178	157	1320

209	157	1330

177	158	1310

209	158	1333

177	159	1315

209	159	1341

177	160	1317

209	160	1355

177	161	1322

208	161	1329

177	162	1322

208	162	1343

177	163	1328

208	163	1364

177	164	1325

207	164	1334

177	165	1349

207	165	1343

177	166	1363

207	166	1360

178	167	1333

206	167	1333

179	168	1318

206	168	1347

179	169	1327

205	169	1335

179	170	1351

205	170	1362

179	171	1350

204	171	1362

180	172	1352

203	172	1364

181	173	1346

203	173	1383

181	174	1348

182	174	1339

203	174	1389

183	175	1312

184	175	1313

203	175	1392

185	176	1333

203	176	1393

184	177	1360

202	177	1367

185	178	1383

202	178	1375

186	179	1394

202	179	1381

185	180	1354

202	180	1387

186	181	1356

202	181	1389

185	182	1332

187	182	1385

202	182	1391

187	183	1395

202	183	1392

188	184	1367

202	184	1396

185	185	1386

188	185	1381

202	185	1399

188	186	1373

201	186	1383

186	187	1356

187	187	1381

201	187	1386

187	188	1383

201	188	1388

187	189	1397

201	189	1390

187	190	1374

201	190	1392

188	191	1371

201	191	1394

188	192	1378

201	192	1397

187	193	1381

188	193	1389

201	193	1399

189	194	1385

200	194	1395

189	195	1391

200	195	1399

189	196	1398

199	196	1399

189	197	1398

198	197	1396

189	198	1395

197	198	1396

189	199	1398

190	199	1398

191	199	1394

196	199	1398

192	200	1397

195	200	1398

193	201	1399

194	201	1397

188	203	1388

187	204	1378

