158	98	1190

156	99	1185

157	99	1174

159	99	1177

160	99	1187

173	99	1231

174	99	1217

175	99	1222

156	100	1174

161	100	1191

173	100	1208

176	100	1211

156	101	1176

161	101	1182

172	101	1228

177	101	1213

156	102	1181

161	102	1179

172	102	1218

177	102	1211

156	103	1190

162	103	1193

172	103	1212

177	103	1217

157	104	1177

162	104	1188

172	104	1213

177	104	1218

157	105	1184

163	105	1199

172	105	1211

177	105	1219

157	106	1196

163	106	1195

172	106	1213

177	106	1219

158	107	1185

163	107	1192

172	107	1210

177	107	1220

158	108	1192

164	108	1199

172	108	1209

177	108	1220

158	109	1199

164	109	1196

172	109	1208

177	109	1222

158	110	1200

165	110	1200

172	110	1208

177	110	1225

159	111	1192

166	111	1207

172	111	1209

177	111	1227

159	112	1194

166	112	1210

171	112	1226

177	112	1225

159	113	1201

167	113	1223

171	113	1224

177	113	1224

159	114	1209

166	114	1205

171	114	1222

177	114	1224

160	115	1201

166	115	1205

171	115	1220

177	115	1224

160	116	1205

167	116	1218

171	116	1218

177	116	1224

160	117	1216

167	117	1218

171	117	1217

177	117	1227

161	118	1203

167	118	1215

171	118	1218

177	118	1232

161	119	1213

168	119	1209

171	119	1221

177	119	1236

161	120	1220

168	120	1229

170	120	1232

177	120	1235

161	121	1202

169	121	1227

177	121	1235

161	122	1226

177	122	1234

192	122	1246

193	122	1243

194	122	1248

159	123	1260

160	123	1233

177	123	1233

189	123	1234

190	123	1225

191	123	1222

195	123	1232

158	124	1225

177	124	1230

185	124	1273

186	124	1261

187	124	1243

188	124	1226

195	124	1229

158	125	1202

178	125	1239

184	125	1280

195	125	1242

157	126	1224

178	126	1242

182	126	1289

183	126	1236

194	126	1246

157	127	1214

179	127	1265

180	127	1292

181	127	1291

193	127	1250

156	128	1244

192	128	1248

154	129	1255

155	129	1221

191	129	1240

153	130	1220

191	130	1254

151	131	1245

152	131	1221

191	131	1261

151	132	1235

190	132	1260

191	132	1260

151	133	1242

189	133	1256

151	134	1219

188	134	1249

150	135	1215

188	135	1267

151	136	1230

187	136	1246

150	137	1273

186	137	1248

150	138	1238

151	138	1234

185	138	1240

152	139	1206

184	139	1238

151	140	1200

184	140	1257

150	141	1237

151	141	1213

183	141	1248

152	142	1242

182	142	1233

151	143	1258

182	143	1250

152	144	1250

181	144	1244

153	145	1231

181	145	1268

154	146	1212

180	146	1257

154	147	1226

179	147	1264

155	148	1228

178	148	1269

155	149	1247

177	149	1259

155	150	1259

177	150	1262

155	151	1257

177	151	1262

155	152	1238

177	152	1267

155	153	1237

156	153	1248

177	153	1272

155	154	1251

157	154	1243

177	154	1275

156	155	1275

177	155	1282

156	156	1287

177	156	1287

155	157	1256

156	157	1253

177	157	1291

157	158	1232

177	158	1293

156	159	1256

177	159	1299

154	160	1234

155	160	1291

177	160	1303

156	161	1223

176	161	1282

156	162	1235

176	162	1285

155	163	1268

176	163	1289

156	164	1256

176	164	1291

156	165	1251

176	165	1295

155	166	1259

176	166	1298

153	167	1272

155	167	1255

176	167	1300

154	168	1268

176	168	1302

153	169	1303

175	169	1291

154	170	1267

175	170	1295

154	171	1279

175	171	1295

154	172	1284

175	172	1295

153	173	1296

175	173	1300

154	174	1234

155	174	1248

156	174	1250

157	174	1250

158	174	1249

159	174	1247

160	174	1247

161	174	1246

162	174	1246

163	174	1245

164	174	1245

165	174	1247

166	174	1249

167	174	1253

168	174	1253

169	174	1256

170	174	1259

171	174	1264

172	174	1270

173	174	1278

174	174	1289

175	174	1303

