162	128	1404

163	128	1403

162	129	1403

164	129	1401

162	130	1403

164	130	1403

162	131	1404

164	131	1402

177	131	1425

178	131	1428

162	132	1403

165	132	1405

176	132	1423

179	132	1433

163	133	1401

165	133	1406

175	133	1425

179	133	1436

163	134	1403

165	134	1409

176	134	1428

179	134	1435

163	135	1406

165	135	1409

176	135	1430

178	135	1431

163	136	1407

166	136	1413

175	136	1428

179	136	1426

163	137	1407

166	137	1414

175	137	1423

178	137	1430

163	138	1409

166	138	1414

175	138	1421

178	138	1432

164	139	1413

167	139	1415

174	139	1425

178	139	1432

164	140	1414

167	140	1416

174	140	1427

177	140	1429

164	141	1412

168	141	1424

174	141	1429

177	141	1432

164	142	1410

168	142	1427

173	142	1429

177	142	1431

164	143	1410

169	143	1431

173	143	1430

177	143	1435

164	144	1413

170	144	1411

172	144	1430

177	144	1435

165	145	1418

170	145	1431

172	145	1429

176	145	1432

165	146	1420

171	146	1432

176	146	1431

164	147	1424

176	147	1432

161	148	1408

162	148	1405

163	148	1408

175	148	1437

161	149	1398

175	149	1440

159	150	1428

160	150	1399

176	150	1420

159	151	1414

175	151	1439

159	152	1421

175	152	1437

158	153	1415

175	153	1438

157	154	1400

175	154	1435

156	155	1409

175	155	1432

155	156	1424

176	156	1416

185	156	1446

186	156	1448

187	156	1446

188	156	1450

190	156	1459

191	156	1459

154	157	1419

176	157	1424

182	157	1449

183	157	1442

184	157	1441

189	157	1450

192	157	1461

154	158	1431

177	158	1428

178	158	1433

179	158	1433

180	158	1434

181	158	1437

190	158	1457

191	158	1463

192	158	1467

154	159	1422

188	159	1453

189	159	1456

154	160	1414

186	160	1446

187	160	1450

155	161	1412

184	161	1445

185	161	1447

154	162	1447

183	162	1446

154	163	1459

181	163	1437

182	163	1444

155	164	1420

180	164	1436

155	165	1434

178	165	1430

179	165	1434

155	166	1465

177	166	1429

155	167	1458

176	167	1427

155	168	1481

175	168	1428

156	169	1428

174	169	1430

156	170	1421

173	170	1437

157	171	1423

172	171	1441

157	172	1425

171	172	1444

156	173	1455

171	173	1447

156	174	1446

170	174	1446

156	175	1430

170	175	1451

156	176	1434

169	176	1446

156	177	1456

169	177	1457

156	178	1457

169	178	1463

156	179	1454

169	179	1468

156	180	1456

169	180	1475

156	181	1453

169	181	1484

156	182	1448

169	182	1490

156	183	1454

169	183	1498

156	184	1460

169	184	1502

155	185	1499

169	185	1507

156	186	1467

169	186	1506

156	187	1472

169	187	1509

156	188	1473

169	188	1510

156	189	1477

169	189	1517

156	190	1480

168	190	1502

156	191	1484

168	191	1506

156	192	1485

168	192	1509

155	193	1506

168	193	1516

155	194	1492

168	194	1520

155	195	1501

167	195	1510

155	196	1507

168	196	1521

155	197	1517

167	197	1517

155	198	1520

167	198	1522

155	199	1518

156	199	1510

157	199	1508

158	199	1505

159	199	1504

160	199	1502

161	199	1503

162	199	1505

163	199	1509

164	199	1512

165	199	1517

166	199	1519

