143	96	1229

144	96	1222

145	96	1224

146	96	1230

142	97	1229

147	97	1227

161	97	1251

142	98	1221

147	98	1225

159	98	1260

160	98	1241

162	98	1243

163	98	1255

142	99	1225

147	99	1226

159	99	1249

163	99	1253

143	100	1218

148	100	1235

159	100	1246

163	100	1253

143	101	1218

148	101	1232

159	101	1244

163	101	1254

143	102	1225

149	102	1232

158	102	1248

163	102	1255

144	103	1223

149	103	1240

158	103	1251

163	103	1256

144	104	1224

149	104	1238

158	104	1251

163	104	1258

144	105	1226

150	105	1243

158	105	1250

163	105	1260

144	106	1211

150	106	1240

158	106	1249

163	106	1260

145	107	1223

151	107	1252

158	107	1248

163	107	1260

145	108	1226

151	108	1248

158	108	1249

163	108	1260

145	109	1230

152	109	1236

158	109	1251

163	109	1260

145	110	1237

153	110	1244

158	110	1251

163	110	1261

146	111	1231

154	111	1291

157	111	1257

163	111	1263

146	112	1230

154	112	1295

157	112	1255

163	112	1264

146	113	1235

154	113	1281

157	113	1253

163	113	1264

147	114	1233

153	114	1256

157	114	1253

163	114	1266

147	115	1238

154	115	1270

157	115	1254

163	115	1269

147	116	1210

154	116	1269

157	116	1257

163	116	1273

148	117	1237

154	117	1263

156	117	1245

163	117	1273

148	118	1244

155	118	1267

163	118	1271

145	119	1284

146	119	1281

147	119	1275

163	119	1270

144	120	1243

163	120	1269

175	120	1273

176	120	1266

177	120	1263

178	120	1266

179	120	1272

144	121	1228

163	121	1270

173	121	1259

174	121	1252

180	121	1269

143	122	1229

163	122	1268

168	122	1298

169	122	1296

170	122	1270

171	122	1259

172	122	1252

180	122	1270

141	123	1247

142	123	1227

163	123	1267

166	123	1312

167	123	1271

179	123	1269

180	123	1288

140	124	1284

142	124	1230

164	124	1275

165	124	1299

178	124	1273

140	125	1264

141	125	1242

177	125	1275

139	126	1218

177	126	1294

138	127	1214

177	127	1289

138	128	1227

175	128	1287

176	128	1291

138	129	1243

174	129	1286

138	130	1251

173	130	1279

137	131	1271

173	131	1290

136	132	1209

172	132	1283

137	133	1244

171	133	1280

137	134	1240

170	134	1274

137	135	1245

170	135	1292

138	136	1242

169	136	1276

137	137	1287

168	137	1280

137	138	1328

167	138	1278

137	139	1253

166	139	1276

138	140	1257

166	140	1277

139	141	1249

165	141	1279

139	142	1244

164	142	1279

140	143	1240

163	143	1282

140	144	1234

163	144	1298

140	145	1221

141	145	1235

162	145	1292

142	146	1245

162	146	1295

142	147	1266

162	147	1295

142	148	1290

162	148	1299

142	149	1297

162	149	1299

143	150	1263

162	150	1301

143	151	1259

162	151	1301

143	152	1261

162	152	1308

143	153	1259

163	153	1304

142	154	1290

163	154	1327

143	155	1256

163	155	1331

143	156	1256

163	156	1333

142	157	1319

163	157	1330

142	158	1304

163	158	1328

142	159	1288

163	159	1327

142	160	1267

163	160	1335

142	161	1244

163	161	1340

142	162	1272

163	162	1340

142	163	1277

163	163	1339

142	164	1280

163	164	1339

142	165	1274

162	165	1330

142	166	1270

162	166	1332

142	167	1271

162	167	1336

142	168	1274

162	168	1339

142	169	1278

162	169	1337

142	170	1284

162	170	1335

142	171	1290

162	171	1336

142	172	1288

143	172	1292

144	172	1292

145	172	1291

146	172	1288

147	172	1287

148	172	1287

149	172	1287

150	172	1286

151	172	1285

152	172	1286

153	172	1289

154	172	1292

155	172	1296

156	172	1297

157	172	1298

158	172	1302

159	172	1309

160	172	1317

161	172	1325

162	172	1337

