164	107	1177

165	107	1169

166	107	1168

167	107	1175

163	108	1182

168	108	1177

163	109	1177

168	109	1173

180	109	1212

181	109	1198

182	109	1199

183	109	1210

163	110	1176

169	110	1190

180	110	1200

184	110	1217

164	111	1172

169	111	1183

180	111	1199

184	111	1207

164	112	1176

169	112	1180

179	112	1211

184	112	1208

164	113	1184

170	113	1190

179	113	1208

184	113	1210

165	114	1178

170	114	1189

179	114	1207

184	114	1211

165	115	1183

170	115	1186

179	115	1208

184	115	1215

165	116	1188

171	116	1199

179	116	1206

184	116	1221

165	117	1189

171	117	1193

179	117	1204

184	117	1229

165	118	1190

171	118	1191

178	118	1215

184	118	1231

165	119	1189

172	119	1201

178	119	1212

184	119	1235

166	120	1184

172	120	1203

178	120	1211

184	120	1236

166	121	1189

173	121	1243

178	121	1210

184	121	1237

166	122	1194

173	122	1231

178	122	1210

184	122	1243

166	123	1199

173	123	1220

177	123	1218

183	123	1218

166	124	1203

174	124	1233

177	124	1216

183	124	1220

166	125	1201

174	125	1244

176	125	1217

183	125	1222

167	126	1198

175	126	1237

183	126	1226

167	127	1205

183	127	1227

167	128	1212

184	128	1264

167	129	1212

184	129	1251

166	130	1227

184	130	1258

164	131	1233

165	131	1228

184	131	1259

163	132	1221

183	132	1239

194	132	1240

195	132	1230

196	132	1239

162	133	1216

183	133	1236

189	133	1280

193	133	1239

197	133	1211

198	133	1214

199	133	1221

200	133	1241

161	134	1235

184	134	1266

189	134	1286

190	134	1281

191	134	1246

192	134	1232

201	134	1259

160	135	1266

184	135	1246

186	135	1257

187	135	1295

188	135	1274

201	135	1267

158	136	1230

159	136	1219

183	136	1226

185	136	1260

187	136	1302

200	136	1260

157	137	1216

184	137	1254

186	137	1258

199	137	1264

157	138	1210

198	138	1256

155	139	1292

157	139	1196

196	139	1233

197	139	1259

154	140	1248

156	140	1227

195	140	1239

154	141	1194

194	141	1237

154	142	1230

193	142	1230

155	143	1222

193	143	1262

154	144	1278

192	144	1252

154	145	1257

191	145	1241

153	146	1227

154	146	1263

190	146	1234

155	147	1227

190	147	1256

155	148	1242

189	148	1248

154	149	1294

188	149	1245

155	150	1236

187	150	1245

155	151	1220

186	151	1238

155	152	1223

185	152	1235

156	153	1242

185	153	1264

156	154	1274

184	154	1260

157	155	1256

183	155	1255

158	156	1237

182	156	1258

157	157	1227

181	157	1266

156	158	1209

180	158	1269

157	159	1230

180	159	1283

158	160	1265

179	160	1263

157	161	1288

159	161	1218

179	161	1272

156	162	1251

158	162	1225

179	162	1277

157	163	1271

179	163	1284

158	164	1254

179	164	1292

159	165	1234

179	165	1297

158	166	1242

179	166	1301

157	167	1296

178	167	1284

155	168	1255

157	168	1295

178	168	1287

156	169	1289

178	169	1289

157	170	1254

178	170	1294

157	171	1236

178	171	1300

157	172	1236

177	172	1286

156	173	1237

177	173	1292

155	174	1284

177	174	1299

156	175	1252

176	175	1283

157	176	1248

176	176	1287

157	177	1245

176	177	1292

156	178	1245

176	178	1296

156	179	1247

176	179	1301

156	180	1258

175	180	1288

155	181	1271

175	181	1291

155	182	1269

156	182	1257

157	182	1253

158	182	1253

159	182	1251

160	182	1249

161	182	1247

162	182	1247

163	182	1245

164	182	1244

165	182	1244

166	182	1246

167	182	1249

168	182	1251

169	182	1256

170	182	1259

171	182	1264

172	182	1268

173	182	1275

174	182	1282

175	182	1291

