147	94	1207

148	94	1205

149	94	1205

150	94	1212

146	95	1206

151	95	1215

164	95	1246

165	95	1236

166	95	1243

146	96	1203

151	96	1208

163	96	1245

167	96	1240

146	97	1206

152	97	1209

163	97	1235

167	97	1233

146	98	1205

152	98	1216

163	98	1231

167	98	1233

147	99	1205

152	99	1211

163	99	1229

167	99	1233

147	100	1210

153	100	1220

163	100	1230

167	100	1231

148	101	1205

153	101	1218

163	101	1229

167	101	1230

148	102	1211

153	102	1217

162	102	1240

167	102	1232

148	103	1214

154	103	1221

162	103	1238

167	103	1235

149	104	1208

154	104	1219

162	104	1235

167	104	1235

149	105	1210

155	105	1229

162	105	1233

167	105	1236

149	106	1210

155	106	1225

162	106	1234

168	106	1244

149	107	1215

156	107	1229

162	107	1239

168	107	1246

149	108	1211

156	108	1231

162	108	1238

168	108	1251

150	109	1218

157	109	1247

162	109	1236

168	109	1253

150	110	1220

158	110	1281

161	110	1248

168	110	1257

150	111	1221

158	111	1266

161	111	1246

168	111	1250

151	112	1221

158	112	1255

161	112	1243

168	112	1255

151	113	1231

158	113	1249

161	113	1240

168	113	1255

151	114	1218

158	114	1246

161	114	1239

167	114	1248

152	115	1228

158	115	1241

161	115	1240

167	115	1251

152	116	1230

159	116	1243

160	116	1244

167	116	1253

149	117	1277

150	117	1300

151	117	1269

167	117	1253

149	118	1239

167	118	1250

180	118	1255

181	118	1248

182	118	1245

183	118	1247

184	118	1259

148	119	1224

168	119	1261

175	119	1303

177	119	1266

178	119	1247

179	119	1238

185	119	1264

147	120	1223

168	120	1256

174	120	1283

176	120	1250

185	120	1269

146	121	1225

168	121	1260

171	121	1300

173	121	1282

184	121	1264

145	122	1245

169	122	1270

170	122	1298

172	122	1261

183	122	1269

144	123	1251

182	123	1263

144	124	1240

181	124	1264

144	125	1207

180	125	1264

143	126	1212

179	126	1255

142	127	1204

179	127	1269

142	128	1207

179	128	1280

142	129	1221

178	129	1269

179	129	1252

142	130	1226

177	130	1264

141	131	1229

176	131	1258

141	132	1215

176	132	1269

141	133	1200

175	133	1270

141	134	1189

174	134	1268

142	135	1216

173	135	1266

143	136	1221

172	136	1258

142	137	1235

171	137	1252

143	138	1227

171	138	1267

143	139	1236

170	139	1255

144	140	1232

170	140	1270

143	141	1230

169	141	1259

144	142	1248

168	142	1268

145	143	1259

167	143	1274

145	144	1249

167	144	1283

144	145	1240

145	145	1284

167	145	1283

146	146	1258

167	146	1285

146	147	1270

167	147	1285

146	148	1250

167	148	1282

145	149	1237

167	149	1283

146	150	1322

167	150	1291

147	151	1274

167	151	1296

146	152	1272

167	152	1299

147	153	1262

168	153	1286

146	154	1275

168	154	1309

146	155	1274

168	155	1310

146	156	1259

168	156	1313

146	157	1244

168	157	1318

146	158	1264

168	158	1322

145	159	1210

167	159	1312

146	160	1239

167	160	1313

146	161	1255

167	161	1315

145	162	1252

167	162	1315

145	163	1281

167	163	1318

145	164	1280

167	164	1320

145	165	1282

167	165	1324

146	166	1269

166	166	1312

145	167	1261

166	167	1314

145	168	1304

166	168	1314

146	169	1278

147	169	1274

148	169	1271

149	169	1268

150	169	1265

151	169	1264

152	169	1264

153	169	1265

154	169	1265

155	169	1263

156	169	1264

157	169	1265

158	169	1270

159	169	1272

160	169	1277

161	169	1279

162	169	1283

163	169	1286

164	169	1292

165	169	1300

166	169	1313

