191	129	1266

192	129	1270

189	130	1264

190	130	1250

193	130	1261

188	131	1286

194	131	1263

188	132	1272

195	132	1273

189	133	1255

196	133	1298

189	134	1253

196	134	1284

186	135	1308

189	135	1265

196	135	1287

174	136	1226

175	136	1219

176	136	1228

189	136	1277

196	136	1281

173	137	1214

177	137	1216

190	137	1276

197	137	1310

178	138	1217

191	138	1261

197	138	1291

173	139	1209

178	139	1212

179	139	1225

191	139	1267

197	139	1283

174	140	1209

176	140	1209

178	140	1210

180	140	1236

191	140	1271

197	140	1288

174	141	1226

175	141	1214

177	141	1211

181	141	1241

192	141	1260

197	141	1291

175	142	1223

182	142	1243

192	142	1262

197	142	1291

176	143	1223

183	143	1244

192	143	1266

197	143	1292

177	144	1228

184	144	1246

192	144	1269

197	144	1291

178	145	1231

185	145	1252

186	145	1259

187	145	1304

192	145	1268

197	145	1288

178	146	1234

187	146	1274

192	146	1268

197	146	1285

179	147	1236

187	147	1268

192	147	1268

197	147	1283

209	147	1287

210	147	1277

211	147	1278

212	147	1291

180	148	1246

187	148	1262

192	148	1268

197	148	1281

208	148	1285

213	148	1307

181	149	1244

188	149	1302

191	149	1269

198	149	1307

207	149	1297

212	149	1283

181	150	1249

188	150	1277

191	150	1269

198	150	1297

207	150	1283

212	150	1291

181	151	1269

189	151	1281

190	151	1272

198	151	1290

206	151	1309

212	151	1316

181	152	1296

198	152	1284

206	152	1295

211	152	1284

181	153	1324

199	153	1311

206	153	1286

211	153	1290

182	154	1320

199	154	1298

206	154	1284

211	154	1297

181	155	1299

182	155	1327

200	155	1314

205	155	1304

211	155	1310

183	156	1358

201	156	1329

205	156	1290

210	156	1289

182	157	1313

202	157	1327

204	157	1324

210	157	1295

182	158	1271

202	158	1337

204	158	1307

210	158	1300

181	159	1282

203	159	1322

210	159	1303

179	160	1354

180	160	1327

210	160	1306

179	161	1301

210	161	1306

178	162	1289

210	162	1307

177	163	1315

210	163	1311

177	164	1302

210	164	1314

177	165	1282

210	165	1326

177	166	1287

209	166	1299

177	167	1286

209	167	1312

177	168	1277

209	168	1333

177	169	1274

208	169	1306

176	170	1318

208	170	1325

177	171	1288

207	171	1304

176	172	1320

207	172	1322

177	173	1335

206	173	1299

177	174	1351

206	174	1316

178	175	1327

206	175	1336

178	176	1358

205	176	1320

179	177	1291

204	177	1322

179	178	1306

203	178	1327

180	179	1319

181	179	1308

202	179	1335

182	180	1312

202	180	1361

182	181	1351

183	181	1315

202	181	1363

184	182	1334

202	182	1367

185	183	1330

201	183	1345

185	184	1368

201	184	1356

186	185	1354

201	185	1365

185	186	1362

200	186	1354

185	187	1337

200	187	1360

184	188	1358

185	188	1367

200	188	1364

186	189	1336

200	189	1366

183	190	1362

186	190	1348

200	190	1366

186	191	1341

199	191	1356

185	192	1366

199	192	1361

186	193	1358

199	193	1367

185	194	1327

198	194	1360

184	195	1365

186	195	1324

198	195	1361

186	196	1338

198	196	1365

185	197	1358

187	197	1360

196	197	1364

197	197	1368

186	198	1364

188	198	1367

194	198	1367

195	198	1368

185	199	1332

189	199	1367

193	199	1365

190	200	1367

191	200	1366

192	200	1365

193	200	1367

186	203	1361

