173	105	1218

174	105	1205

175	105	1205

176	105	1210

173	106	1205

177	106	1213

173	107	1204

178	107	1235

189	107	1243

190	107	1240

191	107	1252

173	108	1205

178	108	1219

188	108	1244

192	108	1259

173	109	1208

178	109	1214

188	109	1239

192	109	1245

173	110	1210

179	110	1233

188	110	1237

192	110	1244

174	111	1206

179	111	1221

187	111	1251

192	111	1246

174	112	1210

179	112	1217

187	112	1247

192	112	1248

174	113	1217

179	113	1215

187	113	1243

192	113	1249

174	114	1219

180	114	1231

187	114	1242

192	114	1251

174	115	1221

180	115	1227

187	115	1243

192	115	1255

174	116	1220

181	116	1236

187	116	1242

192	116	1261

174	117	1224

181	117	1239

186	117	1254

192	117	1269

174	118	1224

181	118	1244

186	118	1253

192	118	1274

174	119	1227

181	119	1250

186	119	1250

192	119	1275

175	120	1220

181	120	1241

186	120	1245

191	120	1251

175	121	1225

182	121	1274

185	121	1243

191	121	1255

175	122	1229

182	122	1264

185	122	1246

191	122	1257

175	123	1234

182	123	1264

185	123	1248

191	123	1259

175	124	1238

182	124	1257

185	124	1250

191	124	1263

174	125	1247

182	125	1255

185	125	1250

191	125	1270

172	126	1182

174	126	1259

182	126	1248

184	126	1257

191	126	1279

172	127	1273

174	127	1274

183	127	1260

191	127	1290

172	128	1281

173	128	1278

190	128	1262

172	129	1280

190	129	1263

172	130	1248

191	130	1289

170	131	1250

171	131	1243

191	131	1278

203	131	1266

204	131	1256

205	131	1254

206	131	1256

207	131	1264

169	132	1224

192	132	1308

193	132	1294

194	132	1278

195	132	1261

196	132	1298

197	132	1309

198	132	1309

199	132	1283

200	132	1273

201	132	1262

202	132	1257

208	132	1268

168	133	1257

208	133	1275

167	134	1247

207	134	1274

165	135	1249

166	135	1254

207	135	1307

165	136	1242

205	136	1275

206	136	1299

165	137	1240

204	137	1286

165	138	1241

203	138	1281

163	139	1240

164	139	1254

203	139	1305

162	140	1274

163	140	1264

201	140	1270

202	140	1292

203	140	1323

162	141	1304

164	141	1241

200	141	1270

163	142	1273

199	142	1264

162	143	1210

163	143	1244

164	143	1233

199	143	1292

165	144	1221

198	144	1278

164	145	1244

197	145	1275

164	146	1261

197	146	1303

165	147	1232

196	147	1303

163	148	1301

164	148	1260

195	148	1293

163	149	1289

194	149	1282

164	150	1272

193	150	1274

164	151	1268

193	151	1301

165	152	1292

192	152	1291

165	153	1278

191	153	1293

166	154	1276

189	154	1281

190	154	1306

166	155	1272

188	155	1283

165	156	1274

188	156	1297

166	157	1276

188	157	1300

166	158	1248

187	158	1286

165	159	1225

187	159	1294

165	160	1250

187	160	1302

164	161	1285

187	161	1310

164	162	1270

186	162	1296

164	163	1290

186	163	1308

164	164	1321

186	164	1321

164	165	1323

185	165	1307

163	166	1332

185	166	1315

163	167	1299

164	167	1276

185	167	1320

163	168	1322

165	168	1255

185	168	1326

163	169	1317

164	169	1272

185	169	1332

164	170	1266

184	170	1317

163	171	1269

184	171	1322

164	172	1266

184	172	1330

163	173	1270

183	173	1318

163	174	1263

183	174	1324

163	175	1263

183	175	1331

162	176	1261

182	176	1318

161	177	1246

182	177	1324

160	178	1259

182	178	1329

159	179	1305

161	179	1276

181	179	1316

161	180	1282

181	180	1322

160	181	1272

181	181	1329

160	182	1271

161	182	1275

162	182	1273

163	182	1273

164	182	1270

165	182	1270

166	182	1267

167	182	1266

168	182	1265

169	182	1265

170	182	1267

171	182	1269

172	182	1269

173	182	1269

174	182	1270

175	182	1274

176	182	1281

177	182	1285

178	182	1291

179	182	1298

180	182	1312

181	182	1332

