161	103	1294

162	103	1292

163	103	1300

160	104	1291

164	104	1300

160	105	1286

164	105	1291

160	106	1283

165	106	1299

177	106	1329

178	106	1322

179	106	1328

160	107	1285

165	107	1299

177	107	1314

180	107	1333

160	108	1286

165	108	1298

176	108	1319

180	108	1327

161	109	1289

165	109	1294

176	109	1311

180	109	1327

161	110	1290

166	110	1303

175	110	1313

180	110	1327

161	111	1292

166	111	1304

175	111	1313

180	111	1332

161	112	1295

166	112	1303

175	112	1311

180	112	1337

161	113	1303

166	113	1301

175	113	1312

180	113	1334

161	114	1283

167	114	1307

174	114	1314

179	114	1321

162	115	1299

167	115	1304

174	115	1318

179	115	1325

162	116	1300

168	116	1311

174	116	1315

179	116	1329

162	117	1301

168	117	1312

174	117	1315

179	117	1333

162	118	1306

169	118	1313

173	118	1320

179	118	1336

162	119	1308

170	119	1342

173	119	1321

179	119	1342

162	120	1311

170	120	1357

172	120	1315

179	120	1343

163	121	1306

170	121	1354

172	121	1323

178	121	1332

163	122	1311

170	122	1352

172	122	1323

178	122	1336

163	123	1313

171	123	1312

178	123	1341

163	124	1296

178	124	1346

161	125	1293

163	125	1327

178	125	1351

160	126	1308

162	126	1324

178	126	1348

159	127	1296

178	127	1345

158	128	1294

179	128	1359

157	129	1311

179	129	1335

155	130	1332

156	130	1320

178	130	1345

181	130	1313

182	130	1362

185	130	1347

186	130	1340

187	130	1336

188	130	1335

189	130	1335

190	130	1334

191	130	1338

192	130	1344

193	130	1354

154	131	1333

178	131	1316

181	131	1327

183	131	1345

184	131	1339

194	131	1342

153	132	1340

179	132	1335

180	132	1349

195	132	1357

153	133	1308

194	133	1351

195	133	1368

153	134	1307

192	134	1352

193	134	1370

152	135	1333

191	135	1356

151	136	1333

189	136	1352

190	136	1357

151	137	1346

187	137	1347

188	137	1367

151	138	1345

186	138	1352

151	139	1341

185	139	1352

152	140	1313

184	140	1348

152	141	1311

183	141	1344

152	142	1317

182	142	1342

153	143	1307

181	143	1342

182	143	1356

152	144	1318

180	144	1342

153	145	1306

180	145	1349

153	146	1312

179	146	1351

153	147	1337

178	147	1351

154	148	1327

177	148	1345

154	149	1343

176	149	1348

154	150	1333

175	150	1358

154	151	1340

174	151	1359

153	152	1338

174	152	1362

153	153	1346

174	153	1363

153	154	1346

173	154	1360

153	155	1332

173	155	1367

152	156	1341

153	156	1321

173	156	1368

152	157	1327

154	157	1326

173	157	1373

152	158	1321

153	158	1321

173	158	1366

152	159	1339

172	159	1372

152	160	1344

172	160	1374

152	161	1340

172	161	1380

151	162	1353

172	162	1383

151	163	1340

172	163	1386

149	164	1345

150	164	1286

172	164	1388

149	165	1289

172	165	1393

149	166	1327

171	166	1393

149	167	1305

171	167	1399

149	168	1324

171	168	1401

149	169	1327

171	169	1400

149	170	1338

171	170	1379

149	171	1342

170	171	1403

148	172	1345

170	172	1409

147	173	1330

170	173	1410

147	174	1335

170	174	1406

147	175	1340

169	175	1405

170	175	1402

147	176	1335

168	176	1403

147	177	1340

168	177	1407

170	177	1411

146	178	1335

147	178	1345

148	178	1348

149	178	1343

150	178	1343

151	178	1341

152	178	1342

153	178	1341

154	178	1343

155	178	1342

156	178	1341

157	178	1340

158	178	1343

159	178	1346

160	178	1348

161	178	1349

162	178	1352

163	178	1356

164	178	1363

165	178	1372

166	178	1382

167	178	1395

168	178	1407

