160	163	1894

161	163	1899

160	164	1882

161	164	1884

160	165	1878

161	165	1876

160	166	1881

162	166	1882

171	166	1895

160	167	1884

162	167	1881

170	167	1895

171	167	1888

160	168	1891

162	168	1880

170	168	1890

171	168	1887

161	169	1876

162	169	1876

170	169	1882

171	169	1887

160	170	1901

163	170	1889

169	170	1888

171	170	1887

161	171	1882

163	171	1890

169	171	1884

171	171	1887

161	172	1885

163	172	1891

168	172	1893

171	172	1888

161	173	1887

163	173	1889

168	173	1884

170	173	1882

161	174	1884

163	174	1885

168	174	1880

170	174	1886

161	175	1882

164	175	1895

167	175	1894

170	175	1894

161	176	1884

164	176	1891

166	176	1906

170	176	1899

161	177	1886

165	177	1891

169	177	1891

159	178	1866

160	178	1878

169	178	1893

157	179	1864

158	179	1855

169	179	1901

157	180	1864

169	180	1907

157	181	1864

168	181	1892

156	182	1873

168	182	1891

155	183	1880

168	183	1890

154	184	1910

168	184	1884

154	185	1897

169	185	1895

153	186	1907

169	186	1880

153	187	1912

170	187	1883

171	187	1893

153	188	1928

172	188	1879

173	188	1882

174	188	1888

175	188	1889

176	188	1892

177	188	1893

178	188	1894

179	188	1892

180	188	1894

181	188	1900

182	188	1921

154	189	1885

174	189	1887

175	189	1894

176	189	1899

177	189	1902

178	189	1904

154	190	1884

172	190	1884

173	190	1895

154	191	1885

170	191	1869

171	191	1885

154	192	1887

168	192	1872

169	192	1880

154	193	1895

167	193	1883

154	194	1912

166	194	1900

155	195	1901

165	195	1910

155	196	1909

164	196	1894

154	197	1937

164	197	1901

154	198	1922

164	198	1916

154	199	1917

163	199	1892

154	200	1909

164	200	1925

194	200	1971

154	201	1908

164	201	1924

193	201	1970

194	201	1965

154	202	1907

164	202	1924

191	202	1973

192	202	1973

194	202	1965

154	203	1912

164	203	1923

191	203	1973

194	203	1962

154	204	1909

164	204	1925

191	204	1972

194	204	1960

154	205	1906

164	205	1926

191	205	1974

194	205	1957

154	206	1909

164	206	1924

191	206	1974

194	206	1953

154	207	1916

164	207	1928

189	207	1974

190	207	1974

194	207	1954

153	208	1962

164	208	1931

189	208	1973

194	208	1954

153	209	1967

164	209	1940

189	209	1974

194	209	1951

153	210	1957

164	210	1947

190	210	1973

194	210	1951

153	211	1952

164	211	1950

191	211	1974

194	211	1948

153	212	1948

164	212	1945

191	212	1972

194	212	1947

153	213	1946

164	213	1944

191	213	1973

194	213	1940

153	214	1942

164	214	1941

192	214	1970

194	214	1933

153	215	1941

165	215	1973

192	215	1973

194	215	1927

153	216	1942

154	216	1920

155	216	1908

156	216	1903

157	216	1901

158	216	1898

159	216	1897

160	216	1899

161	216	1902

162	216	1909

163	216	1917

164	216	1935

165	216	1967

179	216	1974

193	216	1949

194	216	1925

