174	149	1703

175	149	1703

174	150	1706

176	150	1708

174	151	1713

176	151	1706

186	151	1731

187	151	1731

174	152	1719

176	152	1708

186	152	1730

187	152	1732

175	153	1707

177	153	1714

185	153	1737

187	153	1733

175	154	1710

177	154	1710

185	154	1735

187	154	1731

175	155	1709

177	155	1708

185	155	1730

187	155	1730

175	156	1711

178	156	1722

184	156	1730

187	156	1729

175	157	1712

178	157	1721

184	157	1733

187	157	1733

176	158	1714

178	158	1717

184	158	1733

186	158	1729

176	159	1719

178	159	1719

183	159	1734

186	159	1731

176	160	1721

179	160	1727

182	160	1718

186	160	1733

175	161	1725

179	161	1727

182	161	1735

186	161	1737

175	162	1751

180	162	1736

181	162	1757

186	162	1741

176	163	1727

185	163	1735

174	164	1693

175	164	1705

185	164	1736

174	165	1697

185	165	1739

173	166	1698

185	166	1741

173	167	1697

184	167	1732

172	168	1736

184	168	1729

172	169	1709

184	169	1726

170	170	1724

171	170	1706

185	170	1737

169	171	1744

185	171	1728

194	171	1747

195	171	1745

196	171	1746

197	171	1747

198	171	1748

199	171	1750

169	172	1726

186	172	1731

187	172	1736

191	172	1739

192	172	1739

193	172	1741

197	172	1747

198	172	1751

169	173	1718

188	173	1728

189	173	1731

190	173	1734

195	173	1743

196	173	1747

168	174	1680

193	174	1743

194	174	1749

169	175	1711

191	175	1738

192	175	1745

169	176	1717

190	176	1731

169	177	1732

189	177	1729

170	178	1726

188	178	1724

170	179	1726

187	179	1722

170	180	1737

186	180	1727

170	181	1737

185	181	1727

171	182	1721

184	182	1725

171	183	1725

183	183	1738

171	184	1731

182	184	1737

170	185	1747

181	185	1733

171	186	1735

181	186	1743

171	187	1738

181	187	1752

171	188	1742

181	188	1764

171	189	1744

180	189	1756

171	190	1742

181	190	1785

170	191	1772

180	191	1771

171	192	1748

180	192	1784

170	193	1781

180	193	1792

170	194	1787

180	194	1795

170	195	1801

180	195	1796

170	196	1810

180	196	1798

171	197	1787

180	197	1804

171	198	1789

180	198	1809

171	199	1791

180	199	1818

171	200	1796

179	200	1804

171	201	1801

179	201	1810

171	202	1803

179	202	1815

171	203	1807

179	203	1815

171	204	1812

178	204	1815

171	205	1818

177	205	1817

172	206	1811

177	206	1819

172	207	1818

173	207	1810

174	207	1811

175	207	1813

176	207	1819

