187	120	1180

188	120	1174

189	120	1176

190	120	1192

186	121	1186

191	121	1205

186	122	1187

191	122	1185

186	123	1196

192	123	1206

187	124	1177

192	124	1193

187	125	1182

192	125	1189

171	126	1143

172	126	1141

173	126	1154

187	126	1192

193	126	1212

174	127	1152

175	127	1180

188	127	1182

193	127	1198

169	128	1140

174	128	1143

176	128	1187

188	128	1186

193	128	1191

174	129	1142

177	129	1186

182	129	1194

187	129	1219

193	129	1188

169	130	1143

173	130	1139

178	130	1190

183	130	1197

187	130	1217

194	130	1203

170	131	1139

173	131	1139

178	131	1180

183	131	1195

187	131	1237

195	131	1239

170	132	1154

171	132	1142

172	132	1139

179	132	1185

187	132	1249

195	132	1210

171	133	1164

172	133	1147

180	133	1182

181	133	1207

182	133	1222

183	133	1251

188	133	1206

196	133	1249

173	134	1152

184	134	1234

185	134	1242

188	134	1192

196	134	1241

174	135	1153

185	135	1234

186	135	1246

188	135	1215

196	135	1239

174	136	1167

184	136	1238

187	136	1260

188	136	1219

195	136	1204

175	137	1167

184	137	1233

189	137	1198

196	137	1233

207	137	1257

208	137	1213

209	137	1202

210	137	1203

211	137	1229

176	138	1167

184	138	1204

189	138	1201

197	138	1283

207	138	1210

211	138	1203

177	139	1167

184	139	1190

189	139	1203

197	139	1268

206	139	1219

211	139	1201

177	140	1178

185	140	1214

189	140	1201

196	140	1227

201	140	1270

204	140	1280

205	140	1234

211	140	1207

178	141	1173

185	141	1198

189	141	1199

196	141	1225

204	141	1257

211	141	1212

178	142	1186

186	142	1219

188	142	1215

196	142	1219

205	142	1206

211	142	1214

178	143	1217

187	143	1203

197	143	1247

205	143	1207

211	143	1224

179	144	1226

197	144	1232

205	144	1207

211	144	1258

180	145	1214

198	145	1270

205	145	1208

210	145	1210

180	146	1256

198	146	1246

205	146	1207

210	146	1214

180	147	1298

199	147	1265

204	147	1229

210	147	1220

180	148	1242

199	148	1241

204	148	1218

210	148	1229

179	149	1241

199	149	1222

204	149	1212

210	149	1242

178	150	1269

200	150	1237

204	150	1210

209	150	1216

178	151	1231

200	151	1218

203	151	1232

209	151	1219

177	152	1287

201	152	1219

202	152	1232

209	152	1221

176	153	1274

209	153	1221

175	154	1248

209	154	1222

175	155	1232

209	155	1224

174	156	1281

209	156	1228

173	157	1278

209	157	1233

172	158	1238

174	158	1217

209	158	1240

173	159	1250

209	159	1257

174	160	1232

208	160	1231

174	161	1239

208	161	1245

174	162	1270

207	162	1225

174	163	1253

207	163	1239

174	164	1264

207	164	1262

174	165	1288

206	165	1236

174	166	1286

206	166	1253

175	167	1244

205	167	1232

174	168	1233

205	168	1248

175	169	1248

204	169	1237

176	170	1242

203	170	1236

204	170	1267

177	171	1269

202	171	1243

176	172	1287

178	172	1285

179	172	1235

201	172	1256

177	173	1297

180	173	1234

201	173	1278

180	174	1281

201	174	1284

181	175	1273

182	175	1250

201	175	1287

183	176	1250

201	176	1294

184	177	1237

200	177	1277

184	178	1251

200	178	1287

184	179	1245

200	179	1297

184	180	1285

199	180	1286

185	181	1257

199	181	1291

185	182	1257

199	182	1294

185	183	1273

199	183	1297

184	184	1286

198	184	1290

184	185	1282

198	185	1292

184	186	1281

198	186	1295

185	187	1274

197	187	1289

184	188	1278

197	188	1291

184	189	1266

197	189	1294

184	190	1271

196	190	1293

197	190	1297

184	191	1293

194	191	1295

195	191	1298

185	192	1293

193	192	1296

185	193	1298

186	193	1296

187	193	1297

188	193	1296

189	193	1292

192	193	1298

190	194	1297

191	194	1298

184	199	1292

