159	159	1864

160	159	1868

159	160	1848

160	160	1851

159	161	1847

160	161	1848

159	162	1846

160	162	1843

170	162	1863

160	163	1844

161	163	1850

169	163	1866

170	163	1858

159	164	1848

161	164	1847

169	164	1861

170	164	1855

159	165	1851

161	165	1846

169	165	1857

170	165	1854

159	166	1855

161	166	1843

168	166	1863

170	166	1857

160	167	1849

162	167	1858

168	167	1855

170	167	1858

160	168	1849

162	168	1856

168	168	1853

170	168	1861

160	169	1849

162	169	1855

167	169	1862

169	169	1848

160	170	1847

162	170	1848

166	170	1874

169	170	1851

160	171	1848

162	171	1849

166	171	1858

169	171	1853

160	172	1848

163	172	1864

165	172	1863

169	172	1860

160	173	1850

164	173	1870

168	173	1855

158	174	1838

159	174	1844

168	174	1858

156	175	1834

157	175	1823

168	175	1860

156	176	1827

168	176	1862

156	177	1830

167	177	1852

156	178	1823

167	178	1854

154	179	1842

155	179	1825

167	179	1856

153	180	1872

167	180	1854

153	181	1859

168	181	1861

152	182	1859

168	182	1852

152	183	1854

169	183	1851

170	183	1864

152	184	1855

171	184	1849

172	184	1851

173	184	1856

174	184	1856

175	184	1857

176	184	1856

177	184	1857

178	184	1858

179	184	1864

180	184	1875

181	184	1888

153	185	1838

175	185	1857

176	185	1861

177	185	1866

178	185	1869

152	186	1873

172	186	1851

173	186	1868

174	186	1875

153	187	1839

170	187	1841

171	187	1852

153	188	1837

168	188	1838

169	188	1851

153	189	1842

167	189	1842

153	190	1853

165	190	1839

166	190	1851

153	191	1862

164	191	1851

153	192	1869

163	192	1852

153	193	1867

163	193	1864

153	194	1868

162	194	1845

153	195	1859

162	195	1850

153	196	1855

162	196	1852

153	197	1854

162	197	1859

153	198	1854

162	198	1865

152	199	1897

162	199	1869

152	200	1885

162	200	1870

153	201	1861

162	201	1871

152	202	1879

162	202	1874

152	203	1887

162	203	1874

152	204	1891

162	204	1877

152	205	1893

162	205	1885

152	206	1888

162	206	1891

152	207	1887

162	207	1897

152	208	1884

162	208	1898

152	209	1881

162	209	1899

152	210	1880

162	210	1895

152	211	1882

163	211	1920

151	212	1916

163	212	1924

151	213	1918

163	213	1924

151	214	1914

152	214	1885

153	214	1870

154	214	1864

155	214	1864

156	214	1865

157	214	1867

158	214	1867

159	214	1868

160	214	1870

161	214	1882

162	214	1897

163	214	1924

