160	155	1779

160	156	1771

161	156	1773

160	157	1772

161	157	1772

160	158	1773

162	158	1777

171	158	1793

172	158	1793

160	159	1776

162	159	1776

171	159	1792

172	159	1793

160	160	1782

162	160	1776

170	160	1800

172	160	1795

160	161	1783

162	161	1776

170	161	1793

172	161	1795

160	162	1782

163	162	1783

170	162	1787

172	162	1795

160	163	1788

163	163	1781

169	163	1790

172	163	1800

160	164	1791

163	164	1779

169	164	1787

171	164	1788

160	165	1792

163	165	1778

168	165	1803

171	165	1792

160	166	1782

163	166	1779

168	166	1798

171	166	1794

161	167	1775

163	167	1781

167	167	1815

171	167	1799

161	168	1776

164	168	1792

167	168	1797

171	168	1804

161	169	1782

164	169	1786

167	169	1790

170	169	1792

160	170	1780

165	170	1791

166	170	1799

170	170	1794

158	171	1766

159	171	1753

170	171	1799

158	172	1754

169	172	1792

157	173	1765

169	173	1796

157	174	1766

169	174	1799

156	175	1766

169	175	1800

155	176	1767

169	176	1799

154	177	1791

169	177	1792

154	178	1777

170	178	1801

153	179	1777

170	179	1790

153	180	1765

171	180	1789

172	180	1801

179	180	1801

180	180	1804

181	180	1807

153	181	1764

173	181	1778

174	181	1780

175	181	1785

176	181	1793

177	181	1793

178	181	1793

180	181	1801

181	181	1807

182	181	1810

183	181	1816

154	182	1760

177	182	1798

178	182	1801

179	182	1803

153	183	1779

174	183	1788

175	183	1797

176	183	1808

153	184	1786

172	184	1782

173	184	1797

154	185	1767

170	185	1772

171	185	1789

154	186	1774

169	186	1775

154	187	1782

168	187	1781

154	188	1792

166	188	1779

167	188	1792

154	189	1797

165	189	1788

154	190	1798

165	190	1802

154	191	1794

164	191	1785

154	192	1791

164	192	1793

154	193	1789

164	193	1805

154	194	1786

164	194	1813

154	195	1787

164	195	1820

154	196	1786

164	196	1820

154	197	1795

164	197	1824

154	198	1796

164	198	1831

154	199	1802

164	199	1839

154	200	1799

164	200	1841

153	201	1834

164	201	1841

153	202	1826

164	202	1841

154	203	1811

164	203	1848

153	204	1829

164	204	1853

153	205	1834

164	205	1859

153	206	1835

164	206	1862

153	207	1839

164	207	1864

153	208	1840

164	208	1861

153	209	1841

164	209	1860

153	210	1843

164	210	1861

153	211	1845

164	211	1863

153	212	1847

154	212	1827

155	212	1821

156	212	1819

157	212	1819

158	212	1817

159	212	1820

160	212	1823

161	212	1828

162	212	1833

163	212	1845

164	212	1868

