199	150	1662

199	151	1662

200	151	1665

199	152	1662

200	152	1664

186	153	1621

187	153	1626

188	153	1633

199	153	1662

201	153	1670

185	154	1615

189	154	1638

199	154	1663

201	154	1669

186	155	1627

189	155	1634

198	155	1670

201	155	1669

186	156	1634

190	156	1640

199	156	1667

202	156	1678

187	157	1638

191	157	1640

199	157	1669

202	157	1676

188	158	1644

192	158	1646

198	158	1656

202	158	1676

189	159	1640

192	159	1646

199	159	1671

202	159	1675

189	160	1650

193	160	1654

199	160	1674

202	160	1676

190	161	1648

194	161	1662

198	161	1681

202	161	1676

190	162	1651

195	162	1664

196	162	1656

198	162	1675

203	162	1678

191	163	1654

197	163	1654

203	163	1678

211	163	1658

212	163	1661

213	163	1667

191	164	1669

203	164	1679

210	164	1657

213	164	1668

192	165	1664

203	165	1681

210	165	1660

212	165	1666

193	166	1668

204	166	1687

209	166	1666

212	166	1670

193	167	1670

204	167	1686

209	167	1669

212	167	1674

193	168	1669

205	168	1693

206	168	1704

209	168	1667

212	168	1675

192	169	1655

207	169	1693

208	169	1680

212	169	1675

191	170	1640

212	170	1674

191	171	1640

211	171	1669

190	172	1643

211	172	1669

190	173	1651

211	173	1668

189	174	1640

211	174	1669

189	175	1646

211	175	1671

189	176	1650

211	176	1675

188	177	1675

211	177	1677

188	178	1668

211	178	1685

188	179	1667

211	179	1695

188	180	1666

210	180	1685

189	181	1663

210	181	1690

189	182	1668

209	182	1682

189	183	1670

209	183	1686

189	184	1657

208	184	1684

190	185	1670

208	185	1697

191	186	1676

207	186	1706

192	187	1675

207	187	1721

192	188	1680

206	188	1711

193	189	1663

207	189	1724

194	190	1701

207	190	1731

195	191	1694

207	191	1741

196	192	1694

207	192	1747

196	193	1698

207	193	1752

196	194	1707

207	194	1749

196	195	1714

207	195	1748

196	196	1716

207	196	1746

197	197	1706

207	197	1751

197	198	1715

207	198	1753

197	199	1723

208	199	1771

197	200	1726

208	200	1767

197	201	1735

208	201	1768

198	202	1725

208	202	1768

198	203	1732

208	203	1766

198	204	1739

208	204	1764

198	205	1747

208	205	1763

198	206	1762

208	206	1762

199	207	1754

208	207	1762

199	208	1757

209	208	1770

199	209	1763

208	209	1762

200	210	1758

208	210	1763

200	211	1760

208	211	1768

201	212	1763

207	212	1769

202	213	1765

207	213	1771

203	214	1766

204	214	1766

205	214	1768

206	214	1771

