173	150	1716

174	150	1714

175	150	1722

173	151	1719

175	151	1720

173	152	1721

175	152	1718

185	152	1745

186	152	1741

173	153	1728

176	153	1726

185	153	1747

186	153	1742

174	154	1721

176	154	1727

184	154	1738

186	154	1739

174	155	1726

176	155	1728

184	155	1743

186	155	1739

174	156	1726

177	156	1738

184	156	1739

186	156	1738

174	157	1729

177	157	1735

183	157	1748

186	157	1739

174	158	1732

177	158	1731

183	158	1749

186	158	1738

175	159	1729

177	159	1732

183	159	1746

186	159	1739

174	160	1734

177	160	1733

182	160	1754

186	160	1744

175	161	1732

178	161	1742

182	161	1748

185	161	1740

174	162	1761

178	162	1742

181	162	1747

185	162	1743

175	163	1735

179	163	1725

180	163	1748

185	163	1748

175	164	1737

185	164	1751

174	165	1720

184	165	1744

173	166	1706

184	166	1746

172	167	1712

184	167	1748

172	168	1715

184	168	1751

171	169	1732

183	169	1742

171	170	1720

183	170	1741

169	171	1733

170	171	1717

184	171	1748

169	172	1729

184	172	1740

192	172	1748

193	172	1748

194	172	1752

195	172	1758

196	172	1761

197	172	1764

169	173	1726

185	173	1738

186	173	1741

189	173	1750

190	173	1748

191	173	1746

196	173	1765

197	173	1767

168	174	1726

187	174	1733

188	174	1738

194	174	1760

195	174	1765

168	175	1721

192	175	1755

193	175	1762

168	176	1724

190	176	1749

191	176	1756

168	177	1733

189	177	1744

168	178	1754

188	178	1743

169	179	1745

187	179	1744

169	180	1750

186	180	1743

169	181	1753

185	181	1742

170	182	1726

184	182	1743

170	183	1737

183	183	1750

170	184	1743

182	184	1750

170	185	1749

181	185	1747

170	186	1745

180	186	1743

170	187	1744

180	187	1752

170	188	1745

180	188	1761

170	189	1747

180	189	1772

169	190	1760

179	190	1765

170	191	1759

179	191	1772

170	192	1767

179	192	1777

170	193	1771

179	193	1790

170	194	1772

179	194	1791

170	195	1783

179	195	1795

170	196	1787

179	196	1795

170	197	1796

179	197	1805

170	198	1796

179	198	1811

170	199	1805

179	199	1817

170	200	1811

179	200	1822

170	201	1815

179	201	1830

170	202	1816

178	202	1816

170	203	1821

178	203	1820

170	204	1827

178	204	1824

170	205	1829

177	205	1825

170	206	1830

176	206	1824

171	207	1825

175	207	1825

176	207	1829

172	208	1827

173	208	1826

174	208	1829

