161	163	1883

162	163	1883

161	164	1876

162	164	1877

161	165	1877

163	165	1887

172	165	1900

161	166	1883

163	166	1884

171	166	1892

172	166	1890

161	167	1892

163	167	1880

171	167	1889

172	167	1887

162	168	1883

163	168	1879

171	168	1888

172	168	1888

162	169	1885

164	169	1893

170	169	1895

172	169	1889

162	170	1884

164	170	1894

170	170	1888

172	170	1893

162	171	1883

164	171	1893

170	171	1883

172	171	1894

162	172	1886

164	172	1888

169	172	1892

171	172	1883

162	173	1887

164	173	1885

169	173	1882

171	173	1885

162	174	1883

164	174	1883

168	174	1888

171	174	1888

162	175	1884

165	175	1896

167	175	1930

171	175	1891

162	176	1887

166	176	1901

170	176	1887

161	177	1889

170	177	1897

159	178	1872

160	178	1869

170	178	1902

158	179	1868

170	179	1906

158	180	1870

169	180	1890

157	181	1889

169	181	1892

156	182	1887

169	182	1888

156	183	1873

169	183	1883

155	184	1902

169	184	1879

155	185	1891

170	185	1890

154	186	1897

170	186	1879

155	187	1880

171	187	1873

172	187	1883

155	188	1878

173	188	1876

174	188	1881

175	188	1887

176	188	1888

177	188	1886

178	188	1888

179	188	1894

180	188	1900

181	188	1905

182	188	1912

183	188	1935

155	189	1882

174	189	1887

175	189	1900

176	189	1903

177	189	1901

154	190	1928

172	190	1879

173	190	1891

155	191	1883

170	191	1876

171	191	1888

155	192	1886

168	192	1870

169	192	1884

155	193	1900

167	193	1875

155	194	1915

166	194	1882

155	195	1922

165	195	1883

155	196	1914

165	196	1896

155	197	1910

164	197	1885

195	197	1972

156	198	1890

164	198	1893

194	198	1969

195	198	1969

155	199	1909

164	199	1897

191	199	1972

192	199	1970

193	199	1970

195	199	1963

155	200	1906

164	200	1896

190	200	1971

195	200	1954

155	201	1900

164	201	1895

189	201	1971

195	201	1946

155	202	1899

164	202	1897

188	202	1972

195	202	1943

155	203	1899

165	203	1921

188	203	1971

195	203	1943

154	204	1942

165	204	1923

188	204	1971

195	204	1940

155	205	1907

165	205	1926

188	205	1971

195	205	1936

154	206	1955

165	206	1927

188	206	1969

195	206	1932

154	207	1949

165	207	1931

189	207	1968

195	207	1930

154	208	1938

165	208	1932

189	208	1968

195	208	1927

154	209	1938

165	209	1934

189	209	1969

195	209	1921

154	210	1938

165	210	1938

189	210	1968

195	210	1919

154	211	1940

165	211	1943

189	211	1970

195	211	1916

154	212	1937

165	212	1943

183	212	1972

184	212	1971

190	212	1966

195	212	1912

154	213	1935

165	213	1940

183	213	1971

184	213	1971

190	213	1972

195	213	1906

154	214	1931

165	214	1936

180	214	1972

181	214	1972

182	214	1971

184	214	1971

191	214	1972

195	214	1902

154	215	1930

155	215	1910

156	215	1898

157	215	1893

158	215	1890

159	215	1891

160	215	1891

161	215	1893

162	215	1897

163	215	1905

164	215	1915

165	215	1933

166	215	1960

178	215	1972

179	215	1971

180	215	1969

181	215	1970

182	215	1970

183	215	1971

184	215	1972

192	215	1967

193	215	1943

194	215	1916

195	215	1900

