165	157	1788

164	158	1787

166	158	1781

164	159	1794

166	159	1778

164	160	1802

167	160	1787

176	160	1798

177	160	1800

165	161	1785

167	161	1784

176	161	1792

177	161	1796

165	162	1787

167	162	1781

175	162	1798

177	162	1796

165	163	1783

167	163	1776

175	163	1791

177	163	1795

165	164	1782

168	164	1782

174	164	1802

177	164	1796

165	165	1783

168	165	1783

174	165	1796

176	165	1792

165	166	1788

168	166	1786

174	166	1789

176	166	1792

166	167	1782

168	167	1789

173	167	1796

177	167	1818

166	168	1784

168	168	1788

173	168	1803

176	168	1796

166	169	1788

168	169	1789

172	169	1819

176	169	1803

166	170	1790

169	170	1798

172	170	1805

175	170	1797

166	171	1796

170	171	1820

171	171	1812

175	171	1797

165	172	1792

175	172	1804

164	173	1762

175	173	1810

163	174	1761

174	174	1798

162	175	1778

174	175	1799

162	176	1794

174	176	1801

161	177	1792

174	177	1803

160	178	1787

174	178	1798

159	179	1808

174	179	1788

159	180	1793

175	180	1789

159	181	1781

176	181	1790

181	181	1806

182	181	1797

183	181	1801

184	181	1808

185	181	1814

186	181	1819

187	181	1822

188	181	1830

158	182	1790

177	182	1786

178	182	1794

179	182	1798

180	182	1801

185	182	1816

186	182	1826

187	182	1829

159	183	1777

182	183	1805

183	183	1809

184	183	1821

158	184	1812

180	184	1799

181	184	1813

159	185	1789

179	185	1795

159	186	1792

177	186	1787

178	186	1802

160	187	1772

176	187	1791

160	188	1778

174	188	1782

175	188	1798

160	189	1787

173	189	1785

160	190	1799

172	190	1795

160	191	1803

171	191	1801

160	192	1804

170	192	1794

160	193	1802

170	193	1809

160	194	1806

169	194	1794

160	195	1804

169	195	1802

160	196	1805

169	196	1808

160	197	1802

169	197	1813

160	198	1805

170	198	1845

160	199	1813

170	199	1843

160	200	1819

170	200	1845

160	201	1824

170	201	1854

160	202	1834

170	202	1864

160	203	1844

170	203	1869

161	204	1832

170	204	1867

161	205	1834

170	205	1871

160	206	1865

170	206	1871

160	207	1872

170	207	1876

160	208	1876

170	208	1875

160	209	1878

170	209	1879

161	210	1850

169	210	1862

161	211	1857

169	211	1866

161	212	1863

169	212	1868

161	213	1869

169	213	1871

161	214	1876

162	214	1856

163	214	1852

164	214	1852

165	214	1855

166	214	1853

167	214	1854

168	214	1859

169	214	1872

