188	157	1726

189	157	1723

188	158	1731

190	158	1733

188	159	1731

191	159	1740

188	160	1731

191	160	1735

188	161	1716

191	161	1727

175	162	1693

176	162	1691

177	162	1696

178	162	1706

189	162	1728

192	162	1730

175	163	1696

179	163	1707

189	163	1731

192	163	1725

176	164	1698

180	164	1706

189	164	1733

193	164	1734

177	165	1703

181	165	1705

189	165	1742

193	165	1734

178	166	1705

182	166	1708

189	166	1733

193	166	1734

179	167	1708

183	167	1708

184	167	1714

189	167	1712

193	167	1729

180	168	1714

185	168	1713

189	168	1761

194	168	1737

204	168	1714

205	168	1720

180	169	1736

186	169	1721

190	169	1733

194	169	1735

203	169	1712

205	169	1717

181	170	1743

187	170	1732

189	170	1742

194	170	1734

203	170	1711

205	170	1718

182	171	1733

188	171	1731

195	171	1742

202	171	1710

204	171	1715

183	172	1728

195	172	1736

201	172	1707

204	172	1715

184	173	1737

196	173	1741

201	173	1713

204	173	1717

184	174	1723

196	174	1736

200	174	1736

204	174	1721

185	175	1709

197	175	1733

198	175	1740

200	175	1736

204	175	1724

184	176	1703

199	176	1745

204	176	1725

183	177	1696

204	177	1724

182	178	1689

204	178	1724

182	179	1697

204	179	1723

182	180	1728

204	180	1723

182	181	1725

204	181	1729

182	182	1708

204	182	1736

182	183	1702

203	183	1735

182	184	1708

203	184	1742

182	185	1718

203	185	1750

182	186	1727

202	186	1733

182	187	1738

202	187	1737

182	188	1768

201	188	1729

183	189	1749

201	189	1741

184	190	1736

201	190	1754

185	191	1730

200	191	1756

185	192	1740

200	192	1762

186	193	1742

201	193	1779

187	194	1711

201	194	1781

188	195	1759

202	195	1812

189	196	1754

202	196	1811

190	197	1746

202	197	1808

190	198	1765

203	198	1825

191	199	1765

203	199	1819

191	200	1778

203	200	1816

192	201	1772

203	201	1814

192	202	1787

203	202	1811

192	203	1796

203	203	1808

193	204	1780

204	204	1825

193	205	1790

204	205	1818

193	206	1812

204	206	1814

194	207	1797

205	207	1820

194	208	1815

205	208	1816

195	209	1804

205	209	1814

195	210	1815

206	210	1822

196	211	1812

206	211	1819

196	212	1816

206	212	1819

196	213	1824

206	213	1819

197	214	1819

206	214	1822

198	215	1819

206	215	1824

199	216	1822

200	216	1818

204	216	1823

205	216	1824

201	217	1823

203	217	1824

202	218	1824

225	221	1818

235	224	1824

235	225	1821

