166	101	1200

167	101	1192

168	101	1191

169	101	1198

170	101	1229

166	102	1191

170	102	1199

183	102	1231

184	102	1238

166	103	1192

171	103	1217

182	103	1221

185	103	1230

166	104	1194

171	104	1203

181	104	1222

186	104	1251

166	105	1199

171	105	1198

181	105	1224

186	105	1252

166	106	1199

172	106	1215

181	106	1223

186	106	1256

167	107	1200

172	107	1206

181	107	1226

186	107	1256

167	108	1205

172	108	1203

181	108	1227

186	108	1258

167	109	1204

173	109	1214

181	109	1229

186	109	1259

168	110	1203

173	110	1213

181	110	1226

186	110	1267

168	111	1205

174	111	1234

180	111	1225

186	111	1265

168	112	1204

174	112	1229

180	112	1231

186	112	1269

168	113	1204

175	113	1264

180	113	1232

186	113	1269

168	114	1206

175	114	1251

180	114	1234

186	114	1269

168	115	1211

175	115	1238

180	115	1234

185	115	1236

168	116	1214

175	116	1230

180	116	1233

185	116	1238

168	117	1212

176	117	1276

179	117	1243

185	117	1243

169	118	1216

176	118	1265

179	118	1235

185	118	1244

169	119	1218

176	119	1255

179	119	1235

185	119	1247

169	120	1221

176	120	1247

179	120	1237

185	120	1251

170	121	1215

176	121	1248

179	121	1239

185	121	1255

170	122	1222

176	122	1249

179	122	1238

185	122	1260

170	123	1224

177	123	1239

178	123	1240

185	123	1265

168	124	1273

169	124	1239

185	124	1269

166	125	1248

167	125	1247

185	125	1270

166	126	1221

185	126	1268

197	126	1254

198	126	1249

199	126	1244

200	126	1243

201	126	1244

202	126	1258

165	127	1212

185	127	1262

194	127	1260

195	127	1248

196	127	1240

203	127	1277

164	128	1252

185	128	1251

191	128	1280

192	128	1281

193	128	1258

203	128	1293

163	129	1275

186	129	1267

187	129	1275

188	129	1291

190	129	1293

201	129	1256

202	129	1291

161	130	1259

162	130	1243

189	130	1285

200	130	1253

160	131	1254

200	131	1289

159	132	1257

199	132	1273

159	133	1223

198	133	1264

199	133	1306

158	134	1246

197	134	1261

159	135	1242

197	135	1285

159	136	1233

196	136	1272

159	137	1220

196	137	1293

158	138	1222

194	138	1260

195	138	1293

158	139	1181

193	139	1259

159	140	1225

193	140	1292

159	141	1236

192	141	1281

158	142	1280

191	142	1272

158	143	1253

190	143	1265

158	144	1261

189	144	1256

158	145	1267

189	145	1279

158	146	1242

188	146	1267

158	147	1246

187	147	1259

159	148	1216

187	148	1286

160	149	1272

185	149	1263

186	149	1289

160	150	1303

161	150	1270

184	150	1268

162	151	1262

184	151	1291

162	152	1272

183	152	1273

161	153	1282

183	153	1276

162	154	1281

183	154	1286

161	155	1300

183	155	1295

162	156	1267

183	156	1300

161	157	1271

183	157	1302

161	158	1292

182	158	1287

161	159	1227

182	159	1300

162	160	1246

182	160	1310

161	161	1251

182	161	1319

162	162	1246

181	162	1296

159	163	1302

160	163	1280

161	163	1261

182	163	1322

159	164	1307

181	164	1300

160	165	1294

181	165	1309

161	166	1257

181	166	1314

159	167	1268

160	167	1270

181	167	1316

158	168	1279

181	168	1319

159	169	1263

180	169	1308

159	170	1254

180	170	1313

159	171	1259

180	171	1317

159	172	1255

180	172	1322

158	173	1219

179	173	1310

157	174	1244

159	174	1259

179	174	1312

157	175	1295

158	175	1233

179	175	1318

157	176	1289

179	176	1321

157	177	1254

178	177	1304

158	178	1269

159	178	1264

160	178	1263

161	178	1261

162	178	1259

163	178	1259

164	178	1259

165	178	1260

166	178	1259

167	178	1258

168	178	1257

169	178	1258

170	178	1259

171	178	1260

172	178	1263

173	178	1267

174	178	1273

175	178	1280

176	178	1286

177	178	1294

178	178	1304

179	178	1322

