160	103	1287

161	103	1287

162	103	1290

163	103	1301

159	104	1283

163	104	1286

159	105	1281

164	105	1296

159	106	1283

164	106	1293

177	106	1318

178	106	1319

179	106	1333

160	107	1284

164	107	1289

176	107	1310

179	107	1313

160	108	1285

165	108	1302

175	108	1317

180	108	1322

160	109	1286

165	109	1299

175	109	1310

180	109	1326

160	110	1286

165	110	1298

175	110	1309

179	110	1316

161	111	1286

165	111	1297

175	111	1308

179	111	1320

161	112	1288

166	112	1304

174	112	1312

179	112	1319

161	113	1291

166	113	1302

174	113	1314

179	113	1322

161	114	1293

166	114	1299

174	114	1312

179	114	1325

161	115	1296

167	115	1306

174	115	1307

179	115	1327

161	116	1297

167	116	1308

173	116	1313

178	116	1317

161	117	1299

167	117	1307

173	117	1311

178	117	1319

161	118	1302

168	118	1312

172	118	1304

178	118	1325

162	119	1297

168	119	1317

172	119	1317

178	119	1331

162	120	1296

169	120	1363

172	120	1317

178	120	1336

162	121	1299

169	121	1360

171	121	1292

178	121	1337

162	122	1307

168	122	1323

171	122	1292

178	122	1339

163	123	1304

169	123	1332

171	123	1319

177	123	1328

163	124	1306

170	124	1327

177	124	1332

160	125	1349

162	125	1333

177	125	1339

160	126	1309

161	126	1318

177	126	1340

158	127	1251

159	127	1289

178	127	1343

158	128	1284

178	128	1339

157	129	1290

178	129	1327

184	129	1374

156	130	1301

179	130	1303

180	130	1313

181	130	1289

182	130	1344

183	130	1369

185	130	1339

186	130	1330

187	130	1325

188	130	1325

189	130	1323

190	130	1326

191	130	1331

192	130	1339

193	130	1350

153	131	1310

154	131	1296

155	131	1295

178	131	1314

180	131	1298

194	131	1348

152	132	1316

179	132	1313

195	132	1355

152	133	1303

195	133	1372

151	134	1314

191	134	1347

192	134	1361

193	134	1367

194	134	1359

151	135	1324

190	135	1353

151	136	1326

188	136	1348

189	136	1362

150	137	1330

186	137	1341

187	137	1355

150	138	1356

185	138	1343

151	139	1314

184	139	1342

151	140	1317

183	140	1336

151	141	1317

182	141	1330

152	142	1301

182	142	1339

151	143	1308

181	143	1345

151	144	1315

180	144	1344

151	145	1334

179	145	1343

152	146	1308

178	146	1344

153	147	1304

177	147	1343

153	148	1322

176	148	1340

154	149	1319

175	149	1344

154	150	1317

174	150	1352

153	151	1332

173	151	1355

152	152	1309

173	152	1358

152	153	1338

173	153	1360

152	154	1364

173	154	1348

152	155	1342

172	155	1354

152	156	1335

172	156	1360

152	157	1339

172	157	1369

151	158	1350

172	158	1376

151	159	1328

172	159	1375

151	160	1324

172	160	1368

150	161	1363

171	161	1375

150	162	1362

171	162	1382

150	163	1331

171	163	1385

149	164	1345

171	164	1387

149	165	1340

171	165	1389

149	166	1358

171	166	1390

147	167	1354

148	167	1387

171	167	1385

148	168	1355

170	168	1389

148	169	1343

170	169	1392

148	170	1344

170	170	1393

148	171	1342

170	171	1390

147	172	1345

169	172	1400

146	173	1364

168	173	1398

146	174	1350

168	174	1400

146	175	1337

168	175	1402

146	176	1349

168	176	1403

145	177	1365

167	177	1395

145	178	1358

167	178	1397

145	179	1353

146	179	1348

147	179	1348

148	179	1346

149	179	1345

150	179	1344

151	179	1344

152	179	1343

153	179	1343

154	179	1341

155	179	1341

156	179	1339

157	179	1340

158	179	1340

159	179	1344

160	179	1347

161	179	1351

162	179	1356

163	179	1361

164	179	1369

165	179	1376

166	179	1387

167	179	1402

