183	124	1288

184	124	1274

185	124	1275

186	124	1290

183	125	1275

187	125	1288

183	126	1271

188	126	1303

183	127	1271

188	127	1287

179	128	1360

182	128	1301

188	128	1279

182	129	1301

189	129	1294

181	130	1346

183	130	1291

190	130	1315

168	131	1239

169	131	1233

170	131	1234

171	131	1238

172	131	1253

181	131	1288

184	131	1286

191	131	1318

167	132	1234

170	132	1227

173	132	1246

174	132	1258

185	132	1277

191	132	1303

167	133	1229

171	133	1227

175	133	1256

181	133	1311

185	133	1278

192	133	1305

167	134	1234

170	134	1227

175	134	1260

181	134	1347

182	134	1331

183	134	1272

184	134	1287

192	134	1292

168	135	1233

169	135	1228

175	135	1249

181	135	1328

182	135	1285

183	135	1279

184	135	1289

192	135	1282

169	136	1230

176	136	1254

185	136	1298

192	136	1310

169	137	1238

177	137	1260

186	137	1287

193	137	1320

205	137	1331

206	137	1337

207	137	1364

170	138	1262

178	138	1262

179	138	1277

186	138	1283

193	138	1320

204	138	1312

207	138	1316

171	139	1235

172	139	1245

180	139	1273

187	139	1284

192	139	1304

203	139	1309

208	139	1353

173	140	1247

181	140	1274

182	140	1289

187	140	1287

192	140	1303

202	140	1306

208	140	1355

173	141	1249

174	141	1253

183	141	1311

187	141	1288

192	141	1300

202	141	1294

208	141	1353

175	142	1253

183	142	1306

187	142	1288

193	142	1321

202	142	1291

208	142	1361

176	143	1259

183	143	1291

187	143	1287

193	143	1315

202	143	1293

207	143	1321

176	144	1260

184	144	1308

185	144	1295

186	144	1292

193	144	1307

202	144	1294

206	144	1292

177	145	1271

194	145	1323

201	145	1311

206	145	1297

177	146	1289

194	146	1311

201	146	1311

206	146	1301

176	147	1318

177	147	1311

195	147	1320

201	147	1307

206	147	1305

178	148	1337

196	148	1330

201	148	1311

206	148	1306

178	149	1385

197	149	1364

201	149	1308

206	149	1305

179	150	1340

197	150	1330

201	150	1305

207	150	1339

178	151	1323

198	151	1334

201	151	1302

207	151	1333

178	152	1283

198	152	1309

201	152	1299

207	152	1323

176	153	1358

177	153	1336

199	153	1298

200	153	1300

208	153	1384

175	154	1357

178	154	1256

207	154	1314

175	155	1384

176	155	1384

177	155	1303

207	155	1321

175	156	1361

207	156	1330

175	157	1326

207	157	1343

174	158	1343

206	158	1317

174	159	1331

206	159	1328

174	160	1319

206	160	1339

174	161	1294

205	161	1312

174	162	1312

205	162	1319

174	163	1327

205	163	1329

174	164	1340

205	164	1340

174	165	1366

204	165	1318

175	166	1300

204	166	1330

174	167	1350

175	167	1333

204	167	1341

176	168	1322

204	168	1360

176	169	1331

203	169	1343

176	170	1352

202	170	1343

176	171	1338

177	171	1315

201	171	1344

178	172	1309

201	172	1367

178	173	1335

201	173	1375

178	174	1329

179	174	1328

201	174	1376

180	175	1350

181	175	1332

182	175	1316

201	175	1379

183	176	1342

200	176	1354

182	177	1370

200	177	1360

182	178	1347

183	178	1357

200	178	1366

184	179	1368

200	179	1368

183	180	1339

185	180	1339

200	180	1373

185	181	1369

200	181	1378

185	182	1358

200	182	1381

185	183	1380

200	183	1381

185	184	1373

200	184	1381

186	185	1349

200	185	1384

185	186	1372

200	186	1386

186	187	1359

200	187	1386

185	188	1384

199	188	1375

185	189	1369

199	189	1376

185	190	1350

199	190	1377

186	191	1328

199	191	1381

184	192	1384

185	192	1349

199	192	1385

184	193	1368

198	193	1380

185	194	1364

186	194	1359

198	194	1382

187	195	1380

198	195	1385

186	196	1381

187	196	1382

188	196	1379

197	196	1385

189	197	1382

196	197	1384

189	198	1384

194	198	1385

195	198	1384

190	199	1381

193	199	1386

190	200	1386

191	200	1385

192	200	1386

185	202	1382

