133	92	1101

134	92	1095

135	92	1097

136	92	1106

132	93	1101

137	93	1104

132	94	1097

137	94	1096

132	95	1102

138	95	1111

132	96	1105

138	96	1110

132	97	1108

138	97	1107

150	97	1145

151	97	1130

152	97	1131

153	97	1141

132	98	1107

138	98	1103

150	98	1127

154	98	1139

133	99	1100

138	99	1104

149	99	1136

154	99	1134

133	100	1103

139	100	1116

149	100	1129

154	100	1135

133	101	1106

139	101	1117

149	101	1125

154	101	1139

133	102	1106

139	102	1113

148	102	1138

154	102	1143

133	103	1107

139	103	1110

148	103	1136

154	103	1148

133	104	1108

139	104	1110

148	104	1133

154	104	1151

133	105	1111

140	105	1118

147	105	1147

153	105	1136

133	106	1113

140	106	1113

147	106	1140

153	106	1141

133	107	1114

140	107	1117

147	107	1135

153	107	1145

133	108	1116

141	108	1125

147	108	1133

153	108	1148

133	109	1117

141	109	1135

146	109	1144

153	109	1154

133	110	1115

141	110	1140

146	110	1141

153	110	1161

133	111	1113

141	111	1137

146	111	1136

153	111	1161

133	112	1116

141	112	1139

145	112	1141

152	112	1148

134	113	1114

141	113	1137

145	113	1134

152	113	1155

134	114	1117

141	114	1138

144	114	1133

152	114	1160

134	115	1120

141	115	1136

144	115	1140

152	115	1165

134	116	1125

141	116	1133

144	116	1139

151	116	1146

134	117	1128

141	117	1137

143	117	1142

151	117	1153

133	118	1143

142	118	1135

151	118	1159

128	119	1138

129	119	1125

130	119	1115

131	119	1105

132	119	1105

151	119	1167

127	120	1102

151	120	1164

126	121	1143

150	121	1154

124	122	1152

125	122	1141

150	122	1157

123	123	1123

150	123	1159

121	124	1149

122	124	1111

150	124	1157

162	124	1164

163	124	1149

164	124	1142

165	124	1141

166	124	1143

167	124	1145

168	124	1151

169	124	1169

121	125	1121

150	125	1154

158	125	1177

159	125	1164

160	125	1151

161	125	1145

170	125	1170

118	126	1133

120	126	1117

150	126	1150

154	126	1192

155	126	1177

156	126	1182

157	126	1158

170	126	1170

119	127	1148

151	127	1163

152	127	1173

153	127	1175

168	127	1160

169	127	1172

119	128	1163

167	128	1169

119	129	1126

165	129	1152

166	129	1170

117	130	1115

118	130	1142

164	130	1155

117	131	1122

163	131	1162

116	132	1094

117	132	1107

162	132	1163

116	133	1080

118	133	1127

161	133	1160

118	134	1151

160	134	1161

117	135	1189

159	135	1161

118	136	1122

158	136	1156

117	137	1117

157	137	1150

118	138	1121

157	138	1167

118	139	1120

156	139	1165

118	140	1133

154	140	1155

155	140	1171

117	141	1106

153	141	1160

118	142	1095

152	142	1158

118	143	1130

151	143	1160

118	144	1067

150	144	1158

118	145	1158

119	145	1114

149	145	1158

120	146	1187

148	146	1161

119	147	1187

147	147	1169

120	148	1180

146	148	1166

119	149	1152

120	149	1172

145	149	1182

118	150	1146

119	150	1146

121	150	1140

144	150	1167

118	151	1138

120	151	1149

144	151	1179

119	152	1143

143	152	1165

118	153	1144

143	153	1172

119	154	1139

143	154	1177

118	155	1133

143	155	1185

118	156	1110

143	156	1193

115	157	1119

116	157	1111

117	157	1156

142	157	1192

115	158	1164

117	158	1145

142	158	1201

115	159	1161

116	159	1165

118	159	1145

142	159	1206

115	160	1169

117	160	1169

142	160	1209

115	161	1199

116	161	1166

142	161	1205

115	162	1206

141	162	1199

114	163	1209

141	163	1206

114	164	1208

140	164	1200

115	165	1145

140	165	1205

114	166	1145

140	166	1208

114	167	1139

139	167	1198

114	168	1126

139	168	1205

112	169	1140

113	169	1159

138	169	1195

113	170	1175

138	170	1203

112	171	1186

138	171	1209

112	172	1123

137	172	1194

113	173	1133

137	173	1199

113	174	1142

137	174	1206

112	175	1142

137	175	1211

111	176	1162

136	176	1200

111	177	1173

136	177	1201

110	178	1189

136	178	1206

110	179	1189

136	179	1209

111	180	1162

135	180	1200

110	181	1129

135	181	1204

110	182	1128

111	182	1155

112	182	1153

113	182	1155

114	182	1156

115	182	1155

116	182	1150

117	182	1149

118	182	1149

119	182	1150

120	182	1150

121	182	1151

122	182	1152

123	182	1153

124	182	1153

125	182	1154

126	182	1152

127	182	1154

128	182	1157

129	182	1162

130	182	1165

131	182	1170

132	182	1176

133	182	1184

134	182	1191

135	182	1206

