161	103	1287

162	103	1290

160	104	1289

163	104	1293

159	105	1284

164	105	1301

159	106	1286

164	106	1295

160	107	1286

164	107	1292

176	107	1316

177	107	1310

178	107	1310

179	107	1320

160	108	1289

165	108	1301

176	108	1312

180	108	1333

160	109	1293

165	109	1301

175	109	1305

180	109	1330

160	110	1283

165	110	1299

175	110	1319

180	110	1334

161	111	1296

165	111	1297

175	111	1318

180	111	1334

161	112	1297

166	112	1308

175	112	1317

179	112	1319

161	113	1296

166	113	1307

174	113	1316

179	113	1322

161	114	1299

166	114	1305

174	114	1319

179	114	1325

161	115	1300

167	115	1309

174	115	1317

179	115	1328

161	116	1301

167	116	1307

174	116	1315

179	116	1332

161	117	1292

167	117	1309

173	117	1322

179	117	1338

162	118	1303

168	118	1314

169	118	1344

173	118	1321

179	118	1341

162	119	1306

169	119	1340

173	119	1319

178	119	1328

162	120	1306

169	120	1337

172	120	1323

178	120	1334

162	121	1305

169	121	1331

172	121	1319

178	121	1338

163	122	1306

170	122	1349

172	122	1320

178	122	1341

163	123	1310

170	123	1350

172	123	1321

178	123	1343

163	124	1312

171	124	1329

178	124	1350

163	125	1311

178	125	1349

160	126	1312

161	126	1333

162	126	1324

178	126	1356

160	127	1301

178	127	1352

158	128	1301

159	128	1290

178	128	1340

155	129	1319

156	129	1333

157	129	1307

178	129	1339

155	130	1314

178	130	1340

182	130	1272

185	130	1352

186	130	1346

187	130	1341

188	130	1337

189	130	1338

190	130	1339

191	130	1344

192	130	1355

154	131	1338

177	131	1337

181	131	1321

183	131	1333

184	131	1336

193	131	1337

194	131	1351

153	132	1329

178	132	1351

179	132	1349

180	132	1354

195	132	1363

153	133	1302

195	133	1347

152	134	1340

192	134	1352

193	134	1366

194	134	1361

153	135	1305

191	135	1355

152	136	1319

189	136	1348

190	136	1357

191	136	1343

151	137	1348

187	137	1347

188	137	1366

151	138	1331

186	138	1352

151	139	1334

185	139	1352

151	140	1356

184	140	1348

151	141	1364

183	141	1344

152	142	1316

182	142	1340

152	143	1320

182	143	1349

152	144	1319

181	144	1345

152	145	1345

180	145	1348

152	146	1357

179	146	1350

153	147	1330

178	147	1351

152	148	1372

177	148	1348

153	149	1347

176	149	1349

154	150	1352

175	150	1356

154	151	1341

174	151	1362

154	152	1347

174	152	1371

154	153	1348

173	153	1353

153	154	1380

173	154	1359

152	155	1360

173	155	1364

152	156	1303

173	156	1365

151	157	1317

173	157	1373

151	158	1333

172	158	1369

152	159	1342

172	159	1380

152	160	1340

172	160	1383

151	161	1338

172	161	1386

150	162	1351

172	162	1387

150	163	1380

172	163	1389

150	164	1359

172	164	1386

149	165	1354

171	165	1387

150	166	1334

171	166	1392

150	167	1340

171	167	1398

149	168	1345

171	168	1398

149	169	1333

171	169	1390

148	170	1336

170	170	1401

147	171	1313

170	171	1404

148	172	1332

170	172	1405

148	173	1338

170	173	1398

148	174	1344

170	174	1392

147	175	1330

169	175	1406

170	175	1405

146	176	1321

168	176	1401

146	177	1338

168	177	1407

146	178	1318

168	178	1410

146	179	1338

167	179	1398

146	180	1337

147	180	1346

148	180	1349

149	180	1350

150	180	1350

151	180	1350

152	180	1348

153	180	1344

154	180	1342

155	180	1343

156	180	1344

157	180	1346

158	180	1346

159	180	1349

160	180	1351

161	180	1353

162	180	1356

163	180	1363

164	180	1372

165	180	1381

166	180	1388

167	180	1399

170	180	1398

