160	163	1903

159	164	1912

161	164	1888

160	165	1882

161	165	1884

160	166	1882

162	166	1891

171	166	1892

160	167	1890

162	167	1887

170	167	1892

171	167	1889

160	168	1889

162	168	1881

170	168	1886

171	168	1887

160	169	1894

162	169	1878

169	169	1895

171	169	1892

161	170	1881

163	170	1892

169	170	1890

171	170	1897

161	171	1887

163	171	1894

169	171	1890

171	171	1902

161	172	1887

163	172	1894

168	172	1892

170	172	1886

161	173	1885

163	173	1892

168	173	1887

170	173	1887

161	174	1885

163	174	1890

167	174	1892

170	174	1889

161	175	1890

164	175	1898

167	175	1887

170	175	1895

161	176	1892

165	176	1929

166	176	1904

170	176	1904

161	177	1889

169	177	1897

159	178	1875

160	178	1879

169	178	1901

157	179	1870

158	179	1864

169	179	1900

157	180	1865

168	180	1882

157	181	1869

168	181	1888

156	182	1884

168	182	1891

155	183	1886

168	183	1892

154	184	1917

168	184	1884

154	185	1896

169	185	1896

154	186	1887

169	186	1883

153	187	1906

170	187	1876

171	187	1893

154	188	1881

172	188	1881

173	188	1886

174	188	1888

175	188	1887

176	188	1888

177	188	1890

178	188	1893

179	188	1896

180	188	1900

181	188	1909

182	188	1926

154	189	1880

174	189	1890

175	189	1895

176	189	1898

177	189	1900

178	189	1901

154	190	1877

172	190	1879

173	190	1892

154	191	1883

170	191	1874

171	191	1887

154	192	1885

168	192	1876

169	192	1888

154	193	1896

167	193	1888

154	194	1927

166	194	1895

155	195	1904

165	195	1908

155	196	1907

164	196	1901

155	197	1904

164	197	1907

155	198	1904

164	198	1905

155	199	1903

164	199	1909

194	199	1973

154	200	1928

164	200	1916

194	200	1970

154	201	1922

164	201	1920

191	201	1975

192	201	1975

193	201	1971

194	201	1968

154	202	1918

164	202	1926

191	202	1974

194	202	1969

154	203	1918

164	203	1925

191	203	1974

194	203	1967

154	204	1919

164	204	1927

191	204	1972

194	204	1963

154	205	1921

164	205	1928

190	205	1975

194	205	1957

154	206	1920

164	206	1928

189	206	1975

190	206	1975

194	206	1956

154	207	1923

164	207	1926

191	207	1972

194	207	1954

154	208	1925

164	208	1931

191	208	1975

194	208	1955

154	209	1923

164	209	1934

190	209	1971

194	209	1950

153	210	1969

164	210	1932

189	210	1973

194	210	1945

153	211	1968

164	211	1933

190	211	1968

194	211	1943

153	212	1965

164	212	1934

190	212	1971

194	212	1942

153	213	1964

164	213	1939

191	213	1973

194	213	1939

153	214	1972

165	214	1971

192	214	1973

194	214	1934

153	215	1965

165	215	1968

192	215	1972

194	215	1925

153	216	1962

154	216	1928

155	216	1909

156	216	1903

157	216	1899

158	216	1898

159	216	1899

160	216	1902

161	216	1907

162	216	1913

163	216	1921

164	216	1933

165	216	1961

178	216	1975

179	216	1973

180	216	1975

181	216	1974

192	216	1971

193	216	1943

194	216	1920

