163	163	1865

164	163	1863

163	164	1866

165	164	1871

163	165	1872

165	165	1867

174	165	1882

175	165	1884

164	166	1862

165	166	1863

173	166	1884

175	166	1876

164	167	1862

165	167	1860

173	167	1874

175	167	1876

164	168	1862

166	168	1870

173	168	1870

175	168	1873

164	169	1869

166	169	1871

173	169	1867

174	169	1863

164	170	1873

166	170	1871

172	170	1879

174	170	1868

164	171	1871

166	171	1867

172	171	1869

174	171	1872

164	172	1871

167	172	1874

171	172	1872

174	172	1876

164	173	1872

167	173	1871

171	173	1870

174	173	1883

164	174	1879

167	174	1871

171	174	1870

173	174	1875

164	175	1876

168	175	1881

170	175	1867

173	175	1880

164	176	1877

169	176	1874

173	176	1886

163	177	1866

173	177	1898

160	178	1869

161	178	1851

162	178	1844

172	178	1882

160	179	1855

172	179	1879

160	180	1855

172	180	1879

159	181	1873

171	181	1870

158	182	1880

171	182	1870

157	183	1920

172	183	1879

157	184	1896

172	184	1870

157	185	1885

173	185	1881

157	186	1875

174	186	1877

157	187	1870

175	187	1863

176	187	1865

177	187	1867

178	187	1871

179	187	1873

180	187	1873

181	187	1874

182	187	1876

183	187	1883

184	187	1889

157	188	1872

179	188	1869

180	188	1871

181	188	1876

182	188	1880

183	188	1886

184	188	1889

185	188	1894

157	189	1876

176	189	1867

177	189	1877

178	189	1883

157	190	1881

174	190	1862

175	190	1874

157	191	1883

172	191	1859

173	191	1872

157	192	1892

170	192	1853

171	192	1870

157	193	1911

169	193	1866

158	194	1887

168	194	1877

158	195	1895

168	195	1911

158	196	1891

167	196	1882

197	196	1958

198	196	1955

158	197	1894

167	197	1891

196	197	1959

198	197	1949

157	198	1913

167	198	1898

193	198	1957

196	198	1956

198	198	1942

157	199	1906

167	199	1899

193	199	1957

196	199	1955

198	199	1939

157	200	1901

167	200	1902

191	200	1959

192	200	1958

194	200	1956

195	200	1955

198	200	1935

158	201	1880

167	201	1906

191	201	1957

198	201	1933

157	202	1896

167	202	1909

190	202	1958

198	202	1931

157	203	1896

167	203	1904

190	203	1959

198	203	1925

157	204	1896

167	204	1902

190	204	1957

198	204	1921

157	205	1898

167	205	1903

190	205	1957

198	205	1918

157	206	1904

167	206	1904

190	206	1957

198	206	1917

157	207	1911

167	207	1905

191	207	1956

198	207	1914

157	208	1910

167	208	1907

191	208	1955

198	208	1910

157	209	1906

167	209	1913

191	209	1955

198	209	1905

156	210	1942

167	210	1918

191	210	1956

198	210	1901

156	211	1938

167	211	1919

192	211	1952

198	211	1896

156	212	1934

167	212	1922

192	212	1959

198	212	1893

156	213	1930

167	213	1920

193	213	1957

198	213	1889

156	214	1928

168	214	1949

182	214	1959

183	214	1959

185	214	1959

186	214	1958

187	214	1958

194	214	1956

198	214	1887

156	215	1928

157	215	1905

158	215	1888

159	215	1882

160	215	1882

161	215	1885

162	215	1883

163	215	1883

164	215	1885

165	215	1895

166	215	1907

167	215	1921

168	215	1944

181	215	1955

182	215	1955

183	215	1955

184	215	1959

185	215	1958

186	215	1959

195	215	1932

196	215	1905

197	215	1889

198	215	1885

