192	155	1699

193	155	1700

191	156	1702

194	156	1706

192	157	1706

194	157	1707

192	158	1708

195	158	1713

179	159	1664

180	159	1664

181	159	1670

182	159	1677

192	159	1708

195	159	1709

179	160	1668

183	160	1682

193	160	1710

195	160	1709

179	161	1682

184	161	1688

193	161	1712

196	161	1716

180	162	1680

184	162	1684

192	162	1720

196	162	1715

181	163	1693

185	163	1690

192	163	1674

196	163	1712

182	164	1697

186	164	1692

187	164	1696

193	164	1711

196	164	1709

183	165	1700

188	165	1698

193	165	1718

196	165	1709

183	166	1709

188	166	1698

192	166	1727

197	166	1717

207	166	1703

184	167	1700

189	167	1706

190	167	1705

192	167	1756

197	167	1717

206	167	1698

207	167	1700

185	168	1698

191	168	1736

197	168	1719

204	168	1696

205	168	1699

207	168	1703

185	169	1699

198	169	1730

204	169	1698

207	169	1704

186	170	1719

198	170	1725

203	170	1684

206	170	1702

187	171	1707

198	171	1721

203	171	1697

206	171	1703

187	172	1710

199	172	1723

203	172	1699

206	172	1706

187	173	1704

200	173	1730

202	173	1729

206	173	1710

186	174	1684

201	174	1735

206	174	1709

184	175	1669

185	175	1680

206	175	1710

184	176	1677

206	176	1707

185	177	1688

206	177	1710

184	178	1698

206	178	1708

184	179	1686

206	179	1710

183	180	1696

206	180	1709

183	181	1706

206	181	1717

184	182	1698

206	182	1726

183	183	1698

205	183	1722

183	184	1703

205	184	1727

184	185	1712

204	185	1714

184	186	1694

204	186	1723

184	187	1712

204	187	1733

185	188	1705

203	188	1731

185	189	1710

203	189	1750

186	190	1722

202	190	1751

187	191	1721

202	191	1758

188	192	1726

189	192	1718

203	192	1779

190	193	1726

203	193	1776

190	194	1757

203	194	1775

191	195	1762

204	195	1800

192	196	1749

204	196	1797

192	197	1757

204	197	1797

192	198	1768

204	198	1795

192	199	1779

204	199	1795

193	200	1760

204	200	1792

193	201	1767

204	201	1789

194	202	1757

205	202	1803

194	203	1764

205	203	1797

194	204	1780

205	204	1796

194	205	1793

205	205	1800

195	206	1785

206	206	1809

195	207	1782

206	207	1806

196	208	1778

206	208	1803

196	209	1786

207	209	1808

196	210	1801

208	210	1809

197	211	1794

208	211	1810

197	212	1810

208	212	1810

198	213	1802

207	213	1804

199	214	1804

207	214	1806

200	215	1805

207	215	1809

201	216	1805

206	216	1807

201	217	1808

202	217	1806

203	217	1807

205	217	1808

206	217	1809

204	218	1810

