181	106	1245

182	106	1234

180	107	1236

183	107	1222

184	107	1232

180	108	1222

184	108	1224

180	109	1221

185	109	1227

196	109	1273

197	109	1273

180	110	1230

185	110	1235

195	110	1267

198	110	1268

180	111	1238

185	111	1237

194	111	1288

198	111	1262

180	112	1246

185	112	1233

194	112	1268

198	112	1263

180	113	1261

186	113	1226

194	113	1260

198	113	1265

181	114	1228

186	114	1241

194	114	1255

198	114	1268

181	115	1232

186	115	1240

193	115	1284

198	115	1270

181	116	1235

186	116	1240

193	116	1267

198	116	1270

181	117	1234

187	117	1247

193	117	1262

198	117	1271

181	118	1235

187	118	1254

192	118	1290

198	118	1274

181	119	1237

187	119	1260

192	119	1287

198	119	1271

181	120	1240

187	120	1258

192	120	1275

197	120	1266

181	121	1242

188	121	1287

192	121	1266

197	121	1271

181	122	1242

187	122	1260

191	122	1283

197	122	1275

181	123	1244

187	123	1260

191	123	1271

197	123	1278

181	124	1248

187	124	1259

191	124	1266

197	124	1281

181	125	1257

187	125	1261

190	125	1288

197	125	1283

181	126	1258

187	126	1262

190	126	1283

197	126	1282

176	127	1274

177	127	1213

180	127	1259

187	127	1265

190	127	1277

196	127	1273

176	128	1227

177	128	1276

180	128	1275

187	128	1266

190	128	1271

196	128	1278

177	129	1273

178	129	1236

179	129	1268

188	129	1272

189	129	1271

196	129	1286

177	130	1278

196	130	1289

176	131	1283

196	131	1290

173	132	1323

175	132	1299

196	132	1289

173	133	1226

174	133	1289

197	133	1330

208	133	1305

209	133	1290

210	133	1286

211	133	1290

212	133	1303

173	134	1284

198	134	1323

199	134	1318

201	134	1298

202	134	1334

205	134	1310

206	134	1280

207	134	1273

213	134	1296

171	135	1250

172	135	1283

200	135	1312

203	135	1290

204	135	1277

213	135	1296

171	136	1262

213	136	1311

169	137	1302

170	137	1253

212	137	1310

213	137	1328

169	138	1297

210	138	1294

211	138	1325

170	139	1248

209	139	1297

169	140	1301

208	140	1296

168	141	1256

208	141	1322

168	142	1218

206	142	1295

207	142	1324

169	143	1275

205	143	1293

169	144	1262

204	144	1282

170	145	1237

203	145	1280

168	146	1313

169	146	1286

203	146	1302

168	147	1305

202	147	1303

168	148	1317

169	148	1292

201	148	1298

170	149	1261

200	149	1296

169	150	1293

199	150	1289

169	151	1292

198	151	1284

169	152	1281

198	152	1307

169	153	1293

197	153	1304

170	154	1277

196	154	1307

169	155	1269

170	155	1233

194	155	1298

195	155	1317

171	156	1309

193	156	1302

170	157	1328

193	157	1312

170	158	1307

192	158	1304

169	159	1306

171	159	1293

192	159	1316

170	160	1344

191	160	1300

171	161	1277

191	161	1315

168	162	1278

169	162	1300

170	162	1301

191	162	1325

167	163	1296

191	163	1331

168	164	1318

190	164	1326

166	165	1286

168	165	1275

190	165	1340

167	166	1280

190	166	1338

167	167	1287

189	167	1331

168	168	1271

189	168	1333

167	169	1252

189	169	1338

167	170	1264

189	170	1336

167	171	1287

188	171	1333

166	172	1299

188	172	1344

166	173	1285

187	173	1334

166	174	1272

187	174	1343

166	175	1264

186	175	1330

165	176	1256

186	176	1335

165	177	1271

186	177	1342

163	178	1290

165	178	1275

185	178	1328

164	179	1277

185	179	1334

163	180	1252

185	180	1339

163	181	1273

184	181	1327

162	182	1288

184	182	1334

161	183	1317

184	183	1339

161	184	1306

184	184	1343

161	185	1296

183	185	1328

161	186	1279

162	186	1283

163	186	1282

164	186	1284

165	186	1284

166	186	1283

167	186	1281

168	186	1281

169	186	1280

170	186	1279

171	186	1279

172	186	1279

173	186	1281

174	186	1283

175	186	1285

176	186	1287

177	186	1290

178	186	1293

179	186	1296

180	186	1300

181	186	1308

182	186	1319

183	186	1335

