168	108	1185

169	108	1184

170	108	1193

167	109	1182

171	109	1193

166	110	1196

172	110	1199

184	110	1230

185	110	1228

167	111	1183

172	111	1194

183	111	1218

186	111	1218

167	112	1186

172	112	1191

183	112	1209

187	112	1224

167	113	1189

172	113	1187

182	113	1229

187	113	1220

167	114	1196

173	114	1201

182	114	1217

187	114	1223

168	115	1186

173	115	1199

182	115	1215

187	115	1226

168	116	1191

173	116	1198

182	116	1213

187	116	1228

168	117	1196

173	117	1197

182	117	1214

187	117	1237

168	118	1202

174	118	1209

181	118	1225

187	118	1241

168	119	1203

174	119	1208

181	119	1224

186	119	1222

168	120	1205

175	120	1198

181	120	1223

186	120	1223

168	121	1210

175	121	1200

181	121	1222

186	121	1225

168	122	1213

176	122	1254

181	122	1219

186	122	1227

169	123	1201

176	123	1249

180	123	1232

186	123	1230

169	124	1203

176	124	1244

180	124	1229

186	124	1236

169	125	1205

176	125	1236

180	125	1223

186	125	1243

169	126	1210

177	126	1255

178	126	1250

179	126	1230

186	126	1246

169	127	1218

186	127	1247

170	128	1212

186	128	1246

170	129	1217

187	129	1284

170	130	1217

187	130	1256

170	131	1214

187	131	1269

169	132	1236

186	132	1257

166	133	1250

167	133	1220

168	133	1215

186	133	1249

165	134	1230

186	134	1248

196	134	1270

197	134	1262

198	134	1252

199	134	1245

200	134	1249

201	134	1255

163	135	1235

164	135	1229

186	135	1257

194	135	1251

195	135	1250

202	135	1237

203	135	1261

163	136	1226

187	136	1270

188	136	1282

190	136	1289

191	136	1308

192	136	1290

193	136	1258

203	136	1252

162	137	1213

186	137	1232

188	137	1293

189	137	1306

203	137	1267

160	138	1233

161	138	1211

186	138	1231

189	138	1306

202	138	1256

160	139	1206

187	139	1278

188	139	1293

201	139	1254

202	139	1274

159	140	1207

199	140	1244

200	140	1270

158	141	1245

198	141	1249

158	142	1234

197	142	1252

158	143	1224

196	143	1251

157	144	1239

195	144	1243

156	145	1255

157	145	1253

194	145	1240

158	146	1208

194	146	1266

157	147	1236

193	147	1258

157	148	1263

192	148	1245

156	149	1253

191	149	1239

156	150	1191

191	150	1264

156	151	1223

190	151	1266

156	152	1197

157	152	1289

189	152	1270

158	153	1261

188	153	1270

158	154	1209

187	154	1263

158	155	1243

186	155	1256

158	156	1235

185	156	1253

159	157	1226

184	157	1257

159	158	1251

183	158	1263

159	159	1247

182	159	1271

159	160	1292

182	160	1288

159	161	1274

181	161	1272

160	162	1274

181	162	1280

158	163	1288

159	163	1256

181	163	1283

160	164	1263

181	164	1289

160	165	1257

181	165	1297

160	166	1242

180	166	1289

159	167	1228

180	167	1298

159	168	1236

180	168	1310

158	169	1227

179	169	1294

159	170	1245

179	170	1296

158	171	1245

179	171	1294

158	172	1237

179	172	1299

157	173	1249

179	173	1306

158	174	1250

178	174	1292

156	175	1285

157	175	1292

178	175	1299

155	176	1239

178	176	1303

156	177	1277

178	177	1309

156	178	1291

177	178	1296

157	179	1231

177	179	1301

156	180	1239

177	180	1306

156	181	1240

177	181	1309

156	182	1259

176	182	1295

156	183	1272

176	183	1299

156	184	1242

176	184	1302

155	185	1196

156	185	1246

157	185	1263

158	185	1265

159	185	1264

160	185	1262

161	185	1260

162	185	1260

163	185	1257

164	185	1258

165	185	1258

166	185	1261

167	185	1262

168	185	1263

169	185	1266

170	185	1268

171	185	1272

172	185	1275

173	185	1278

174	185	1283

175	185	1293

176	185	1304

