163	100	1206

164	100	1187

165	100	1185

166	100	1190

167	100	1201

163	101	1188

167	101	1188

180	101	1233

181	101	1226

182	101	1232

163	102	1187

168	102	1197

179	102	1229

183	102	1234

163	103	1194

168	103	1194

179	103	1220

183	103	1227

163	104	1202

169	104	1199

179	104	1217

183	104	1226

164	105	1191

169	105	1203

178	105	1248

183	105	1225

164	106	1198

169	106	1202

178	106	1241

183	106	1227

164	107	1211

170	107	1197

178	107	1240

183	107	1231

165	108	1196

170	108	1202

178	108	1236

183	108	1233

165	109	1200

170	109	1203

178	109	1230

183	109	1233

165	110	1205

171	110	1216

178	110	1226

183	110	1234

165	111	1210

171	111	1214

178	111	1225

183	111	1235

165	112	1213

172	112	1218

178	112	1226

183	112	1236

165	113	1215

172	113	1225

178	113	1226

183	113	1239

165	114	1211

173	114	1250

177	114	1255

183	114	1242

166	115	1206

173	115	1243

177	115	1240

183	115	1244

166	116	1212

173	116	1236

177	116	1232

183	116	1244

166	117	1217

173	117	1234

177	117	1228

183	117	1246

166	118	1223

173	118	1229

177	118	1227

183	118	1247

167	119	1217

173	119	1231

176	119	1242

183	119	1251

167	120	1227

173	120	1232

176	120	1237

183	120	1250

167	121	1238

173	121	1228

176	121	1246

183	121	1252

167	122	1236

174	122	1231

175	122	1237

183	122	1254

166	123	1255

183	123	1257

164	124	1285

165	124	1245

183	124	1254

198	124	1258

199	124	1271

164	125	1253

183	125	1252

194	125	1266

195	125	1247

196	125	1239

197	125	1237

200	125	1253

164	126	1214

183	126	1252

191	126	1281

192	126	1257

193	126	1242

201	126	1264

162	127	1252

163	127	1219

183	127	1252

188	127	1259

189	127	1298

190	127	1277

200	127	1254

161	128	1233

184	128	1266

186	128	1289

187	128	1225

199	128	1253

159	129	1248

160	129	1242

185	129	1288

198	129	1255

159	130	1240

197	130	1252

159	131	1214

197	131	1264

158	132	1221

197	132	1288

157	133	1247

196	133	1286

156	134	1219

195	134	1285

196	134	1293

156	135	1239

194	135	1261

157	136	1220

193	136	1258

157	137	1216

193	137	1272

157	138	1213

192	138	1269

157	139	1218

191	139	1260

157	140	1227

190	140	1261

157	141	1205

189	141	1255

156	142	1235

188	142	1249

156	143	1232

188	143	1265

157	144	1231

187	144	1257

158	145	1224

186	145	1250

157	146	1260

186	146	1270

158	147	1217

185	147	1270

159	148	1240

184	148	1270

159	149	1269

183	149	1275

160	150	1285

161	150	1234

182	150	1274

162	151	1234

182	151	1280

160	152	1311

161	152	1271

182	152	1274

161	153	1253

181	153	1267

159	154	1262

160	154	1265

181	154	1271

160	155	1281

181	155	1278

159	156	1229

161	156	1262

181	156	1288

160	157	1302

181	157	1298

159	158	1272

181	158	1302

159	159	1238

160	159	1265

181	159	1306

158	160	1280

159	160	1290

161	160	1238

181	160	1310

158	161	1244

160	161	1234

181	161	1308

158	162	1245

180	162	1298

159	163	1217

180	163	1304

159	164	1253

180	164	1308

158	165	1286

180	165	1310

158	166	1292

180	166	1311

159	167	1260

179	167	1303

159	168	1255

179	168	1309

158	169	1284

178	169	1295

158	170	1229

178	170	1299

158	171	1248

178	171	1303

158	172	1257

178	172	1305

157	173	1278

178	173	1307

158	174	1252

178	174	1312

156	175	1275

157	175	1251

177	175	1301

156	176	1266

177	176	1305

157	177	1259

158	177	1263

159	177	1264

160	177	1261

161	177	1259

162	177	1257

163	177	1258

164	177	1257

165	177	1257

166	177	1257

167	177	1258

168	177	1259

169	177	1260

170	177	1261

171	177	1264

172	177	1266

173	177	1272

174	177	1276

175	177	1283

176	177	1292

177	177	1305

