157	125	1361

158	125	1362

157	126	1364

159	126	1364

172	126	1369

157	127	1366

159	127	1366

173	127	1394

157	128	1364

160	128	1367

172	128	1391

174	128	1395

157	129	1364

160	129	1370

172	129	1388

174	129	1393

158	130	1367

160	130	1371

171	130	1392

175	130	1399

158	131	1370

161	131	1376

171	131	1391

174	131	1394

158	132	1371

161	132	1374

171	132	1392

175	132	1399

158	133	1375

161	133	1374

171	133	1391

174	133	1392

159	134	1374

162	134	1380

171	134	1390

174	134	1391

159	135	1373

162	135	1381

171	135	1390

174	135	1392

159	136	1372

162	136	1380

170	136	1394

174	136	1396

159	137	1374

162	137	1380

170	137	1390

174	137	1397

159	138	1378

162	138	1383

169	138	1388

174	138	1398

159	139	1379

163	139	1385

169	139	1391

174	139	1398

160	140	1379

164	140	1386

165	140	1412

169	140	1392

173	140	1399

160	141	1377

165	141	1408

168	141	1394

173	141	1400

160	142	1379

165	142	1392

167	142	1398

173	142	1401

160	143	1381

165	143	1408

167	143	1395

172	143	1398

159	144	1385

166	144	1394

172	144	1402

157	145	1369

158	145	1376

172	145	1404

156	146	1362

171	146	1397

154	147	1387

155	147	1363

171	147	1400

154	148	1375

171	148	1402

154	149	1397

170	149	1398

153	150	1417

170	150	1398

152	151	1367

170	151	1397

151	152	1366

170	152	1399

150	153	1378

170	153	1396

150	154	1375

171	154	1397

180	154	1410

184	154	1415

185	154	1418

186	154	1423

187	154	1427

150	155	1376

172	155	1398

178	155	1423

179	155	1413

181	155	1407

182	155	1408

183	155	1408

188	155	1426

150	156	1375

173	156	1398

174	156	1401

175	156	1401

176	156	1404

177	156	1407

187	156	1426

188	156	1432

149	157	1388

184	157	1415

185	157	1423

186	157	1428

149	158	1383

182	158	1409

183	158	1414

149	159	1394

180	159	1410

181	159	1413

149	160	1392

179	160	1409

150	161	1379

177	161	1396

178	161	1403

150	162	1381

176	162	1398

150	163	1409

174	163	1397

175	163	1405

150	164	1424

173	164	1394

151	165	1381

172	165	1393

151	166	1384

171	166	1394

150	167	1380

169	167	1391

170	167	1395

151	168	1407

168	168	1398

151	169	1424

167	169	1406

151	170	1424

166	170	1404

151	171	1414

166	171	1408

151	172	1401

165	172	1403

151	173	1403

165	173	1409

151	174	1404

165	174	1415

151	175	1408

165	175	1424

151	176	1406

165	176	1432

151	177	1406

165	177	1441

151	178	1407

165	178	1449

151	179	1411

165	179	1457

151	180	1414

165	180	1463

151	181	1413

165	181	1466

150	182	1422

165	182	1465

150	183	1419

165	183	1468

151	184	1431

165	184	1473

150	185	1453

165	185	1482

151	186	1432

165	186	1485

150	187	1460

164	187	1474

150	188	1468

164	188	1477

151	189	1435

164	189	1480

151	190	1434

164	190	1481

150	191	1463

163	191	1471

150	192	1454

163	192	1473

150	193	1460

163	193	1475

150	194	1464

163	194	1478

150	195	1465

163	195	1482

149	196	1472

162	196	1475

149	197	1486

162	197	1481

150	198	1472

151	198	1464

152	198	1463

153	198	1461

154	198	1463

155	198	1465

156	198	1467

157	198	1468

158	198	1470

159	198	1474

160	198	1476

161	198	1481

162	198	1483

