312	148	1576

313	148	1563

314	148	1566

326	148	1515

327	148	1507

328	148	1508

312	149	1563

315	149	1569

325	149	1526

329	149	1507

311	150	1579

315	150	1558

325	150	1522

329	150	1515

311	151	1578

315	151	1552

324	151	1542

329	151	1539

311	152	1579

315	152	1555

324	152	1529

328	152	1520

311	153	1586

315	153	1553

324	153	1528

328	153	1517

311	154	1598

316	154	1574

323	154	1549

327	154	1517

312	155	1572

316	155	1567

323	155	1542

327	155	1519

312	156	1573

316	156	1560

323	156	1544

327	156	1520

312	157	1579

317	157	1568

322	157	1577

326	157	1528

312	158	1587

318	158	1586

322	158	1564

326	158	1529

312	159	1603

318	159	1577

322	159	1557

326	159	1529

312	160	1622

318	160	1571

322	160	1558

326	160	1530

313	161	1595

319	161	1581

322	161	1560

326	161	1536

313	162	1612

319	162	1571

322	162	1564

326	162	1544

314	163	1593

320	163	1578

321	163	1581

326	163	1551

314	164	1602

326	164	1539

314	165	1615

326	165	1535

315	166	1587

327	166	1527

300	167	1635

301	167	1624

302	167	1641

315	167	1595

328	167	1524

299	168	1628

303	168	1597

304	168	1615

315	168	1602

329	168	1535

300	169	1609

305	169	1599

315	169	1600

330	169	1546

301	170	1610

306	170	1596

315	170	1595

331	170	1537

332	170	1538

333	170	1544

302	171	1610

307	171	1598

315	171	1583

334	171	1544

303	172	1612

308	172	1597

314	172	1591

334	172	1539

304	173	1619

309	173	1589

310	173	1607

313	173	1592

334	173	1538

305	174	1619

311	174	1583

312	174	1581

334	174	1540

306	175	1619

334	175	1539

307	176	1612

334	176	1540

308	177	1605

334	177	1539

309	178	1598

334	178	1540

310	179	1598

334	179	1542

310	180	1631

334	180	1545

311	181	1624

334	181	1550

312	182	1612

334	182	1556

313	183	1607

333	183	1554

314	184	1611

333	184	1568

315	185	1619

332	185	1572

316	186	1630

317	186	1606

332	186	1580

318	187	1613

331	187	1574

318	188	1638

331	188	1577

319	189	1623

331	189	1581

319	190	1640

332	190	1610

319	191	1661

332	191	1619

320	192	1631

332	192	1613

320	193	1648

332	193	1605

321	194	1632

332	194	1601

321	195	1647

333	195	1619

321	196	1661

333	196	1622

322	197	1638

334	197	1650

322	198	1645

334	198	1653

322	199	1652

334	199	1646

322	200	1661

334	200	1638

323	201	1637

335	201	1650

323	202	1644

335	202	1649

323	203	1649

335	203	1655

323	204	1657

335	204	1660

324	205	1646

334	205	1646

324	206	1650

334	206	1648

324	207	1652

334	207	1650

324	208	1653

335	208	1657

336	208	1659

324	209	1655

336	209	1662

324	210	1661

335	210	1659

325	211	1654

334	211	1651

325	212	1658

334	212	1654

326	213	1654

334	213	1658

326	214	1658

333	214	1656

327	215	1656

328	215	1652

329	215	1651

330	215	1653

331	215	1654

332	215	1657

333	215	1660

