164	102	1198

162	103	1186

163	103	1178

165	103	1181

166	103	1196

162	104	1175

166	104	1178

178	104	1228

179	104	1212

180	104	1208

181	104	1215

162	105	1177

167	105	1188

178	105	1210

182	105	1220

162	106	1179

167	106	1184

178	106	1207

182	106	1217

162	107	1184

168	107	1201

178	107	1205

182	107	1217

163	108	1178

168	108	1191

177	108	1221

182	108	1215

163	109	1182

168	109	1187

177	109	1220

182	109	1213

163	110	1191

169	110	1198

177	110	1219

182	110	1215

164	111	1187

169	111	1194

177	111	1219

182	111	1218

164	112	1193

169	112	1191

177	112	1217

182	112	1218

164	113	1196

170	113	1201

177	113	1216

182	113	1220

164	114	1196

171	114	1214

177	114	1216

182	114	1221

164	115	1194

171	115	1215

177	115	1218

182	115	1223

164	116	1188

171	116	1213

177	116	1217

182	116	1220

165	117	1196

172	117	1241

176	117	1227

182	117	1223

165	118	1201

172	118	1230

176	118	1223

182	118	1226

165	119	1207

172	119	1220

176	119	1222

182	119	1234

165	120	1206

172	120	1218

176	120	1222

182	120	1236

166	121	1201

172	121	1218

176	121	1223

182	121	1238

166	122	1206

172	122	1216

176	122	1223

182	122	1242

166	123	1213

173	123	1214

176	123	1222

182	123	1245

166	124	1214

173	124	1230

175	124	1225

182	124	1245

166	125	1224

174	125	1228

182	125	1246

166	126	1217

182	126	1246

163	127	1273

164	127	1235

165	127	1228

182	127	1244

195	127	1243

196	127	1232

197	127	1227

198	127	1229

199	127	1239

163	128	1249

183	128	1256

192	128	1249

193	128	1232

194	128	1227

200	128	1246

162	129	1246

184	129	1268

185	129	1290

190	129	1260

191	129	1241

200	129	1249

161	130	1258

186	130	1282

187	130	1280

188	130	1278

189	130	1241

199	130	1243

161	131	1221

198	131	1242

159	132	1263

160	132	1230

198	132	1271

158	133	1233

198	133	1282

156	134	1203

157	134	1210

197	134	1276

156	135	1215

195	135	1262

196	135	1279

157	136	1200

194	136	1247

157	137	1208

194	137	1262

156	138	1238

193	138	1263

156	139	1228

192	139	1266

156	140	1217

191	140	1248

155	141	1203

190	141	1242

156	142	1215

190	142	1261

155	143	1254

189	143	1254

156	144	1234

188	144	1243

156	145	1247

188	145	1267

156	146	1276

187	146	1253

157	147	1255

186	147	1242

157	148	1264

186	148	1261

157	149	1284

185	149	1251

157	150	1299

184	150	1250

157	151	1233

184	151	1276

158	152	1269

183	152	1278

159	153	1255

182	153	1281

159	154	1217

160	154	1219

181	154	1266

159	155	1234

161	155	1228

181	155	1275

158	156	1272

160	156	1252

181	156	1280

158	157	1267

181	157	1285

159	158	1288

160	158	1265

181	158	1285

159	159	1211

161	159	1231

181	159	1290

159	160	1234

160	160	1246

180	160	1279

159	161	1258

160	161	1244

180	161	1288

161	162	1237

180	162	1292

158	163	1288

160	163	1251

180	163	1299

157	164	1263

159	164	1257

180	164	1309

157	165	1258

158	165	1219

179	165	1287

159	166	1239

179	166	1292

158	167	1231

179	167	1296

158	168	1250

179	168	1301

157	169	1233

179	169	1305

158	170	1277

179	170	1305

159	171	1250

179	171	1309

158	172	1244

178	172	1300

157	173	1223

178	173	1306

158	174	1249

178	174	1309

158	175	1252

177	175	1294

157	176	1220

177	176	1298

157	177	1229

177	177	1300

157	178	1254

158	178	1252

159	178	1252

160	178	1251

161	178	1250

162	178	1249

163	178	1249

164	178	1249

165	178	1250

166	178	1249

167	178	1250

168	178	1250

169	178	1252

170	178	1255

171	178	1259

172	178	1262

173	178	1266

174	178	1271

175	178	1277

176	178	1286

177	178	1302

