184	120	1212

185	120	1201

186	120	1200

187	120	1211

184	121	1200

188	121	1218

184	122	1197

188	122	1204

184	123	1198

189	123	1215

184	124	1202

189	124	1206

184	125	1213

190	125	1232

185	126	1201

190	126	1217

170	127	1170

171	127	1187

185	127	1204

190	127	1213

167	128	1172

171	128	1161

172	128	1177

173	128	1191

178	128	1273

179	128	1260

184	128	1230

191	128	1228

172	129	1163

173	129	1176

179	129	1277

181	129	1257

184	129	1238

191	129	1222

166	130	1170

173	130	1166

174	130	1178

180	130	1285

181	130	1306

183	130	1247

184	130	1249

192	130	1239

167	131	1162

173	131	1164

175	131	1186

182	131	1271

185	131	1221

193	131	1257

167	132	1171

168	132	1166

169	132	1161

173	132	1163

176	132	1192

177	132	1203

185	132	1230

193	132	1234

168	133	1173

170	133	1162

172	133	1161

178	133	1205

179	133	1218

180	133	1266

181	133	1265

182	133	1264

186	133	1217

194	133	1268

169	134	1176

171	134	1163

182	134	1262

184	134	1302

185	134	1282

194	134	1261

170	135	1189

182	135	1262

183	135	1254

184	135	1286

186	135	1232

193	135	1230

171	136	1175

172	136	1174

181	136	1216

186	136	1241

193	136	1228

204	136	1319

205	136	1248

206	136	1224

207	136	1220

208	136	1228

209	136	1266

173	137	1176

182	137	1247

187	137	1220

194	137	1252

204	137	1266

209	137	1230

174	138	1178

182	138	1228

187	138	1226

195	138	1281

196	138	1282

204	138	1232

209	138	1226

174	139	1192

183	139	1249

187	139	1228

195	139	1280

203	139	1243

209	139	1231

175	140	1195

183	140	1216

187	140	1233

194	140	1241

202	140	1264

209	140	1238

176	141	1195

183	141	1207

187	141	1226

194	141	1236

202	141	1272

209	141	1252

176	142	1210

184	142	1218

187	142	1217

194	142	1230

203	142	1227

209	142	1260

177	143	1206

185	143	1221

186	143	1217

195	143	1247

203	143	1226

209	143	1264

177	144	1252

195	144	1240

203	144	1227

208	144	1226

177	145	1311

196	145	1260

203	145	1227

208	145	1230

177	146	1310

197	146	1277

203	146	1230

208	146	1237

177	147	1317

198	147	1313

203	147	1229

208	147	1239

178	148	1285

198	148	1280

202	148	1247

208	148	1239

178	149	1263

198	149	1246

202	149	1236

208	149	1240

177	150	1279

199	150	1253

202	150	1235

208	150	1242

177	151	1262

200	151	1250

201	151	1251

208	151	1242

177	152	1245

208	152	1241

175	153	1301

176	153	1267

208	153	1242

174	154	1292

208	154	1246

174	155	1263

208	155	1251

174	156	1243

208	156	1255

173	157	1296

208	157	1264

174	158	1219

208	158	1288

173	159	1263

207	159	1256

172	160	1312

174	160	1229

207	160	1272

174	161	1237

206	161	1248

174	162	1231

206	162	1260

173	163	1319

206	163	1276

173	164	1315

205	164	1251

174	165	1256

205	165	1262

175	166	1236

205	166	1278

175	167	1269

204	167	1258

176	168	1257

204	168	1280

176	169	1265

203	169	1273

177	170	1233

202	170	1277

177	171	1261

201	171	1283

178	172	1273

201	172	1306

179	173	1286

180	173	1250

201	173	1311

181	174	1262

201	174	1314

182	175	1275

201	175	1317

183	176	1279

200	176	1295

183	177	1310

200	177	1299

182	178	1316

200	178	1306

182	179	1300

183	179	1310

200	179	1314

184	180	1307

199	180	1303

185	181	1282

199	181	1306

184	182	1309

199	182	1308

184	183	1315

199	183	1310

185	184	1299

199	184	1316

185	185	1297

199	185	1318

182	186	1318

185	186	1296

198	186	1307

185	187	1292

198	187	1310

184	188	1317

198	188	1313

184	189	1303

198	189	1317

184	190	1305

197	190	1313

184	191	1316

197	191	1316

184	192	1311

194	192	1316

195	192	1316

196	192	1318

185	193	1301

186	193	1315

187	193	1312

193	193	1319

185	194	1315

188	194	1311

193	194	1319

188	195	1318

189	195	1317

190	195	1315

191	195	1316

192	195	1316

193	195	1319

