160	162	1887

161	162	1891

160	163	1871

161	163	1874

160	164	1869

161	164	1869

160	165	1867

161	165	1867

170	165	1887

171	165	1882

160	166	1873

162	166	1878

170	166	1880

171	166	1878

161	167	1872

162	167	1879

170	167	1874

171	167	1877

160	168	1880

162	168	1876

169	168	1885

171	168	1883

160	169	1883

162	169	1872

169	169	1876

171	169	1884

160	170	1885

163	170	1880

168	170	1887

171	170	1889

161	171	1870

163	171	1882

168	171	1886

170	171	1878

161	172	1867

163	172	1881

168	172	1884

170	172	1884

161	173	1870

163	173	1883

167	173	1893

170	173	1888

161	174	1872

164	174	1899

167	174	1884

170	174	1894

161	175	1874

165	175	1912

166	175	1897

169	175	1881

160	176	1887

169	176	1886

158	177	1853

159	177	1853

169	177	1890

157	178	1860

168	178	1880

157	179	1857

168	179	1883

157	180	1856

168	180	1887

156	181	1860

168	181	1890

155	182	1868

168	182	1891

154	183	1897

168	183	1883

153	184	1910

169	184	1893

153	185	1889

169	185	1882

153	186	1884

170	186	1875

171	186	1886

153	187	1891

172	187	1869

173	187	1876

174	187	1878

175	187	1880

176	187	1880

177	187	1884

178	187	1888

179	187	1897

180	187	1904

181	187	1913

182	187	1929

154	188	1867

174	188	1882

175	188	1889

176	188	1895

177	188	1898

154	189	1864

172	189	1879

173	189	1891

154	190	1860

170	190	1877

171	190	1890

154	191	1866

168	191	1868

169	191	1883

154	192	1875

167	192	1880

154	193	1891

165	193	1873

166	193	1895

154	194	1898

164	194	1877

154	195	1902

164	195	1896

154	196	1899

163	196	1876

154	197	1892

163	197	1885

154	198	1892

163	198	1888

154	199	1889

163	199	1894

153	200	1927

163	200	1893

153	201	1920

163	201	1896

153	202	1923

163	202	1893

153	203	1924

163	203	1896

153	204	1923

163	204	1898

153	205	1921

163	205	1905

153	206	1918

163	206	1906

153	207	1915

163	207	1909

153	208	1915

164	208	1944

153	209	1921

164	209	1949

153	210	1920

164	210	1948

153	211	1920

164	211	1944

153	212	1915

164	212	1940

152	213	1961

164	213	1942

152	214	1961

164	214	1942

152	215	1957

153	215	1920

154	215	1900

155	215	1894

156	215	1892

157	215	1888

158	215	1887

159	215	1886

160	215	1891

161	215	1895

162	215	1906

163	215	1916

164	215	1938

193	215	1965

