188	157	1740

189	157	1737

187	158	1736

190	158	1734

188	159	1737

191	159	1736

188	160	1737

191	160	1737

188	161	1746

191	161	1735

175	162	1699

176	162	1693

177	162	1697

189	162	1740

192	162	1741

175	163	1699

178	163	1699

179	163	1709

189	163	1742

192	163	1734

175	164	1704

176	164	1697

180	164	1708

189	164	1742

193	164	1746

177	165	1700

181	165	1711

190	165	1736

193	165	1742

177	166	1714

178	166	1702

182	166	1715

190	166	1735

193	166	1742

179	167	1704

183	167	1716

189	167	1765

193	167	1741

179	168	1719

184	168	1715

189	168	1771

194	168	1750

204	168	1718

205	168	1719

180	169	1746

185	169	1719

186	169	1727

189	169	1754

194	169	1744

203	169	1724

205	169	1718

181	170	1735

187	170	1742

189	170	1745

194	170	1740

203	170	1722

205	170	1723

182	171	1737

188	171	1741

195	171	1747

202	171	1728

204	171	1723

183	172	1736

195	172	1741

201	172	1741

204	172	1728

184	173	1724

196	173	1747

201	173	1747

204	173	1732

185	174	1724

197	174	1754

201	174	1733

204	174	1734

185	175	1726

198	175	1742

200	175	1753

204	175	1735

184	176	1712

199	176	1756

204	176	1735

183	177	1704

204	177	1732

183	178	1702

204	178	1727

183	179	1706

204	179	1726

182	180	1725

204	180	1730

182	181	1724

204	181	1737

182	182	1716

204	182	1744

182	183	1719

203	183	1736

182	184	1731

203	184	1745

181	185	1792

202	185	1737

182	186	1736

202	186	1744

182	187	1733

202	187	1752

182	188	1712

201	188	1740

183	189	1738

201	189	1748

184	190	1736

200	190	1750

184	191	1751

200	191	1765

185	192	1755

200	192	1772

186	193	1751

201	193	1792

187	194	1761

201	194	1792

188	195	1766

202	195	1816

189	196	1767

202	196	1814

190	197	1761

202	197	1811

191	198	1761

203	198	1828

191	199	1761

203	199	1821

191	200	1757

203	200	1817

192	201	1771

203	201	1817

192	202	1781

204	202	1831

192	203	1791

204	203	1828

193	204	1779

204	204	1823

193	205	1785

204	205	1820

193	206	1795

205	206	1831

193	207	1813

205	207	1826

194	208	1802

205	208	1821

194	209	1826

206	209	1828

195	210	1811

206	210	1821

195	211	1831

206	211	1821

196	212	1824

207	212	1831

197	213	1818

207	213	1830

197	214	1828

207	214	1830

198	215	1825

207	215	1831

199	216	1828

206	216	1828

200	217	1829

203	217	1827

204	217	1827

205	217	1829

201	218	1830

202	218	1830

236	218	1828

236	219	1824

236	220	1822

225	221	1827

236	221	1821

236	222	1821

235	223	1828

236	223	1819

235	224	1822

236	224	1815

234	225	1830

235	225	1816

236	225	1810

