175	148	1697

174	149	1694

176	149	1695

174	150	1692

176	150	1689

187	150	1709

174	151	1698

176	151	1690

186	151	1716

187	151	1712

174	152	1708

177	152	1697

186	152	1718

187	152	1714

175	153	1698

177	153	1701

186	153	1718

187	153	1714

175	154	1701

177	154	1700

185	154	1720

187	154	1711

175	155	1707

177	155	1699

185	155	1719

187	155	1713

175	156	1709

178	156	1706

184	156	1716

187	156	1713

175	157	1711

178	157	1705

184	157	1721

187	157	1716

175	158	1709

178	158	1704

183	158	1729

187	158	1719

176	159	1703

178	159	1704

183	159	1721

187	159	1724

176	160	1702

179	160	1710

182	160	1740

186	160	1716

176	161	1703

179	161	1710

182	161	1733

186	161	1717

176	162	1706

180	162	1719

181	162	1747

186	162	1721

176	163	1719

186	163	1729

175	164	1697

186	164	1733

174	165	1688

185	165	1724

173	166	1698

185	166	1722

173	167	1696

185	167	1723

173	168	1698

185	168	1726

172	169	1696

185	169	1723

170	170	1691

171	170	1692

185	170	1721

170	171	1704

186	171	1724

193	171	1735

194	171	1731

195	171	1729

196	171	1725

197	171	1726

198	171	1733

199	171	1743

169	172	1708

187	172	1720

190	172	1732

191	172	1727

192	172	1724

197	172	1731

198	172	1742

169	173	1701

188	173	1712

189	173	1718

195	173	1729

196	173	1733

169	174	1702

193	174	1724

194	174	1732

169	175	1706

192	175	1723

169	176	1711

191	176	1722

170	177	1703

189	177	1710

190	177	1718

170	178	1707

188	178	1710

170	179	1720

187	179	1711

170	180	1727

186	180	1711

170	181	1721

185	181	1706

171	182	1713

184	182	1709

171	183	1718

183	183	1716

170	184	1725

182	184	1723

171	185	1714

182	185	1736

171	186	1717

182	186	1751

171	187	1721

181	187	1729

171	188	1728

181	188	1735

170	189	1766

181	189	1748

171	190	1730

181	190	1762

171	191	1731

181	191	1774

170	192	1767

181	192	1782

170	193	1773

181	193	1788

170	194	1762

181	194	1796

170	195	1781

181	195	1805

171	196	1761

180	196	1793

171	197	1771

180	197	1794

171	198	1777

180	198	1794

171	199	1781

180	199	1796

171	200	1780

180	200	1803

171	201	1785

179	201	1791

171	202	1788

179	202	1794

171	203	1791

179	203	1801

171	204	1795

179	204	1806

171	205	1802

172	205	1789

173	205	1786

174	205	1788

175	205	1792

176	205	1797

177	205	1801

178	205	1806

