168	154	1765

169	154	1767

168	155	1760

169	155	1759

168	156	1760

170	156	1767

168	157	1765

170	157	1767

180	157	1787

181	157	1785

168	158	1768

170	158	1766

180	158	1781

181	158	1782

168	159	1771

171	159	1779

179	159	1780

181	159	1782

168	160	1779

171	160	1770

179	160	1778

182	160	1800

169	161	1767

171	161	1770

178	161	1792

181	161	1782

169	162	1770

171	162	1772

178	162	1788

181	162	1782

169	163	1770

172	163	1787

178	163	1784

181	163	1790

169	164	1772

172	164	1781

177	164	1786

181	164	1794

169	165	1771

172	165	1777

177	165	1783

181	165	1802

170	166	1764

173	166	1788

176	166	1794

180	166	1789

170	167	1766

173	167	1787

176	167	1787

180	167	1794

169	168	1786

174	168	1786

175	168	1787

179	168	1783

170	169	1772

179	169	1787

168	170	1747

169	170	1750

179	170	1797

166	171	1763

167	171	1749

179	171	1807

166	172	1741

179	172	1815

166	173	1778

179	173	1813

165	174	1776

178	174	1785

165	175	1756

178	175	1780

164	176	1773

179	176	1792

187	176	1801

188	176	1799

189	176	1802

163	177	1780

180	177	1795

184	177	1807

185	177	1797

186	177	1786

190	177	1797

191	177	1805

192	177	1815

163	178	1774

181	178	1779

182	178	1778

183	178	1782

189	178	1797

190	178	1806

162	179	1780

187	179	1793

188	179	1800

163	180	1770

185	180	1790

186	180	1800

163	181	1772

184	181	1794

163	182	1779

183	182	1786

163	183	1793

181	183	1770

182	183	1788

164	184	1764

180	184	1775

163	185	1814

178	185	1765

179	185	1783

164	186	1776

177	186	1768

164	187	1791

176	187	1773

165	188	1780

175	188	1784

165	189	1785

175	189	1809

164	190	1800

174	190	1788

164	191	1798

174	191	1794

164	192	1793

174	192	1801

164	193	1797

174	193	1811

164	194	1805

174	194	1818

164	195	1814

174	195	1832

165	196	1798

174	196	1841

165	197	1804

174	197	1846

164	198	1827

174	198	1848

164	199	1829

174	199	1852

164	200	1833

174	200	1856

165	201	1821

174	201	1856

165	202	1828

174	202	1858

165	203	1834

174	203	1862

164	204	1864

174	204	1869

165	205	1840

173	205	1851

165	206	1845

174	206	1869

165	207	1851

174	207	1867

165	208	1857

173	208	1861

165	209	1864

166	209	1848

167	209	1844

168	209	1842

169	209	1844

170	209	1846

171	209	1853

172	209	1858

173	209	1866

