148	94	1211

149	94	1208

150	94	1208

151	94	1222

147	95	1209

152	95	1229

147	96	1206

152	96	1218

165	96	1230

166	96	1231

167	96	1238

168	96	1263

147	97	1207

152	97	1212

164	97	1236

168	97	1245

147	98	1212

153	98	1224

164	98	1236

168	98	1241

148	99	1210

153	99	1218

164	99	1235

168	99	1239

148	100	1214

153	100	1217

164	100	1235

168	100	1238

148	101	1206

154	101	1229

163	101	1233

168	101	1239

149	102	1211

154	102	1220

163	102	1238

168	102	1244

149	103	1214

155	103	1226

163	103	1243

168	103	1247

149	104	1215

155	104	1229

163	104	1241

168	104	1249

149	105	1210

155	105	1226

163	105	1241

168	105	1251

150	106	1221

156	106	1233

163	106	1241

168	106	1252

150	107	1225

156	107	1233

163	107	1240

168	107	1254

150	108	1229

156	108	1230

158	108	1254

163	108	1240

168	108	1255

150	109	1221

157	109	1241

158	109	1286

162	109	1242

168	109	1257

151	110	1225

158	110	1270

162	110	1243

168	110	1259

151	111	1229

159	111	1286

162	111	1244

168	111	1260

151	112	1234

159	112	1280

162	112	1243

168	112	1261

152	113	1230

159	113	1262

161	113	1243

168	113	1264

152	114	1233

159	114	1264

162	114	1245

168	114	1264

152	115	1240

159	115	1258

161	115	1228

168	115	1266

153	116	1232

160	116	1248

168	116	1271

151	117	1239

152	117	1238

168	117	1274

149	118	1241

150	118	1235

168	118	1274

148	119	1230

168	119	1273

180	119	1258

181	119	1254

182	119	1251

183	119	1253

184	119	1264

147	120	1231

168	120	1270

175	120	1299

177	120	1254

178	120	1247

179	120	1242

185	120	1270

147	121	1217

168	121	1266

173	121	1273

174	121	1276

176	121	1250

185	121	1279

145	122	1262

146	122	1244

168	122	1262

170	122	1286

171	122	1294

172	122	1279

184	122	1273

145	123	1242

169	123	1282

183	123	1288

143	124	1232

144	124	1227

182	124	1289

142	125	1207

181	125	1286

142	126	1223

180	126	1275

142	127	1209

180	127	1294

142	128	1223

180	128	1276

142	129	1230

178	129	1274

179	129	1292

141	130	1253

177	130	1277

140	131	1254

176	131	1268

140	132	1237

176	132	1286

140	133	1218

174	133	1263

175	133	1284

141	134	1255

173	134	1262

141	135	1226

173	135	1281

142	136	1224

172	136	1278

142	137	1232

171	137	1272

142	138	1246

170	138	1262

142	139	1257

170	139	1277

142	140	1224

143	140	1251

169	140	1268

170	140	1293

144	141	1247

168	141	1272

144	142	1275

167	142	1276

145	143	1250

167	143	1290

145	144	1254

166	144	1287

146	145	1255

166	145	1290

145	146	1241

166	146	1293

145	147	1251

166	147	1294

146	148	1269

166	148	1293

145	149	1284

166	149	1293

145	150	1306

166	150	1296

145	151	1298

166	151	1302

146	152	1265

166	152	1303

145	153	1254

167	153	1320

144	154	1246

146	154	1261

167	154	1313

145	155	1273

167	155	1320

146	156	1266

167	156	1328

144	157	1224

145	157	1255

167	157	1328

145	158	1254

167	158	1325

144	159	1206

167	159	1327

144	160	1247

166	160	1318

144	161	1286

166	161	1324

143	162	1326

166	162	1328

144	163	1303

166	163	1329

145	164	1277

166	164	1326

145	165	1271

166	165	1327

168	165	1304

145	166	1273

166	166	1331

145	167	1277

165	167	1321

168	167	1328

144	168	1263

165	168	1321

145	169	1281

165	169	1321

144	170	1299

166	170	1333

144	171	1285

145	171	1287

146	171	1286

147	171	1284

148	171	1280

149	171	1276

150	171	1275

151	171	1276

152	171	1276

153	171	1276

154	171	1276

155	171	1276

156	171	1278

157	171	1279

158	171	1281

159	171	1285

160	171	1288

161	171	1293

162	171	1297

163	171	1305

164	171	1312

165	171	1322

