140	96	1161

141	96	1159

139	97	1149

142	97	1144

143	97	1150

138	98	1161

143	98	1144

138	99	1157

144	99	1150

138	100	1159

144	100	1151

139	101	1141

144	101	1151

156	101	1192

157	101	1185

158	101	1193

139	102	1144

144	102	1153

155	102	1190

159	102	1188

139	103	1151

144	103	1153

155	103	1177

159	103	1181

139	104	1157

145	104	1150

154	104	1196

159	104	1181

139	105	1161

145	105	1159

154	105	1186

159	105	1186

139	106	1162

145	106	1156

154	106	1179

159	106	1187

139	107	1164

145	107	1156

154	107	1175

159	107	1191

139	108	1166

145	108	1158

153	108	1191

159	108	1192

139	109	1164

145	109	1159

153	109	1183

159	109	1190

139	110	1166

145	110	1158

153	110	1180

158	110	1179

139	111	1165

146	111	1164

152	111	1194

158	111	1186

139	112	1163

146	112	1167

152	112	1190

158	112	1192

139	113	1167

147	113	1184

152	113	1184

158	113	1195

139	114	1170

147	114	1186

151	114	1192

158	114	1196

139	115	1171

147	115	1190

151	115	1186

158	115	1198

140	116	1161

147	116	1187

150	116	1178

157	116	1190

140	117	1165

147	117	1189

150	117	1188

157	117	1197

140	118	1169

147	118	1192

150	118	1184

157	118	1203

140	119	1174

147	119	1197

150	119	1183

157	119	1206

140	120	1176

147	120	1189

149	120	1189

157	120	1210

140	121	1175

148	121	1179

156	121	1196

135	122	1182

136	122	1170

137	122	1157

138	122	1153

139	122	1158

156	122	1200

134	123	1176

156	123	1203

133	124	1185

156	124	1203

131	125	1205

132	125	1202

155	125	1190

130	126	1172

155	126	1193

170	126	1206

171	126	1201

172	126	1201

173	126	1212

128	127	1157

129	127	1149

155	127	1194

167	127	1212

168	127	1200

169	127	1190

174	127	1203

175	127	1201

127	128	1164

155	128	1195

163	128	1229

164	128	1205

165	128	1195

166	128	1190

175	128	1219

126	129	1198

155	129	1194

160	129	1235

161	129	1244

162	129	1214

175	129	1234

126	130	1192

156	130	1208

157	130	1227

158	130	1215

159	130	1213

174	130	1207

125	131	1251

172	131	1216

173	131	1234

125	132	1220

171	132	1224

125	133	1181

169	133	1203

170	133	1225

125	134	1176

168	134	1211

124	135	1151

167	135	1212

123	136	1147

125	136	1162

166	136	1210

124	137	1146

125	137	1173

165	137	1209

124	138	1170

126	138	1154

164	138	1207

125	139	1196

163	139	1204

126	140	1150

162	140	1204

126	141	1156

161	141	1207

125	142	1203

126	142	1169

160	142	1205

124	143	1234

127	143	1160

159	143	1210

126	144	1228

158	144	1208

127	145	1182

157	145	1210

127	146	1178

156	146	1212

126	147	1163

155	147	1208

126	148	1178

154	148	1211

127	149	1223

152	149	1207

153	149	1216

127	150	1219

151	150	1214

125	151	1182

126	151	1200

150	151	1206

125	152	1187

127	152	1194

150	152	1207

125	153	1167

126	153	1174

149	153	1203

125	154	1107

149	154	1212

126	155	1162

149	155	1221

125	156	1190

149	156	1223

124	157	1198

148	157	1218

125	158	1196

148	158	1228

123	159	1246

125	159	1189

148	159	1238

123	160	1224

124	160	1209

148	160	1243

123	161	1250

148	161	1249

123	162	1230

147	162	1243

123	163	1196

147	163	1251

121	164	1216

122	164	1213

147	164	1252

121	165	1216

146	165	1240

120	166	1217

122	166	1230

146	166	1247

121	167	1211

145	167	1240

120	168	1205

145	168	1247

120	169	1188

121	169	1183

145	169	1251

120	170	1204

122	170	1184

144	170	1238

119	171	1200

120	171	1185

122	171	1182

144	171	1242

120	172	1194

121	172	1179

144	172	1250

121	173	1189

143	173	1237

119	174	1200

120	174	1206

143	174	1247

120	175	1186

142	175	1236

119	176	1186

142	176	1240

119	177	1192

142	177	1242

118	178	1186

142	178	1243

119	179	1193

142	179	1246

118	180	1199

119	180	1196

120	180	1195

121	180	1193

122	180	1192

123	180	1191

124	180	1189

125	180	1188

126	180	1187

127	180	1186

128	180	1187

129	180	1189

130	180	1192

131	180	1193

132	180	1194

133	180	1194

134	180	1197

135	180	1200

136	180	1204

137	180	1207

138	180	1211

139	180	1217

140	180	1224

141	180	1236

142	180	1250

