201	149	1646

202	149	1649

201	150	1646

203	150	1652

201	151	1647

203	151	1655

189	152	1609

190	152	1614

191	152	1619

201	152	1650

204	152	1665

189	153	1612

192	153	1624

202	153	1654

204	153	1663

189	154	1614

193	154	1625

201	154	1647

204	154	1661

189	155	1620

193	155	1626

200	155	1607

204	155	1661

190	156	1623

194	156	1630

201	156	1643

205	156	1661

191	157	1626

195	157	1633

201	157	1656

205	157	1661

191	158	1627

196	158	1637

201	158	1658

205	158	1663

192	159	1640

197	159	1645

201	159	1656

205	159	1666

192	160	1639

198	160	1654

200	160	1665

205	160	1667

193	161	1641

199	161	1670

205	161	1667

215	161	1656

194	162	1645

205	162	1670

214	162	1650

215	162	1656

194	163	1649

206	163	1676

213	163	1651

215	163	1655

194	164	1636

206	164	1673

212	164	1655

215	164	1656

195	165	1652

207	165	1682

211	165	1655

215	165	1659

195	166	1650

207	166	1679

211	166	1663

215	166	1663

194	167	1631

208	167	1685

211	167	1660

215	167	1669

194	168	1629

209	168	1702

210	168	1669

215	168	1671

193	169	1623

215	169	1668

192	170	1642

215	170	1669

192	171	1646

215	171	1671

192	172	1647

216	172	1713

191	173	1639

215	173	1682

191	174	1637

215	174	1693

191	175	1632

215	175	1706

190	176	1630

215	176	1717

190	177	1647

214	177	1693

190	178	1648

214	178	1704

190	179	1651

214	179	1723

191	180	1651

214	180	1726

191	181	1653

213	181	1716

191	182	1666

212	182	1700

191	183	1650

212	183	1708

192	184	1666

210	184	1685

211	184	1699

193	185	1667

209	185	1693

194	186	1668

209	186	1708

195	187	1672

208	187	1700

195	188	1651

209	188	1713

196	189	1677

210	189	1744

197	190	1679

209	190	1735

198	191	1686

209	191	1744

198	192	1688

209	192	1748

198	193	1689

209	193	1751

198	194	1695

209	194	1754

198	195	1688

209	195	1753

198	196	1697

209	196	1750

199	197	1698

209	197	1753

199	198	1706

209	198	1752

199	199	1718

209	199	1753

199	200	1726

209	200	1748

199	201	1731

209	201	1752

199	202	1732

209	202	1753

200	203	1723

209	203	1756

200	204	1728

209	204	1753

200	205	1733

209	205	1750

200	206	1741

209	206	1751

200	207	1748

209	207	1758

200	208	1754

208	208	1751

201	209	1752

209	209	1759

201	210	1758

209	210	1756

202	211	1753

209	211	1756

202	212	1758

208	212	1757

209	212	1759

203	213	1755

206	213	1758

207	213	1760

204	214	1758

205	214	1758

