250	134	1617

205	144	1510

206	144	1516

217	144	1540

218	144	1558

219	144	1564

206	145	1510

207	145	1523

216	145	1548

220	145	1569

204	146	1509

205	146	1510

207	146	1521

216	146	1518

220	146	1562

204	147	1514

208	147	1539

217	147	1552

220	147	1562

204	148	1518

208	148	1533

216	148	1543

220	148	1562

205	149	1520

208	149	1532

216	149	1562

220	149	1565

205	150	1526

209	150	1542

216	150	1563

220	150	1569

206	151	1528

209	151	1534

216	151	1558

220	151	1571

205	152	1512

210	152	1545

216	152	1555

220	152	1571

206	153	1530

210	153	1541

216	153	1559

220	153	1572

206	154	1535

211	154	1554

213	154	1565

216	154	1560

220	154	1578

206	155	1541

212	155	1564

213	155	1607

215	155	1549

220	155	1585

207	156	1538

212	156	1571

215	156	1562

220	156	1595

207	157	1540

213	157	1583

214	157	1569

220	157	1606

207	158	1542

219	158	1582

207	159	1541

219	159	1584

207	160	1536

219	160	1587

227	160	1630

206	161	1565

219	161	1586

224	161	1608

225	161	1602

226	161	1591

228	161	1590

229	161	1622

205	162	1572

219	162	1590

224	162	1605

229	162	1618

204	163	1539

220	163	1594

221	163	1606

222	163	1628

224	163	1573

228	163	1585

203	164	1536

220	164	1642

223	164	1586

227	164	1571

202	165	1587

220	165	1605

223	165	1571

227	165	1588

201	166	1553

219	166	1591

222	166	1588

226	166	1572

200	167	1547

219	167	1588

222	167	1570

226	167	1587

199	168	1576

220	168	1611

221	168	1585

226	168	1612

199	169	1561

225	169	1582

198	170	1576

225	170	1597

198	171	1568

224	171	1573

198	172	1566

224	172	1581

198	173	1564

224	173	1592

197	174	1578

224	174	1605

197	175	1551

223	175	1582

198	176	1565

223	176	1607

198	177	1572

222	177	1595

198	178	1580

221	178	1588

198	179	1590

220	179	1582

199	180	1577

220	180	1618

199	181	1588

219	181	1601

200	182	1582

218	182	1598

201	183	1566

216	183	1586

217	183	1608

201	184	1584

215	184	1603

201	185	1596

214	185	1609

202	186	1593

214	186	1622

200	187	1574

202	187	1593

214	187	1633

201	188	1599

202	188	1592

214	188	1652

201	189	1597

203	189	1585

213	189	1629

202	190	1595

213	190	1644

202	191	1602

213	191	1660

202	192	1601

212	192	1645

202	193	1609

212	193	1653

202	194	1610

212	194	1659

201	195	1619

212	195	1665

202	196	1610

211	196	1647

201	197	1625

211	197	1653

201	198	1634

211	198	1658

201	199	1640

211	199	1664

201	200	1642

211	200	1668

201	201	1647

210	201	1657

201	202	1645

210	202	1661

201	203	1650

210	203	1663

201	204	1655

210	204	1668

201	205	1665

209	205	1665

202	206	1658

209	206	1668

202	207	1662

207	207	1665

208	207	1668

202	208	1666

205	208	1664

206	208	1668

203	209	1667

204	209	1668

