188	158	1741

189	158	1737

190	158	1738

188	159	1744

191	159	1745

188	160	1744

191	160	1746

188	161	1718

191	161	1743

176	162	1701

177	162	1696

178	162	1701

189	162	1744

192	162	1744

176	163	1703

179	163	1706

180	163	1717

189	163	1743

192	163	1739

176	164	1716

181	164	1715

189	164	1740

193	164	1748

177	165	1712

182	165	1716

189	165	1748

193	165	1746

178	166	1722

183	166	1719

189	166	1757

193	166	1747

179	167	1731

184	167	1722

189	167	1742

193	167	1744

180	168	1728

185	168	1724

190	168	1752

194	168	1756

204	168	1721

181	169	1723

186	169	1730

190	169	1753

194	169	1751

203	169	1723

205	169	1728

182	170	1729

187	170	1736

190	170	1751

194	170	1748

202	170	1726

204	170	1724

182	171	1751

183	171	1729

188	171	1741

189	171	1753

195	171	1757

201	171	1721

204	171	1724

184	172	1736

195	172	1751

201	172	1730

204	172	1731

185	173	1740

196	173	1758

200	173	1748

204	173	1735

186	174	1737

196	174	1749

201	174	1742

204	174	1739

185	175	1740

197	175	1748

198	175	1744

200	175	1754

204	175	1739

184	176	1721

199	176	1763

204	176	1741

183	177	1724

204	177	1742

183	178	1715

203	178	1732

183	179	1720

204	179	1740

183	180	1727

204	180	1739

183	181	1722

204	181	1743

182	182	1730

204	182	1747

182	183	1727

203	183	1741

182	184	1739

203	184	1748

182	185	1743

203	185	1758

181	186	1754

202	186	1743

182	187	1738

202	187	1751

183	188	1736

202	188	1759

183	189	1747

201	189	1754

183	190	1755

201	190	1768

184	191	1753

200	191	1767

185	192	1749

200	192	1775

186	193	1750

200	193	1774

187	194	1755

201	194	1795

188	195	1764

201	195	1798

189	196	1772

202	196	1826

189	197	1791

202	197	1821

190	198	1777

202	198	1819

191	199	1766

202	199	1818

191	200	1763

202	200	1815

192	201	1775

202	201	1815

192	202	1784

203	202	1829

192	203	1792

203	203	1824

192	204	1814

203	204	1820

193	205	1794

203	205	1821

193	206	1800

204	206	1827

194	207	1800

204	207	1822

194	208	1813

205	208	1835

195	209	1811

205	209	1831

195	210	1822

205	210	1828

195	211	1835

206	211	1832

196	212	1827

206	212	1834

197	213	1825

206	213	1835

197	214	1833

206	214	1835

198	215	1830

206	215	1834

199	216	1827

203	216	1831

204	216	1832

205	216	1832

200	217	1830

201	217	1830

202	217	1833

236	218	1834

236	219	1833

236	220	1828

235	221	1833

236	221	1824

235	222	1830

236	222	1821

235	223	1829

236	223	1823

235	224	1828

236	224	1823

235	225	1828

236	225	1823

235	226	1826

236	226	1820

