168	122	1311

169	122	1301

170	122	1303

171	122	1313

168	123	1294

172	123	1313

167	124	1300

172	124	1306

168	125	1299

173	125	1322

183	125	1341

184	125	1344

168	126	1299

174	126	1320

182	126	1331

185	126	1342

168	127	1301

174	127	1325

181	127	1330

185	127	1335

168	128	1302

174	128	1304

176	128	1328

177	128	1320

180	128	1319

186	128	1343

168	129	1305

174	129	1324

178	129	1312

179	129	1315

186	129	1355

168	130	1305

173	130	1318

176	130	1288

179	130	1334

186	130	1357

168	131	1310

174	131	1287

180	131	1327

186	131	1359

168	132	1308

175	132	1346

176	132	1399

179	132	1328

185	132	1350

168	133	1310

177	133	1381

179	133	1327

185	133	1356

168	134	1310

176	134	1351

179	134	1330

185	134	1360

168	135	1312

176	135	1367

179	135	1334

185	135	1365

168	136	1315

176	136	1361

179	136	1334

185	136	1368

168	137	1315

175	137	1349

178	137	1333

184	137	1355

168	138	1312

176	138	1333

177	138	1317

184	138	1358

168	139	1281

175	139	1351

178	139	1330

184	139	1364

169	140	1319

175	140	1360

177	140	1316

183	140	1354

169	141	1322

175	141	1364

177	141	1337

183	141	1362

170	142	1321

176	142	1358

183	142	1365

168	143	1273

169	143	1321

183	143	1369

166	144	1350

167	144	1332

183	144	1372

164	145	1306

165	145	1306

182	145	1357

163	146	1319

182	146	1361

161	147	1309

162	147	1298

182	147	1361

195	147	1371

196	147	1376

160	148	1308

182	148	1362

191	148	1369

192	148	1359

193	148	1349

194	148	1343

197	148	1349

198	148	1363

159	149	1294

182	149	1357

188	149	1385

189	149	1363

190	149	1343

198	149	1358

158	150	1321

182	150	1355

186	150	1381

187	150	1365

197	150	1352

198	150	1371

158	151	1322

183	151	1365

184	151	1398

185	151	1399

196	151	1362

156	152	1377

157	152	1322

195	152	1365

157	153	1295

194	153	1366

157	154	1287

193	154	1365

157	155	1303

192	155	1367

156	156	1279

191	156	1365

156	157	1368

190	157	1362

156	158	1345

189	158	1358

156	159	1310

188	159	1358

156	160	1378

188	160	1375

156	161	1382

187	161	1367

157	162	1325

186	162	1351

156	163	1325

157	163	1315

184	163	1359

185	163	1371

158	164	1306

183	164	1356

157	165	1393

182	165	1354

183	165	1372

158	166	1343

181	166	1356

158	167	1355

180	167	1364

181	167	1366

159	168	1320

179	168	1375

158	169	1324

178	169	1379

158	170	1351

177	170	1368

158	171	1309

177	171	1374

158	172	1317

177	172	1383

157	173	1332

176	173	1377

157	174	1342

176	174	1388

157	175	1331

176	175	1399

157	176	1331

176	176	1411

156	177	1342

175	177	1400

156	178	1327

175	178	1409

155	179	1352

174	179	1397

154	180	1378

174	180	1402

153	181	1322

174	181	1411

154	182	1318

173	182	1399

154	183	1318

173	183	1404

154	184	1319

173	184	1410

154	185	1325

172	185	1403

152	186	1317

153	186	1329

171	186	1396

153	187	1337

171	187	1402

152	188	1344

171	188	1404

152	189	1334

171	189	1409

152	190	1332

170	190	1397

151	191	1347

170	191	1404

151	192	1349

170	192	1408

150	193	1339

170	193	1409

150	194	1345

151	194	1352

152	194	1361

153	194	1367

154	194	1365

155	194	1363

156	194	1361

157	194	1362

158	194	1362

159	194	1362

160	194	1364

161	194	1362

162	194	1364

163	194	1365

164	194	1370

165	194	1372

166	194	1376

167	194	1380

168	194	1386

169	194	1397

170	194	1411

