163	109	1189

164	109	1183

165	109	1185

166	109	1198

163	110	1175

167	110	1196

162	111	1177

167	111	1183

180	111	1208

181	111	1212

162	112	1179

168	112	1203

179	112	1202

182	112	1211

163	113	1176

168	113	1193

179	113	1200

183	113	1230

163	114	1179

168	114	1187

178	114	1206

183	114	1226

163	115	1184

169	115	1209

178	115	1209

183	115	1225

164	116	1179

169	116	1199

178	116	1208

183	116	1226

164	117	1185

169	117	1195

178	117	1210

183	117	1228

164	118	1187

170	118	1216

178	118	1209

183	118	1233

164	119	1188

170	119	1206

178	119	1209

183	119	1239

164	120	1185

171	120	1206

177	120	1205

183	120	1242

165	121	1190

171	121	1210

177	121	1216

183	121	1246

165	122	1193

172	122	1249

177	122	1216

183	122	1252

165	123	1195

172	123	1237

177	123	1221

183	123	1255

165	124	1198

172	124	1225

177	124	1219

183	124	1261

165	125	1198

173	125	1272

176	125	1222

183	125	1264

165	126	1200

174	126	1243

175	126	1234

182	126	1228

166	127	1200

183	127	1260

166	128	1205

183	128	1253

166	129	1207

184	129	1274

166	130	1198

184	130	1258

167	131	1206

183	131	1255

166	132	1213

182	132	1236

165	133	1245

183	133	1257

163	134	1260

164	134	1220

183	134	1253

194	134	1251

195	134	1260

196	134	1247

197	134	1251

198	134	1271

162	135	1217

183	135	1258

194	135	1234

199	135	1253

161	136	1224

182	136	1247

187	136	1271

189	136	1283

190	136	1264

191	136	1257

192	136	1239

193	136	1226

199	136	1237

159	137	1255

160	137	1245

182	137	1252

187	137	1295

188	137	1296

199	137	1239

157	138	1231

158	138	1211

182	138	1248

186	138	1287

199	138	1253

157	139	1219

183	139	1233

185	139	1306

197	139	1232

198	139	1255

157	140	1201

184	140	1280

196	140	1233

156	141	1205

195	141	1237

155	142	1235

194	142	1239

155	143	1210

194	143	1273

154	144	1238

193	144	1263

154	145	1253

192	145	1250

154	146	1223

191	146	1245

154	147	1212

190	147	1240

154	148	1230

190	148	1261

154	149	1274

189	149	1246

154	150	1285

188	150	1241

154	151	1275

155	151	1210

188	151	1272

156	152	1201

187	152	1265

155	153	1242

186	153	1267

155	154	1252

185	154	1265

156	155	1229

184	155	1258

156	156	1251

183	156	1247

157	157	1220

183	157	1273

156	158	1197

158	158	1217

182	158	1269

157	159	1207

181	159	1277

158	160	1223

180	160	1289

157	161	1303

179	161	1284

157	162	1309

179	162	1289

158	163	1253

178	163	1267

158	164	1261

178	164	1270

157	165	1292

178	165	1276

157	166	1278

178	166	1280

157	167	1255

178	167	1292

157	168	1251

178	168	1300

157	169	1218

178	169	1306

156	170	1298

178	170	1309

156	171	1296

177	171	1294

156	172	1228

177	172	1299

156	173	1265

177	173	1304

157	174	1248

177	174	1308

155	175	1237

156	175	1248

176	175	1292

154	176	1232

157	176	1246

176	176	1296

157	177	1248

176	177	1299

157	178	1253

176	178	1301

156	179	1256

176	179	1309

156	180	1260

175	180	1297

156	181	1251

175	181	1300

155	182	1236

175	182	1303

155	183	1248

175	183	1307

155	184	1280

174	184	1296

155	185	1270

156	185	1269

157	185	1267

158	185	1264

159	185	1262

160	185	1259

161	185	1258

162	185	1258

163	185	1257

164	185	1257

165	185	1258

166	185	1259

167	185	1261

168	185	1263

169	185	1268

170	185	1272

171	185	1275

172	185	1278

173	185	1285

174	185	1297

