209	137	1470

210	137	1477

211	137	1466

208	138	1455

212	138	1453

208	139	1453

213	139	1459

208	140	1448

212	140	1454

197	141	1410

207	141	1466

212	141	1452

198	142	1404

199	142	1410

206	142	1452

207	142	1466

213	142	1468

195	143	1402

199	143	1413

208	143	1461

214	143	1489

198	144	1403

200	144	1423

209	144	1448

214	144	1477

196	145	1402

197	145	1402

201	145	1421

209	145	1453

213	145	1468

196	146	1404

201	146	1424

209	146	1454

213	146	1470

197	147	1410

202	147	1438

209	147	1453

213	147	1469

197	148	1406

202	148	1432

209	148	1455

213	148	1466

198	149	1418

203	149	1441

209	149	1459

213	149	1466

198	150	1427

204	150	1451

205	150	1471

209	150	1458

213	150	1468

199	151	1421

206	151	1500

209	151	1454

213	151	1470

199	152	1426

206	152	1493

209	152	1451

213	152	1475

199	153	1429

206	153	1501

209	153	1452

213	153	1478

200	154	1425

205	154	1456

208	154	1454

213	154	1479

222	154	1495

223	154	1485

224	154	1502

200	155	1435

206	155	1477

207	155	1454

213	155	1476

219	155	1518

220	155	1503

221	155	1480

225	155	1515

201	156	1430

213	156	1476

219	156	1532

224	156	1474

200	157	1448

214	157	1500

219	157	1500

224	157	1485

200	158	1472

214	158	1498

219	158	1479

224	158	1505

201	159	1457

214	159	1502

219	159	1470

223	159	1477

200	160	1532

214	160	1507

218	160	1511

223	160	1488

199	161	1456

214	161	1503

218	161	1499

223	161	1499

199	162	1425

214	162	1493

218	162	1481

223	162	1510

197	163	1461

198	163	1431

214	163	1483

218	163	1472

222	163	1479

196	164	1464

215	164	1500

216	164	1555

217	164	1509

222	164	1485

195	165	1470

222	165	1489

194	166	1480

222	166	1495

193	167	1457

222	167	1500

194	168	1437

222	168	1508

194	169	1442

221	169	1476

193	170	1516

221	170	1486

193	171	1509

221	171	1500

193	172	1468

220	172	1481

193	173	1479

220	173	1496

194	174	1450

219	174	1482

194	175	1455

219	175	1500

194	176	1458

218	176	1484

194	177	1466

218	177	1502

194	178	1482

217	178	1487

195	179	1465

217	179	1512

196	180	1475

215	180	1491

216	180	1516

196	181	1497

214	181	1501

197	182	1492

213	182	1510

198	183	1499

213	183	1530

198	184	1514

213	184	1540

198	185	1506

213	185	1553

197	186	1499

212	186	1529

197	187	1493

212	187	1542

198	188	1556

212	188	1555

199	189	1508

211	189	1534

199	190	1494

211	190	1540

198	191	1498

211	191	1547

199	192	1490

211	192	1554

198	193	1503

211	193	1561

198	194	1500

210	194	1542

199	195	1502

210	195	1548

199	196	1510

210	196	1550

199	197	1516

210	197	1556

199	198	1522

209	198	1549

198	199	1542

209	199	1556

198	200	1540

209	200	1559

198	201	1543

209	201	1560

198	202	1547

209	202	1561

198	203	1550

208	203	1556

198	204	1554

207	204	1559

198	205	1558

205	205	1557

206	205	1561

199	206	1552

204	206	1556

199	207	1559

200	207	1554

203	207	1556

201	208	1561

202	208	1558

203	208	1561

