163	104	1298

164	104	1298

165	104	1301

162	105	1295

166	105	1298

162	106	1294

167	106	1310

162	107	1294

167	107	1309

180	107	1328

181	107	1337

162	108	1293

167	108	1308

179	108	1316

182	108	1338

163	109	1293

167	109	1303

178	109	1324

182	109	1332

163	110	1300

168	110	1305

178	110	1317

182	110	1331

163	111	1303

168	111	1308

178	111	1314

182	111	1332

163	112	1300

168	112	1306

177	112	1321

182	112	1332

163	113	1290

168	113	1305

177	113	1323

182	113	1336

163	114	1289

169	114	1313

177	114	1319

182	114	1343

163	115	1281

169	115	1311

176	115	1317

181	115	1329

164	116	1302

169	116	1310

176	116	1322

181	116	1333

164	117	1302

169	117	1312

176	117	1322

181	117	1338

164	118	1303

170	118	1313

171	118	1306

176	118	1324

181	118	1340

164	119	1306

171	119	1322

175	119	1330

181	119	1344

164	120	1310

171	120	1317

174	120	1316

181	120	1348

164	121	1314

171	121	1324

174	121	1322

181	121	1344

165	122	1309

172	122	1343

174	122	1332

180	122	1339

165	123	1313

172	123	1344

174	123	1331

180	123	1344

165	124	1316

173	124	1335

180	124	1348

165	125	1319

180	125	1350

165	126	1320

180	126	1351

162	127	1316

163	127	1317

164	127	1317

180	127	1349

161	128	1298

181	128	1338

160	129	1296

181	129	1365

158	130	1319

159	130	1317

180	130	1355

157	131	1350

179	131	1343

184	131	1341

186	131	1351

187	131	1342

188	131	1357

189	131	1348

190	131	1337

191	131	1334

192	131	1334

193	131	1339

194	131	1346

195	131	1363

156	132	1331

180	132	1308

183	132	1347

185	132	1354

196	132	1351

197	132	1379

155	133	1313

181	133	1354

182	133	1366

197	133	1365

154	134	1331

197	134	1371

153	135	1323

195	135	1374

196	135	1381

197	135	1383

154	136	1331

194	136	1355

154	137	1321

191	137	1361

192	137	1369

193	137	1385

153	138	1349

189	138	1358

190	138	1370

153	139	1315

188	139	1359

152	140	1307

154	140	1310

187	140	1357

153	141	1304

186	141	1354

154	142	1315

185	142	1352

154	143	1308

184	143	1346

154	144	1318

184	144	1359

153	145	1331

183	145	1360

153	146	1351

154	146	1322

182	146	1347

155	147	1336

181	147	1361

155	148	1377

180	148	1357

155	149	1384

179	149	1354

156	150	1339

178	150	1355

156	151	1334

177	151	1364

157	152	1326

176	152	1367

155	153	1366

156	153	1334

176	153	1367

155	154	1344

175	154	1361

155	155	1351

175	155	1371

155	156	1340

175	156	1378

154	157	1323

175	157	1382

154	158	1338

174	158	1376

153	159	1332

174	159	1383

153	160	1328

174	160	1386

153	161	1332

174	161	1388

153	162	1328

174	162	1390

153	163	1332

173	163	1387

152	164	1340

173	164	1388

151	165	1367

173	165	1388

151	166	1348

173	166	1390

150	167	1316

173	167	1395

151	168	1337

172	168	1398

151	169	1336

172	169	1400

150	170	1326

172	170	1399

150	171	1331

172	171	1397

150	172	1334

171	172	1402

150	173	1336

171	173	1405

148	174	1312

149	174	1339

171	174	1408

149	175	1345

171	175	1411

148	176	1346

171	176	1415

147	177	1357

171	177	1405

148	178	1348

170	178	1414

147	179	1338

169	179	1407

147	180	1356

148	180	1348

149	180	1352

150	180	1349

151	180	1350

152	180	1348

153	180	1348

154	180	1348

155	180	1347

156	180	1348

157	180	1347

158	180	1347

159	180	1347

160	180	1349

161	180	1351

162	180	1355

163	180	1358

164	180	1362

165	180	1368

166	180	1377

167	180	1386

168	180	1394

169	180	1408

