149	112	1201

150	112	1200

151	112	1205

148	113	1198

152	113	1208

148	114	1197

152	114	1197

148	115	1200

153	115	1203

148	116	1202

153	116	1205

167	116	1225

168	116	1218

169	116	1222

149	117	1194

153	117	1200

166	117	1225

170	117	1231

149	118	1197

154	118	1203

166	118	1221

170	118	1229

149	119	1200

154	119	1209

166	119	1217

170	119	1231

150	120	1198

154	120	1205

166	120	1215

170	120	1233

150	121	1199

154	121	1202

165	121	1224

170	121	1237

150	122	1200

155	122	1208

165	122	1221

170	122	1232

150	123	1200

155	123	1203

165	123	1219

170	123	1226

150	124	1202

156	124	1211

164	124	1223

171	124	1236

151	125	1200

156	125	1212

164	125	1224

170	125	1229

151	126	1203

156	126	1210

164	126	1218

170	126	1236

151	127	1206

157	127	1211

163	127	1219

170	127	1232

151	128	1208

157	128	1220

163	128	1227

170	128	1241

151	129	1208

158	129	1241

163	129	1225

170	129	1234

151	130	1201

158	130	1234

162	130	1225

169	130	1232

152	131	1206

158	131	1243

162	131	1220

168	131	1233

152	132	1207

158	132	1241

162	132	1218

168	132	1243

152	133	1208

158	133	1241

161	133	1221

168	133	1249

152	134	1206

158	134	1234

160	134	1219

167	134	1233

152	135	1208

159	135	1221

167	135	1242

148	136	1200

149	136	1193

150	136	1197

151	136	1206

167	136	1252

146	137	1208

147	137	1192

166	137	1236

146	138	1192

166	138	1240

145	139	1189

166	139	1242

144	140	1281

166	140	1243

145	141	1287

166	141	1242

143	142	1218

145	142	1225

166	142	1246

143	143	1211

144	143	1204

166	143	1245

142	144	1214

166	144	1245

142	145	1205

166	145	1238

141	146	1189

166	146	1229

178	146	1262

179	146	1255

180	146	1254

181	146	1255

182	146	1252

183	146	1252

184	146	1255

185	146	1266

141	147	1211

167	147	1233

173	147	1261

174	147	1244

175	147	1245

176	147	1240

177	147	1239

186	147	1258

140	148	1212

168	148	1229

169	148	1234

170	148	1234

171	148	1234

172	148	1228

186	148	1255

140	149	1208

184	149	1251

185	149	1263

186	149	1278

140	150	1209

182	150	1256

183	150	1269

140	151	1219

179	151	1244

180	151	1254

181	151	1270

141	152	1206

177	152	1244

178	152	1254

140	153	1178

175	153	1246

176	153	1260

141	154	1206

174	154	1253

141	155	1213

173	155	1249

141	156	1211

171	156	1236

172	156	1249

141	157	1183

170	157	1250

142	158	1218

169	158	1253

142	159	1212

167	159	1238

168	159	1238

142	160	1218

166	160	1245

142	161	1249

165	161	1250

142	162	1260

164	162	1246

142	163	1281

162	163	1236

163	163	1241

142	164	1256

161	164	1239

143	165	1218

161	165	1247

143	166	1226

160	166	1246

143	167	1235

160	167	1259

143	168	1235

160	168	1267

143	169	1233

159	169	1253

143	170	1236

160	170	1281

143	171	1234

160	171	1290

143	172	1239

160	172	1290

142	173	1245

160	173	1296

142	174	1253

160	174	1299

142	175	1289

160	175	1304

142	176	1278

160	176	1303

142	177	1266

160	177	1302

143	178	1240

160	178	1304

143	179	1250

160	179	1310

142	180	1270

159	180	1298

143	181	1262

159	181	1303

143	182	1263

159	182	1306

143	183	1264

159	183	1309

142	184	1194

159	184	1311

142	185	1255

158	185	1295

143	186	1273

158	186	1299

143	187	1274

158	187	1302

142	188	1283

158	188	1305

143	189	1274

158	189	1306

143	190	1280

158	190	1307

142	191	1294

158	191	1308

142	192	1289

158	192	1312

142	193	1290

143	193	1293

144	193	1290

145	193	1289

146	193	1288

147	193	1287

148	193	1286

149	193	1287

150	193	1286

151	193	1287

152	193	1289

153	193	1292

154	193	1294

155	193	1297

156	193	1300

157	193	1306

