155	123	1341

156	123	1342

157	123	1344

155	124	1340

157	124	1345

155	125	1342

158	125	1344

171	125	1377

172	125	1378

155	126	1345

158	126	1345

171	126	1370

173	126	1375

155	127	1346

158	127	1344

170	127	1367

173	127	1371

156	128	1344

158	128	1347

170	128	1364

173	128	1371

156	129	1343

159	129	1349

169	129	1367

173	129	1372

156	130	1345

159	130	1349

169	130	1371

173	130	1374

157	131	1348

159	131	1350

169	131	1373

174	131	1368

157	132	1349

160	132	1354

169	132	1370

174	132	1346

157	133	1351

160	133	1354

168	133	1364

173	133	1379

157	134	1350

160	134	1354

168	134	1365

172	134	1370

157	135	1350

160	135	1356

168	135	1369

172	135	1371

157	136	1351

161	136	1360

168	136	1370

172	136	1372

157	137	1353

162	137	1371

167	137	1370

172	137	1376

158	138	1354

163	138	1374

166	138	1369

171	138	1373

158	139	1356

163	139	1376

166	139	1371

172	139	1356

158	140	1358

163	140	1393

165	140	1332

171	140	1377

158	141	1357

163	141	1386

165	141	1372

171	141	1379

157	142	1355

164	142	1375

170	142	1376

156	143	1347

170	143	1378

154	144	1334

155	144	1335

169	144	1376

152	145	1348

153	145	1334

169	145	1376

152	146	1349

170	146	1375

152	147	1345

169	147	1374

151	148	1335

169	148	1374

151	149	1353

169	149	1377

149	150	1352

150	150	1343

169	150	1380

148	151	1380

169	151	1379

148	152	1365

169	152	1373

181	152	1390

182	152	1394

183	152	1396

184	152	1396

185	152	1401

186	152	1389

148	153	1363

170	153	1369

177	153	1388

178	153	1382

179	153	1388

180	153	1387

187	153	1407

147	154	1366

171	154	1369

173	154	1377

174	154	1375

175	154	1378

176	154	1378

187	154	1408

147	155	1356

172	155	1367

184	155	1393

185	155	1400

186	155	1408

187	155	1418

146	156	1387

182	156	1389

183	156	1393

147	157	1359

180	157	1389

181	157	1393

147	158	1361

178	158	1385

179	158	1390

147	159	1372

176	159	1379

177	159	1388

147	160	1372

175	160	1377

147	161	1394

173	161	1372

174	161	1379

148	162	1368

172	162	1372

149	163	1352

171	163	1375

149	164	1351

169	164	1368

170	164	1379

149	165	1355

168	165	1370

149	166	1362

167	166	1370

150	167	1360

166	167	1379

150	168	1361

165	168	1386

149	169	1364

164	169	1385

149	170	1361

164	170	1387

149	171	1367

163	171	1382

149	172	1371

163	172	1387

149	173	1385

163	173	1398

149	174	1386

163	174	1407

149	175	1389

163	175	1414

149	176	1385

163	176	1419

149	177	1384

163	177	1422

148	178	1387

163	178	1430

148	179	1406

163	179	1432

148	180	1401

163	180	1436

148	181	1397

163	181	1440

148	182	1403

163	182	1445

148	183	1419

163	183	1449

148	184	1415

163	184	1448

148	185	1414

163	185	1458

148	186	1416

163	186	1463

148	187	1425

162	187	1449

148	188	1420

162	188	1454

148	189	1422

162	189	1457

148	190	1421

162	190	1462

148	191	1424

162	191	1462

148	192	1428

161	192	1452

148	193	1435

161	193	1455

147	194	1456

161	194	1460

147	195	1463

161	195	1460

147	196	1449

161	196	1462

147	197	1452

148	197	1444

149	197	1439

150	197	1437

151	197	1436

152	197	1436

153	197	1437

154	197	1439

155	197	1441

156	197	1442

157	197	1446

158	197	1448

159	197	1452

160	197	1457

161	197	1464

