187	123	1191

188	123	1186

189	123	1192

186	124	1195

190	124	1192

186	125	1190

191	125	1205

186	126	1192

191	126	1195

186	127	1194

192	127	1225

186	128	1198

192	128	1208

171	129	1156

172	129	1165

182	129	1248

186	129	1208

192	129	1202

172	130	1148

173	130	1158

174	130	1180

181	130	1228

183	130	1241

186	130	1220

193	130	1229

169	131	1149

173	131	1149

175	131	1176

182	131	1263

183	131	1267

184	131	1242

186	131	1241

193	131	1208

169	132	1149

173	132	1148

176	132	1174

177	132	1202

187	132	1209

194	132	1220

169	133	1155

170	133	1148

172	133	1148

178	133	1191

183	133	1253

187	133	1207

195	133	1255

170	134	1154

171	134	1150

179	134	1206

182	134	1243

183	134	1261

184	134	1264

188	134	1199

195	134	1257

170	135	1163

178	135	1172

184	135	1252

185	135	1274

187	135	1244

195	135	1250

171	136	1155

172	136	1156

179	136	1186

187	136	1235

195	136	1244

173	137	1160

180	137	1193

188	137	1217

195	137	1229

174	138	1163

181	138	1192

189	138	1203

196	138	1268

174	139	1170

182	139	1195

183	139	1225

189	139	1205

195	139	1230

209	139	1289

175	140	1176

183	140	1204

189	140	1205

195	140	1239

208	140	1225

210	140	1249

176	141	1174

184	141	1221

189	141	1208

195	141	1239

205	141	1283

206	141	1233

207	141	1214

210	141	1217

176	142	1186

184	142	1206

189	142	1206

195	142	1229

205	142	1251

211	142	1230

177	143	1187

185	143	1235

189	143	1207

195	143	1227

205	143	1228

211	143	1237

178	144	1188

185	144	1215

188	144	1213

195	144	1223

205	144	1221

211	144	1275

179	145	1186

186	145	1226

187	145	1228

196	145	1242

205	145	1215

210	145	1226

178	146	1232

196	146	1229

204	146	1229

210	146	1232

179	147	1233

197	147	1260

204	147	1223

210	147	1238

180	148	1215

198	148	1287

204	148	1221

210	148	1241

180	149	1244

198	149	1271

204	149	1220

210	149	1251

179	150	1276

198	150	1248

204	150	1219

209	150	1227

178	151	1279

180	151	1288

199	151	1290

204	151	1217

209	151	1238

179	152	1249

199	152	1256

203	152	1233

209	152	1245

178	153	1250

199	153	1232

203	153	1222

209	153	1253

177	154	1292

200	154	1239

203	154	1220

209	154	1266

176	155	1298

201	155	1231

202	155	1229

208	155	1228

175	156	1261

208	156	1231

175	157	1250

208	157	1232

174	158	1255

209	158	1273

174	159	1233

209	159	1269

173	160	1255

208	160	1237

173	161	1255

208	161	1244

174	162	1218

208	162	1254

173	163	1260

208	163	1278

174	164	1228

207	164	1250

174	165	1233

207	165	1271

174	166	1248

206	166	1245

174	167	1246

206	167	1260

174	168	1282

205	168	1237

175	169	1237

205	169	1251

174	170	1281

176	170	1221

205	170	1269

174	171	1278

175	171	1281

204	171	1251

176	172	1261

204	172	1279

177	173	1237

202	173	1249

203	173	1276

178	174	1241

201	174	1259

178	175	1283

201	175	1293

179	176	1283

200	176	1283

180	177	1281

200	177	1285

181	178	1300

200	178	1290

181	179	1286

200	179	1298

182	180	1282

199	180	1286

183	181	1273

199	181	1290

183	182	1285

199	182	1297

183	183	1297

199	183	1303

182	184	1304

198	184	1294

183	185	1294

198	185	1298

183	186	1278

198	186	1301

184	187	1275

198	187	1304

183	188	1291

185	188	1279

197	188	1298

183	189	1294

184	189	1268

197	189	1302

184	190	1284

197	190	1305

184	191	1297

196	191	1300

185	192	1302

196	192	1305

185	193	1301

194	193	1304

195	193	1306

186	194	1306

192	194	1303

193	194	1307

187	195	1306

188	195	1305

190	195	1303

191	195	1305

189	196	1307

185	197	1307

184	198	1307

