173	103	1212

174	103	1210

172	104	1202

175	104	1201

176	104	1225

171	105	1213

176	105	1208

189	105	1247

171	106	1219

177	106	1216

187	106	1259

188	106	1232

190	106	1238

172	107	1202

177	107	1210

187	107	1234

191	107	1246

172	108	1208

177	108	1209

187	108	1230

191	108	1242

172	109	1214

177	109	1209

186	109	1256

191	109	1242

172	110	1231

178	110	1222

186	110	1246

191	110	1243

173	111	1211

178	111	1217

186	111	1242

191	111	1243

173	112	1215

178	112	1215

186	112	1240

191	112	1249

173	113	1214

179	113	1228

186	113	1236

191	113	1254

173	114	1217

179	114	1228

186	114	1232

191	114	1256

173	115	1222

180	115	1240

185	115	1248

191	115	1257

173	116	1225

180	116	1252

185	116	1247

191	116	1263

173	117	1227

180	117	1252

185	117	1247

190	117	1246

173	118	1230

180	118	1242

185	118	1242

190	118	1248

173	119	1230

180	119	1232

184	119	1249

190	119	1251

174	120	1220

181	120	1262

184	120	1249

190	120	1253

174	121	1223

180	121	1237

184	121	1242

190	121	1255

174	122	1230

180	122	1239

184	122	1241

190	122	1259

174	123	1239

180	123	1239

184	123	1242

190	123	1265

174	124	1244

180	124	1241

183	124	1245

190	124	1272

172	125	1238

173	125	1241

180	125	1243

183	125	1249

190	125	1276

171	126	1271

181	126	1247

182	126	1247

189	126	1253

172	127	1259

189	127	1256

171	128	1264

189	128	1259

170	129	1252

189	129	1258

203	129	1280

204	129	1268

205	129	1272

169	130	1286

190	130	1282

200	130	1275

201	130	1259

202	130	1256

206	130	1257

207	130	1275

167	131	1245

168	131	1244

191	131	1301

192	131	1305

197	131	1292

198	131	1274

199	131	1257

207	131	1268

167	132	1220

193	132	1296

194	132	1301

195	132	1280

196	132	1266

207	132	1282

165	133	1249

166	133	1222

206	133	1291

165	134	1231

205	134	1284

163	135	1276

165	135	1217

204	135	1277

205	135	1303

163	136	1267

164	136	1229

203	136	1286

163	137	1270

202	137	1288

163	138	1269

201	138	1277

162	139	1263

164	139	1226

201	139	1294

163	140	1242

199	140	1273

200	140	1293

163	141	1233

198	141	1270

163	142	1232

197	142	1262

162	143	1225

197	143	1282

161	144	1276

196	144	1274

162	145	1289

195	145	1269

162	146	1308

194	146	1264

163	147	1279

194	147	1288

164	148	1247

193	148	1284

164	149	1264

192	149	1275

165	150	1238

191	150	1269

165	151	1268

190	151	1269

165	152	1275

189	152	1274

190	152	1294

164	153	1306

166	153	1243

188	153	1286

166	154	1291

187	154	1281

167	155	1252

187	155	1292

164	156	1227

167	156	1247

187	156	1300

166	157	1261

186	157	1281

164	158	1246

165	158	1256

186	158	1289

164	159	1306

186	159	1298

165	160	1261

186	160	1307

165	161	1273

185	161	1292

165	162	1249

185	162	1301

165	163	1256

185	163	1311

165	164	1243

185	164	1316

162	165	1268

163	165	1241

164	165	1250

185	165	1317

162	166	1277

185	166	1321

161	167	1295

184	167	1314

161	168	1271

184	168	1323

161	169	1277

183	169	1307

161	170	1300

183	170	1311

161	171	1257

183	171	1319

161	172	1233

183	172	1324

159	173	1192

160	173	1229

182	173	1316

160	174	1223

182	174	1322

160	175	1251

181	175	1308

159	176	1256

181	176	1311

159	177	1234

181	177	1314

160	178	1237

181	178	1317

160	179	1254

181	179	1321

159	180	1257

181	180	1323

158	181	1264

160	181	1268

161	181	1268

162	181	1267

163	181	1265

164	181	1262

165	181	1262

166	181	1261

167	181	1262

168	181	1260

169	181	1260

170	181	1261

171	181	1265

172	181	1266

173	181	1266

174	181	1267

175	181	1273

176	181	1279

177	181	1284

178	181	1290

179	181	1297

180	181	1309

181	181	1326

