163	157	1773

163	158	1773

164	158	1780

163	159	1778

164	159	1780

174	159	1812

162	160	1789

164	160	1779

173	160	1801

174	160	1798

162	161	1793

164	161	1781

173	161	1793

174	161	1791

162	162	1801

165	162	1790

172	162	1797

174	162	1789

162	163	1811

165	163	1787

172	163	1793

174	163	1792

163	164	1782

165	164	1784

171	164	1817

174	164	1795

163	165	1782

165	165	1784

171	165	1801

174	165	1801

163	166	1787

165	166	1785

170	166	1807

174	166	1805

163	167	1788

165	167	1785

171	167	1793

173	167	1791

163	168	1788

166	168	1789

170	168	1802

173	168	1790

163	169	1786

166	169	1787

170	169	1797

173	169	1797

163	170	1790

167	170	1812

168	170	1838

169	170	1805

173	170	1807

163	171	1786

172	171	1798

162	172	1775

172	172	1805

160	173	1764

161	173	1759

172	173	1813

160	174	1761

171	174	1797

159	175	1788

171	175	1801

159	176	1772

171	176	1800

158	177	1766

171	177	1802

156	178	1810

157	178	1778

171	178	1797

156	179	1791

172	179	1804

156	180	1778

172	180	1783

155	181	1789

173	181	1785

174	181	1797

178	181	1805

179	181	1803

180	181	1801

181	181	1798

182	181	1798

183	181	1805

184	181	1816

185	181	1831

155	182	1795

175	182	1791

176	182	1794

177	182	1797

182	182	1802

183	182	1809

184	182	1818

156	183	1779

179	183	1807

180	183	1812

181	183	1816

156	184	1781

177	184	1803

178	184	1814

156	185	1782

175	185	1788

176	185	1804

156	186	1789

173	186	1780

174	186	1793

156	187	1793

171	187	1778

172	187	1794

156	188	1799

170	188	1783

156	189	1798

169	189	1787

157	190	1785

168	190	1804

156	191	1811

167	191	1801

156	192	1808

167	192	1811

156	193	1805

166	193	1800

156	194	1809

166	194	1808

156	195	1805

166	195	1813

157	196	1793

166	196	1820

157	197	1795

166	197	1827

156	198	1811

166	198	1830

156	199	1813

166	199	1835

156	200	1814

166	200	1838

156	201	1830

166	201	1847

156	202	1837

166	202	1847

156	203	1835

166	203	1853

156	204	1830

166	204	1856

156	205	1828

166	205	1861

156	206	1834

166	206	1861

156	207	1840

166	207	1864

156	208	1849

166	208	1869

156	209	1851

166	209	1873

156	210	1853

165	210	1854

156	211	1855

165	211	1858

156	212	1857

165	212	1860

156	213	1860

157	213	1842

158	213	1836

159	213	1835

160	213	1833

161	213	1835

162	213	1838

163	213	1847

164	213	1851

165	213	1862

166	213	1876

