189	157	1709

190	157	1706

191	157	1711

189	158	1715

192	158	1721

189	159	1722

192	159	1718

189	160	1725

192	160	1716

178	161	1672

179	161	1675

190	161	1716

193	161	1725

177	162	1673

180	162	1681

181	162	1689

190	162	1719

193	162	1720

178	163	1677

182	163	1695

190	163	1717

193	163	1719

178	164	1683

183	164	1697

190	164	1714

194	164	1723

179	165	1693

183	165	1693

190	165	1709

194	165	1725

180	166	1699

184	166	1694

185	166	1701

190	166	1666

194	166	1723

181	167	1696

186	167	1707

191	167	1724

194	167	1721

204	167	1711

205	167	1710

182	168	1706

187	168	1710

188	168	1707

191	168	1729

195	168	1729

203	168	1708

205	168	1710

183	169	1710

188	169	1717

190	169	1771

195	169	1727

203	169	1703

205	169	1711

183	170	1730

189	170	1725

196	170	1734

202	170	1706

204	170	1707

184	171	1723

196	171	1728

201	171	1714

204	171	1710

185	172	1722

197	172	1735

200	172	1736

204	172	1713

185	173	1723

197	173	1729

200	173	1735

204	173	1715

186	174	1728

198	174	1735

199	174	1742

204	174	1717

185	175	1710

204	175	1718

184	176	1700

204	176	1719

183	177	1708

204	177	1717

183	178	1707

204	178	1718

183	179	1702

204	179	1719

183	180	1697

204	180	1721

182	181	1697

204	181	1723

182	182	1700

204	182	1727

182	183	1717

204	183	1733

182	184	1731

204	184	1741

182	185	1736

203	185	1728

182	186	1721

203	186	1733

183	187	1721

203	187	1739

183	188	1730

202	188	1728

184	189	1722

202	189	1738

184	190	1740

201	190	1742

185	191	1733

201	191	1756

186	192	1735

201	192	1760

187	193	1734

201	193	1759

188	194	1749

202	194	1779

189	195	1757

202	195	1786

190	196	1748

203	196	1807

191	197	1748

203	197	1805

191	198	1750

203	198	1803

191	199	1769

203	199	1806

192	200	1767

203	200	1804

193	201	1761

203	201	1803

193	202	1762

204	202	1818

193	203	1767

204	203	1813

193	204	1778

204	204	1808

194	205	1778

204	205	1804

194	206	1786

205	206	1816

194	207	1801

205	207	1814

195	208	1796

205	208	1811

195	209	1813

205	209	1808

196	210	1797

206	210	1815

196	211	1806

206	211	1815

197	212	1803

206	212	1814

197	213	1811

206	213	1814

198	214	1807

206	214	1814

199	215	1807

206	215	1813

199	216	1816

200	216	1809

206	216	1814

201	217	1814

204	217	1814

205	217	1817

206	217	1818

202	218	1818

203	218	1818

