165	105	1183

166	105	1180

164	106	1175

167	106	1166

168	106	1181

164	107	1166

168	107	1169

163	108	1178

169	108	1183

181	108	1200

182	108	1194

183	108	1198

164	109	1168

169	109	1176

180	109	1203

184	109	1199

164	110	1172

169	110	1173

180	110	1196

184	110	1198

164	111	1176

170	111	1189

180	111	1193

184	111	1201

165	112	1169

170	112	1185

179	112	1210

184	112	1201

165	113	1174

170	113	1180

179	113	1207

184	113	1201

165	114	1184

171	114	1194

179	114	1204

184	114	1202

165	115	1189

171	115	1188

179	115	1202

184	115	1205

165	116	1188

171	116	1187

179	116	1200

184	116	1209

166	117	1181

172	117	1203

179	117	1200

184	117	1212

166	118	1182

172	118	1199

179	118	1200

184	118	1216

166	119	1182

173	119	1230

178	119	1212

184	119	1220

166	120	1186

173	120	1215

178	120	1209

184	120	1222

166	121	1194

173	121	1208

178	121	1207

184	121	1224

166	122	1201

173	122	1201

178	122	1204

184	122	1226

167	123	1189

173	123	1202

177	123	1211

184	123	1234

167	124	1192

174	124	1215

177	124	1209

184	124	1240

167	125	1198

174	125	1211

176	125	1202

184	125	1239

167	126	1201

175	126	1225

183	126	1218

168	127	1194

183	127	1220

168	128	1194

184	128	1246

167	129	1207

184	129	1241

164	130	1229

165	130	1213

166	130	1236

184	130	1245

163	131	1201

184	131	1250

162	132	1202

184	132	1225

189	132	1289

191	132	1265

192	132	1284

193	132	1265

194	132	1228

195	132	1218

196	132	1212

197	132	1212

198	132	1214

199	132	1220

161	133	1219

184	133	1222

188	133	1282

190	133	1259

200	133	1215

201	133	1239

161	134	1204

185	134	1273

186	134	1288

188	134	1289

201	134	1232

158	135	1199

159	135	1209

160	135	1202

187	135	1288

200	135	1232

201	135	1252

157	136	1207

199	136	1243

156	137	1220

198	137	1238

156	138	1220

197	138	1233

198	138	1263

155	139	1251

196	139	1240

156	140	1202

195	140	1257

155	141	1229

194	141	1249

154	142	1282

193	142	1238

154	143	1253

192	143	1234

155	144	1201

191	144	1224

155	145	1202

191	145	1245

156	146	1197

190	146	1235

156	147	1198

189	147	1231

155	148	1211

188	148	1230

155	149	1269

187	149	1231

155	150	1284

187	150	1263

156	151	1218

186	151	1251

157	152	1202

185	152	1249

155	153	1253

156	153	1244

184	153	1243

157	154	1212

183	154	1239

157	155	1203

182	155	1244

157	156	1253

181	156	1253

157	157	1287

180	157	1259

157	158	1255

180	158	1275

157	159	1266

179	159	1252

156	160	1248

158	160	1249

179	160	1257

156	161	1254

157	161	1228

159	161	1228

179	161	1261

157	162	1216

159	162	1246

179	162	1267

158	163	1293

179	163	1278

158	164	1284

179	164	1286

158	165	1243

179	165	1293

157	166	1273

178	166	1275

158	167	1226

178	167	1282

158	168	1226

178	168	1285

157	169	1240

178	169	1289

156	170	1248

178	170	1290

155	171	1244

157	171	1240

178	171	1294

156	172	1224

177	172	1277

156	173	1256

177	173	1280

156	174	1257

177	174	1287

156	175	1243

177	175	1296

157	176	1240

176	176	1280

155	177	1241

156	177	1259

176	177	1283

154	178	1249

176	178	1285

154	179	1268

155	179	1244

176	179	1287

156	180	1245

157	180	1243

158	180	1242

159	180	1242

160	180	1239

161	180	1238

162	180	1238

163	180	1239

164	180	1237

165	180	1237

166	180	1239

167	180	1241

168	180	1244

169	180	1245

170	180	1248

171	180	1250

172	180	1254

173	180	1259

174	180	1266

175	180	1277

176	180	1290

