137	97	1212

138	97	1212

119	98	1187

120	98	1189

136	98	1206

139	98	1213

118	99	1183

121	99	1187

122	99	1194

136	99	1203

140	99	1219

117	100	1176

122	100	1194

135	100	1210

140	100	1211

118	101	1184

123	101	1198

135	101	1213

140	101	1212

118	102	1187

123	102	1198

135	102	1212

140	102	1215

119	103	1189

124	103	1204

135	103	1212

140	103	1218

119	104	1187

124	104	1202

135	104	1209

140	104	1219

119	105	1184

125	105	1206

135	105	1212

140	105	1216

120	106	1191

126	106	1206

135	106	1215

140	106	1214

121	107	1193

127	107	1189

135	107	1214

141	107	1221

121	108	1193

127	108	1208

135	108	1212

141	108	1223

121	109	1196

128	109	1213

135	109	1216

141	109	1224

122	110	1195

129	110	1215

135	110	1206

141	110	1227

123	111	1201

129	111	1217

135	111	1219

141	111	1227

123	112	1204

130	112	1224

131	112	1243

135	112	1220

142	112	1219

123	113	1205

132	113	1265

135	113	1215

142	113	1231

124	114	1202

132	114	1245

135	114	1212

142	114	1233

125	115	1205

132	115	1236

135	115	1215

142	115	1237

125	116	1204

133	116	1254

135	116	1220

142	116	1239

125	117	1208

132	117	1231

135	117	1208

142	117	1237

126	118	1208

133	118	1234

135	118	1226

142	118	1237

126	119	1213

134	119	1230

142	119	1236

153	119	1230

154	119	1219

155	119	1217

156	119	1215

157	119	1217

158	119	1224

125	120	1223

142	120	1236

151	120	1223

152	120	1218

159	120	1233

125	121	1223

143	121	1243

148	121	1250

149	121	1241

150	121	1222

159	121	1240

125	122	1218

143	122	1242

145	122	1272

146	122	1251

148	122	1247

158	122	1232

123	123	1182

124	123	1197

144	123	1257

147	123	1240

157	123	1237

122	124	1192

156	124	1236

121	125	1192

155	125	1233

120	126	1202

154	126	1229

120	127	1211

154	127	1233

119	128	1243

153	128	1235

118	129	1205

152	129	1230

118	130	1204

152	130	1238

118	131	1200

151	131	1231

117	132	1236

150	132	1227

117	133	1211

150	133	1235

118	134	1211

149	134	1227

119	135	1208

149	135	1231

119	136	1216

148	136	1227

118	137	1231

148	137	1238

118	138	1251

147	138	1236

119	139	1218

147	139	1243

118	140	1224

146	140	1236

118	141	1223

146	141	1244

119	142	1244

145	142	1239

120	143	1227

145	143	1252

120	144	1228

145	144	1269

121	145	1199

145	145	1278

121	146	1197

145	146	1277

121	147	1243

122	147	1226

145	147	1274

123	148	1215

145	148	1272

123	149	1165

124	149	1195

146	149	1281

125	150	1221

146	150	1284

124	151	1225

146	151	1283

125	152	1223

147	152	1291

126	153	1263

147	153	1289

126	154	1277

148	154	1301

126	155	1271

148	155	1295

127	156	1243

149	156	1293

127	157	1236

149	157	1303

128	158	1239

149	158	1303

127	159	1243

150	159	1312

128	160	1249

150	160	1312

128	161	1255

149	161	1308

127	162	1269

149	162	1309

127	163	1301

149	163	1308

128	164	1240

149	164	1303

129	165	1257

149	165	1302

129	166	1265

150	166	1311

129	167	1261

150	167	1309

129	168	1248

150	168	1309

129	169	1256

150	169	1309

129	170	1264

150	170	1308

129	171	1252

150	171	1307

130	172	1253

131	172	1267

132	172	1274

133	172	1274

134	172	1274

135	172	1270

136	172	1269

137	172	1267

138	172	1268

139	172	1268

140	172	1271

141	172	1271

142	172	1273

143	172	1274

144	172	1278

145	172	1281

146	172	1284

147	172	1288

148	172	1295

149	172	1303

150	172	1310

