200	142	1472

201	142	1470

214	142	1521

202	143	1472

211	143	1534

212	143	1526

213	143	1516

215	143	1517

216	143	1540

199	144	1474

200	144	1469

201	144	1470

203	144	1487

211	144	1511

216	144	1529

200	145	1474

203	145	1485

212	145	1522

216	145	1526

200	146	1481

204	146	1501

212	146	1519

216	146	1529

200	147	1481

204	147	1496

212	147	1520

216	147	1532

201	148	1481

204	148	1496

212	148	1517

216	148	1534

201	149	1485

205	149	1511

212	149	1520

216	149	1533

201	150	1490

205	150	1508

212	150	1520

216	150	1536

201	151	1496

206	151	1504

212	151	1522

216	151	1542

202	152	1492

206	152	1520

211	152	1528

216	152	1549

201	153	1500

206	153	1517

211	153	1528

216	153	1554

202	154	1495

206	154	1516

208	154	1584

211	154	1526

216	154	1557

202	155	1502

207	155	1535

210	155	1523

216	155	1561

203	156	1504

208	156	1572

209	156	1491

215	156	1542

203	157	1507

216	157	1577

203	158	1511

215	158	1567

203	159	1516

214	159	1549

202	160	1541

214	160	1565

222	160	1562

223	160	1552

224	160	1568

200	161	1496

201	161	1504

213	161	1544

221	161	1545

224	161	1549

199	162	1494

213	162	1546

220	162	1547

224	162	1561

197	163	1554

198	163	1503

213	163	1548

219	163	1551

223	163	1547

196	164	1498

213	164	1553

219	164	1541

223	164	1573

196	165	1514

213	165	1554

218	165	1558

222	165	1549

194	166	1506

195	166	1499

213	166	1549

218	166	1541

222	166	1571

193	167	1508

214	167	1578

217	167	1548

221	167	1550

193	168	1516

215	168	1588

216	168	1570

221	168	1568

192	169	1507

220	169	1544

193	170	1516

220	170	1555

193	171	1517

220	171	1572

192	172	1540

219	172	1545

192	173	1543

219	173	1557

192	174	1531

218	174	1539

192	175	1550

218	175	1558

192	176	1551

217	176	1551

192	177	1551

216	177	1545

193	178	1527

216	178	1574

194	179	1521

215	179	1564

194	180	1541

214	180	1561

194	181	1567

213	181	1560

195	182	1551

211	182	1550

212	182	1571

196	183	1544

210	183	1571

196	184	1557

209	184	1582

195	185	1575

209	185	1608

196	186	1555

208	186	1588

196	187	1553

208	187	1603

196	188	1553

208	188	1620

196	189	1554

207	189	1600

196	190	1562

207	190	1615

195	191	1575

206	191	1605

195	192	1571

206	192	1617

195	193	1575

206	193	1625

195	194	1578

205	194	1606

195	195	1582

205	195	1613

194	196	1601

205	196	1622

194	197	1604

204	197	1610

194	198	1605

204	198	1616

194	199	1599

204	199	1624

193	200	1612

203	200	1614

193	201	1614

203	201	1619

193	202	1621

203	202	1625

194	203	1613

202	203	1622

194	204	1618

201	204	1620

194	205	1626

201	205	1626

195	206	1622

199	206	1622

200	206	1626

195	207	1625

198	207	1624

196	208	1627

197	208	1627

