162	163	1867

163	163	1869

162	164	1863

163	164	1862

162	165	1867

164	165	1867

173	165	1892

174	165	1896

163	166	1864

164	166	1870

173	166	1878

174	166	1884

162	167	1884

164	167	1869

172	167	1881

174	167	1883

162	168	1891

164	168	1868

172	168	1874

173	168	1874

163	169	1870

165	169	1878

172	169	1872

173	169	1875

163	170	1869

165	170	1876

171	170	1869

173	170	1876

163	171	1873

165	171	1876

171	171	1870

173	171	1879

163	172	1876

165	172	1874

170	172	1881

173	172	1881

162	173	1915

165	173	1872

170	173	1874

173	173	1887

163	174	1874

166	174	1879

169	174	1883

172	174	1876

163	175	1876

167	175	1914

169	175	1877

172	175	1880

163	176	1878

168	176	1882

172	176	1890

161	177	1862

162	177	1871

171	177	1880

160	178	1851

171	178	1887

159	179	1858

171	179	1888

159	180	1862

170	180	1872

158	181	1875

170	181	1872

158	182	1855

170	182	1871

156	183	1909

157	183	1866

170	183	1872

156	184	1891

171	184	1880

156	185	1880

171	185	1869

156	186	1871

172	186	1865

156	187	1872

173	187	1859

174	187	1865

177	187	1878

178	187	1880

179	187	1880

180	187	1878

181	187	1879

182	187	1885

183	187	1897

156	188	1875

175	188	1860

176	188	1865

178	188	1876

179	188	1879

180	188	1882

181	188	1885

182	188	1891

183	188	1900

184	188	1912

156	189	1879

175	189	1870

176	189	1879

177	189	1885

156	190	1873

173	190	1865

174	190	1877

156	191	1874

171	191	1861

172	191	1872

156	192	1876

169	192	1863

170	192	1875

156	193	1898

168	193	1869

157	194	1883

167	194	1869

157	195	1895

167	195	1892

157	196	1902

166	196	1883

197	196	1956

157	197	1898

166	197	1890

196	197	1957

197	197	1951

157	198	1892

166	198	1894

195	198	1957

197	198	1946

157	199	1884

166	199	1897

195	199	1953

197	199	1942

156	200	1899

166	200	1903

194	200	1958

197	200	1936

156	201	1896

166	201	1902

194	201	1957

197	201	1933

156	202	1900

166	202	1902

189	202	1959

190	202	1958

191	202	1959

192	202	1957

194	202	1952

197	202	1930

156	203	1902

166	203	1901

189	203	1959

193	203	1955

197	203	1929

156	204	1903

166	204	1903

189	204	1959

197	204	1924

156	205	1900

166	205	1903

190	205	1957

197	205	1921

156	206	1895

167	206	1932

189	206	1958

197	206	1917

156	207	1898

167	207	1941

189	207	1958

197	207	1912

155	208	1937

166	208	1919

190	208	1956

197	208	1907

155	209	1935

166	209	1919

190	209	1958

197	209	1903

155	210	1931

166	210	1923

191	210	1956

197	210	1901

155	211	1925

166	211	1928

191	211	1957

197	211	1897

155	212	1923

166	212	1933

192	212	1956

197	212	1893

155	213	1920

166	213	1938

193	213	1950

197	213	1890

155	214	1924

166	214	1933

193	214	1955

197	214	1888

155	215	1925

167	215	1952

193	215	1957

197	215	1886

155	216	1927

156	216	1906

157	216	1894

158	216	1889

159	216	1886

160	216	1886

161	216	1888

162	216	1890

163	216	1894

164	216	1900

165	216	1909

166	216	1923

167	216	1945

193	216	1959

194	216	1927

195	216	1904

196	216	1892

197	216	1883

