163	104	1295

164	104	1296

165	104	1303

162	105	1293

166	105	1301

162	106	1290

167	106	1302

162	107	1292

167	107	1303

180	107	1332

181	107	1332

162	108	1292

167	108	1300

179	108	1319

182	108	1336

163	109	1292

167	109	1299

178	109	1327

182	109	1328

163	110	1295

168	110	1312

178	110	1323

182	110	1328

163	111	1298

168	111	1312

178	111	1319

182	111	1328

163	112	1293

168	112	1308

177	112	1318

182	112	1330

163	113	1290

168	113	1306

177	113	1323

182	113	1334

164	114	1296

169	114	1307

177	114	1322

182	114	1339

164	115	1299

169	115	1310

177	115	1321

182	115	1341

164	116	1299

169	116	1307

176	116	1326

181	116	1328

164	117	1304

170	117	1300

176	117	1326

181	117	1333

164	118	1307

170	118	1322

176	118	1323

181	118	1336

164	119	1310

171	119	1330

172	119	1360

175	119	1325

181	119	1339

164	120	1309

171	120	1343

175	120	1323

181	120	1345

164	121	1314

171	121	1337

174	121	1297

181	121	1353

165	122	1308

172	122	1362

174	122	1325

180	122	1335

165	123	1314

172	123	1341

174	123	1326

180	123	1340

165	124	1320

173	124	1329

180	124	1341

165	125	1321

180	125	1345

165	126	1325

180	126	1347

162	127	1280

163	127	1308

164	127	1333

180	127	1351

161	128	1298

180	128	1350

159	129	1306

160	129	1306

181	129	1333

158	130	1343

180	130	1349

157	131	1332

180	131	1328

185	131	1378

186	131	1370

187	131	1370

188	131	1357

189	131	1352

190	131	1343

191	131	1340

192	131	1341

193	131	1347

194	131	1360

195	131	1386

156	132	1328

180	132	1311

183	132	1318

184	132	1357

196	132	1358

156	133	1307

181	133	1359

182	133	1365

197	133	1365

198	133	1400

154	134	1315

155	134	1310

197	134	1368

198	134	1368

154	135	1320

195	135	1367

196	135	1383

154	136	1310

194	136	1378

154	137	1320

191	137	1353

192	137	1366

193	137	1363

154	138	1316

190	138	1363

154	139	1314

188	139	1351

189	139	1362

153	140	1341

187	140	1352

153	141	1338

186	141	1348

154	142	1303

186	142	1356

153	143	1331

154	143	1314

185	143	1357

155	144	1312

184	144	1357

154	145	1348

183	145	1360

154	146	1353

182	146	1360

155	147	1328

181	147	1357

154	148	1369

180	148	1355

155	149	1341

179	149	1352

155	150	1335

178	150	1355

156	151	1345

177	151	1363

157	152	1329

176	152	1364

156	153	1334

176	153	1372

156	154	1341

175	154	1359

156	155	1326

175	155	1365

155	156	1333

175	156	1371

155	157	1337

175	157	1377

154	158	1303

156	158	1327

174	158	1368

153	159	1288

155	159	1320

174	159	1374

153	160	1307

174	160	1380

152	161	1304

154	161	1331

174	161	1386

152	162	1309

153	162	1338

174	162	1382

152	163	1311

174	163	1367

152	164	1329

173	164	1392

153	165	1333

173	165	1396

151	166	1349

152	166	1340

173	166	1397

150	167	1313

173	167	1399

151	168	1358

173	168	1400

150	169	1357

172	169	1397

150	170	1333

172	170	1402

151	171	1339

172	171	1407

148	172	1322

149	172	1335

150	172	1335

171	172	1402

148	173	1334

171	173	1404

148	174	1348

171	174	1406

147	175	1392

149	175	1345

171	175	1411

147	176	1353

148	176	1362

171	176	1411

148	177	1357

171	177	1412

148	178	1356

170	178	1412

147	179	1359

169	179	1405

147	180	1353

148	180	1351

149	180	1349

150	180	1349

151	180	1348

152	180	1348

153	180	1347

154	180	1347

155	180	1346

156	180	1347

157	180	1347

158	180	1347

159	180	1346

160	180	1348

161	180	1351

162	180	1353

163	180	1355

164	180	1359

165	180	1367

166	180	1377

167	180	1385

168	180	1396

169	180	1409

