171	152	1727

169	153	1723

170	153	1720

172	153	1735

170	154	1723

172	154	1730

170	155	1729

172	155	1727

182	155	1752

183	155	1749

184	155	1750

171	156	1725

173	156	1733

182	156	1748

184	156	1749

171	157	1728

173	157	1732

182	157	1749

184	157	1750

171	158	1734

173	158	1731

181	158	1745

184	158	1748

171	159	1738

173	159	1729

181	159	1746

183	159	1744

171	160	1742

174	160	1735

181	160	1743

183	160	1744

171	161	1743

174	161	1736

180	161	1744

183	161	1745

171	162	1717

174	162	1738

180	162	1752

183	162	1747

171	163	1767

175	163	1747

180	163	1752

183	163	1751

172	164	1744

175	164	1746

179	164	1758

183	164	1758

172	165	1745

176	165	1767

179	165	1754

182	165	1752

172	166	1745

177	166	1786

178	166	1754

182	166	1757

172	167	1736

182	167	1759

171	168	1726

182	168	1767

170	169	1714

181	169	1755

169	170	1721

181	170	1759

169	171	1726

181	171	1759

169	172	1730

181	172	1759

168	173	1729

181	173	1756

167	174	1729

181	174	1754

166	175	1744

182	175	1751

188	175	1755

189	175	1757

190	175	1761

191	175	1763

192	175	1762

193	175	1765

194	175	1771

195	175	1780

165	176	1766

183	176	1749

184	176	1763

185	176	1760

186	176	1755

187	176	1750

192	176	1765

193	176	1770

166	177	1734

191	177	1772

165	178	1737

189	178	1767

190	178	1777

165	179	1740

188	179	1763

166	180	1737

187	180	1764

166	181	1748

185	181	1750

186	181	1763

166	182	1762

184	182	1757

166	183	1747

183	183	1756

167	184	1740

182	184	1754

167	185	1745

180	185	1740

181	185	1758

167	186	1758

179	186	1749

167	187	1771

179	187	1775

167	188	1769

178	188	1772

167	189	1765

178	189	1783

167	190	1765

177	190	1765

167	191	1766

177	191	1776

167	192	1771

177	192	1786

167	193	1775

177	193	1795

167	194	1780

177	194	1803

167	195	1791

177	195	1810

168	196	1774

177	196	1814

168	197	1784

177	197	1818

168	198	1793

177	198	1823

168	199	1804

177	199	1827

168	200	1809

177	200	1830

168	201	1815

177	201	1835

168	202	1820

176	202	1823

168	203	1824

176	203	1831

168	204	1827

176	204	1832

168	205	1832

176	205	1832

168	206	1837

176	206	1833

169	207	1826

175	207	1833

169	208	1830

173	208	1831

174	208	1833

169	209	1838

170	209	1830

171	209	1833

172	209	1834

