156	96	1200

154	97	1192

155	97	1184

157	97	1186

158	97	1202

154	98	1183

159	98	1213

171	98	1216

172	98	1212

173	98	1216

174	98	1228

154	99	1183

159	99	1197

171	99	1212

175	99	1236

154	100	1187

159	100	1190

170	100	1222

175	100	1230

154	101	1194

160	101	1204

170	101	1222

175	101	1230

155	102	1191

160	102	1197

170	102	1222

175	102	1230

155	103	1199

161	103	1210

170	103	1223

175	103	1232

156	104	1191

161	104	1206

170	104	1224

175	104	1235

156	105	1197

161	105	1201

170	105	1222

175	105	1237

156	106	1201

162	106	1212

170	106	1221

175	106	1235

156	107	1206

162	107	1206

170	107	1219

175	107	1234

157	108	1199

163	108	1201

170	108	1219

175	108	1235

157	109	1203

163	109	1209

169	109	1229

175	109	1236

157	110	1202

164	110	1213

169	110	1232

175	110	1237

157	111	1202

164	111	1220

169	111	1234

175	111	1238

157	112	1207

165	112	1257

169	112	1229

175	112	1241

158	113	1208

165	113	1245

169	113	1228

175	113	1243

158	114	1211

165	114	1230

169	114	1227

175	114	1243

158	115	1215

165	115	1225

169	115	1228

175	115	1244

159	116	1210

165	116	1226

169	116	1226

175	116	1246

159	117	1215

165	117	1227

169	117	1228

175	117	1249

159	118	1206

166	118	1236

168	118	1225

175	118	1250

159	119	1218

167	119	1233

175	119	1252

158	120	1214

175	120	1252

189	120	1248

190	120	1243

191	120	1252

157	121	1234

175	121	1250

186	121	1253

187	121	1238

188	121	1230

192	121	1241

156	122	1230

175	122	1246

183	122	1275

184	122	1247

185	122	1238

193	122	1262

155	123	1218

175	123	1243

181	123	1292

182	123	1263

192	123	1250

155	124	1195

176	124	1250

179	124	1293

180	124	1283

191	124	1250

154	125	1205

177	125	1263

178	125	1269

190	125	1247

152	126	1213

153	126	1224

189	126	1246

152	127	1213

188	127	1245

151	128	1214

188	128	1266

150	129	1225

188	129	1297

150	130	1211

188	130	1285

150	131	1208

187	131	1282

149	132	1220

186	132	1280

150	133	1212

185	133	1258

150	134	1211

185	134	1260

150	135	1210

184	135	1267

147	136	1206

148	136	1239

149	136	1218

183	136	1268

148	137	1225

150	137	1215

182	137	1269

149	138	1264

181	138	1262

149	139	1285

180	139	1249

149	140	1247

180	140	1271

150	141	1233

179	141	1256

150	142	1238

179	142	1277

150	143	1244

178	143	1272

151	144	1244

177	144	1268

151	145	1262

152	145	1234

176	145	1265

153	146	1229

175	146	1266

152	147	1248

175	147	1275

153	148	1286

175	148	1274

154	149	1259

175	149	1272

153	150	1303

174	150	1261

153	151	1272

174	151	1266

154	152	1267

174	152	1269

155	153	1240

174	153	1276

154	154	1251

174	154	1284

155	155	1234

174	155	1290

154	156	1245

174	156	1291

154	157	1258

175	157	1307

152	158	1314

153	158	1280

175	158	1304

152	159	1296

174	159	1295

152	160	1268

174	160	1296

152	161	1251

175	161	1312

153	162	1239

174	162	1303

153	163	1243

174	163	1310

153	164	1247

174	164	1313

153	165	1251

174	165	1309

152	166	1260

175	166	1315

153	167	1247

174	167	1311

152	168	1217

173	168	1301

153	169	1252

173	169	1304

152	170	1216

173	170	1307

152	171	1226

173	171	1310

152	172	1247

153	172	1252

154	172	1252

155	172	1253

156	172	1250

157	172	1250

158	172	1251

159	172	1252

160	172	1252

161	172	1253

162	172	1254

163	172	1255

164	172	1256

165	172	1256

166	172	1261

167	172	1264

168	172	1268

169	172	1270

170	172	1275

171	172	1283

172	172	1295

173	172	1312

