188	157	1719

189	157	1718

190	157	1725

187	158	1726

190	158	1725

187	159	1723

191	159	1731

188	160	1735

191	160	1727

189	161	1727

191	161	1723

174	162	1694

175	162	1685

176	162	1684

177	162	1690

178	162	1700

189	162	1732

192	162	1730

175	163	1690

179	163	1700

189	163	1733

192	163	1728

176	164	1690

180	164	1700

189	164	1735

193	164	1735

176	165	1700

177	165	1693

181	165	1700

190	165	1726

193	165	1731

178	166	1698

182	166	1697

190	166	1725

193	166	1728

179	167	1708

183	167	1703

184	167	1713

189	167	1747

193	167	1726

180	168	1706

185	168	1719

189	168	1745

194	168	1735

204	168	1708

205	168	1713

181	169	1708

186	169	1720

190	169	1731

194	169	1735

203	169	1711

205	169	1716

182	170	1716

187	170	1724

188	170	1740

189	170	1740

194	170	1733

202	170	1720

205	170	1719

183	171	1718

195	171	1737

202	171	1715

204	171	1712

183	172	1731

195	172	1730

201	172	1729

204	172	1714

184	173	1717

196	173	1735

200	173	1727

204	173	1716

184	174	1704

197	174	1743

200	174	1721

204	174	1719

185	175	1734

198	175	1733

200	175	1717

204	175	1722

183	176	1733

184	176	1712

199	176	1726

204	176	1723

183	177	1705

204	177	1724

182	178	1698

204	178	1723

182	179	1698

204	179	1724

183	180	1700

204	180	1730

182	181	1706

204	181	1734

181	182	1720

204	182	1744

182	183	1705

203	183	1731

181	184	1736

203	184	1739

182	185	1726

202	185	1730

182	186	1730

202	186	1733

182	187	1732

202	187	1740

182	188	1739

201	188	1731

183	189	1732

201	189	1748

183	190	1707

200	190	1746

184	191	1729

200	191	1758

185	192	1742

200	192	1761

186	193	1737

187	193	1732

201	193	1781

188	194	1733

201	194	1783

189	195	1745

202	195	1806

190	196	1759

202	196	1806

190	197	1758

202	197	1804

191	198	1743

202	198	1802

191	199	1747

203	199	1819

192	200	1758

203	200	1811

191	201	1789

203	201	1810

192	202	1777

203	202	1807

192	203	1777

203	203	1806

193	204	1771

204	204	1817

193	205	1784

204	205	1815

193	206	1803

204	206	1810

194	207	1799

205	207	1818

194	208	1803

205	208	1815

194	209	1812

205	209	1815

195	210	1804

206	210	1821

196	211	1804

206	211	1820

237	211	1822

196	212	1812

206	212	1818

237	212	1822

197	213	1810

206	213	1816

198	214	1811

206	214	1816

237	214	1821

198	215	1822

206	215	1819

237	215	1819

199	216	1821

204	216	1818

205	216	1821

237	216	1817

200	217	1820

203	217	1821

237	217	1814

201	218	1819

202	218	1818

203	218	1822

236	218	1820

237	218	1810

225	219	1822

236	219	1817

237	219	1808

236	220	1817

237	220	1808

236	221	1817

237	221	1809

236	222	1814

237	222	1807

236	223	1811

237	223	1806

235	224	1819

237	224	1805

235	225	1818

237	225	1806

234	226	1822

237	226	1803

234	227	1819

235	227	1814

236	227	1808

237	227	1803

