190	156	1713

191	156	1715

189	157	1711

192	157	1714

189	158	1709

192	158	1710

190	159	1713

193	159	1717

190	160	1714

193	160	1713

178	161	1675

179	161	1674

180	161	1676

181	161	1682

191	161	1713

194	161	1720

178	162	1680

182	162	1686

190	162	1716

194	162	1713

179	163	1688

183	163	1690

191	163	1718

194	163	1713

179	164	1684

184	164	1691

191	164	1724

195	164	1722

180	165	1683

185	165	1697

192	165	1721

195	165	1722

181	166	1708

186	166	1706

191	166	1727

195	166	1725

182	167	1702

187	167	1708

191	167	1722

195	167	1726

205	167	1706

183	168	1707

188	168	1712

191	168	1719

196	168	1734

204	168	1701

205	168	1703

183	169	1728

189	169	1712

190	169	1747

196	169	1729

203	169	1706

205	169	1703

184	170	1717

196	170	1725

203	170	1702

205	170	1701

185	171	1710

197	171	1729

202	171	1711

205	171	1709

186	172	1709

197	172	1724

202	172	1714

205	172	1709

186	173	1692

198	173	1733

201	173	1718

205	173	1712

186	174	1715

199	174	1734

200	174	1743

205	174	1709

185	175	1703

205	175	1713

184	176	1699

205	176	1715

184	177	1695

205	177	1714

184	178	1695

205	178	1712

184	179	1703

205	179	1714

183	180	1703

205	180	1720

183	181	1700

205	181	1723

183	182	1704

205	182	1726

183	183	1710

204	183	1718

183	184	1715

204	184	1722

183	185	1722

204	185	1734

183	186	1732

203	186	1728

184	187	1722

203	187	1735

184	188	1723

203	188	1739

185	189	1716

202	189	1741

185	190	1733

202	190	1763

186	191	1735

201	191	1754

187	192	1735

202	192	1773

188	193	1737

202	193	1772

189	194	1744

203	194	1802

190	195	1758

203	195	1804

191	196	1752

203	196	1800

192	197	1748

203	197	1800

192	198	1749

204	198	1816

193	199	1749

204	199	1811

193	200	1754

204	200	1805

193	201	1760

204	201	1802

193	202	1766

204	202	1802

194	203	1762

204	203	1805

194	204	1773

204	204	1802

194	205	1789

205	205	1814

194	206	1795

205	206	1809

195	207	1786

205	207	1806

195	208	1803

206	208	1814

196	209	1791

206	209	1812

196	210	1795

206	210	1811

196	211	1797

206	211	1810

197	212	1795

206	212	1810

197	213	1813

198	213	1806

206	213	1812

199	214	1809

206	214	1814

199	215	1811

206	215	1815

200	216	1811

205	216	1812

201	217	1813

202	217	1810

204	217	1812

203	218	1816

