185	119	1193

186	119	1179

187	119	1179

188	119	1191

185	120	1181

189	120	1193

185	121	1179

189	121	1183

185	122	1180

190	122	1192

185	123	1184

190	123	1189

185	124	1196

191	124	1207

186	125	1183

191	125	1201

169	126	1155

170	126	1150

171	126	1150

172	126	1163

173	126	1183

186	126	1192

191	126	1193

168	127	1147

173	127	1160

174	127	1179

186	127	1197

192	127	1211

167	128	1149

173	128	1146

175	128	1181

179	128	1297

186	128	1204

192	128	1201

167	129	1145

174	129	1150

176	129	1196

180	129	1260

181	129	1240

183	129	1260

186	129	1205

192	129	1198

167	130	1154

174	130	1146

176	130	1166

183	130	1250

186	130	1203

193	130	1208

168	131	1151

174	131	1147

177	131	1173

183	131	1236

184	131	1267

186	131	1208

194	131	1240

169	132	1157

170	132	1146

173	132	1144

178	132	1181

179	132	1199

183	132	1243

186	132	1223

194	132	1210

170	133	1161

171	133	1147

172	133	1147

180	133	1200

181	133	1224

182	133	1245

183	133	1252

187	133	1203

195	133	1250

171	134	1162

172	134	1154

184	134	1246

187	134	1209

195	134	1247

173	135	1161

184	135	1247

185	135	1239

186	135	1242

194	135	1215

173	136	1171

183	136	1236

187	136	1214

195	136	1249

205	136	1258

206	136	1212

207	136	1203

208	136	1201

209	136	1206

210	136	1220

174	137	1175

183	137	1213

188	137	1200

196	137	1297

205	137	1220

210	137	1205

175	138	1175

183	138	1195

188	138	1202

197	138	1293

205	138	1206

211	138	1249

176	139	1174

184	139	1226

188	139	1201

196	139	1261

197	139	1289

204	139	1217

210	139	1211

177	140	1172

184	140	1204

188	140	1198

195	140	1222

203	140	1237

210	140	1223

177	141	1182

185	141	1226

187	141	1215

195	141	1219

203	141	1234

210	141	1231

177	142	1211

186	142	1207

196	142	1244

204	142	1210

210	142	1228

178	143	1200

196	143	1229

204	143	1209

210	143	1242

177	144	1288

197	144	1252

204	144	1210

209	144	1211

177	145	1262

197	145	1237

204	145	1212

209	145	1215

178	146	1254

179	146	1256

198	146	1254

204	146	1210

209	146	1219

178	147	1282

180	147	1274

198	147	1229

203	147	1227

209	147	1221

179	148	1259

199	148	1256

203	148	1220

209	148	1224

179	149	1219

199	149	1227

203	149	1217

209	149	1228

178	150	1214

200	150	1234

203	150	1215

209	150	1230

175	151	1301

177	151	1247

201	151	1220

202	151	1218

209	151	1233

175	152	1279

176	152	1279

209	152	1237

175	153	1282

209	153	1237

175	154	1229

209	154	1239

174	155	1218

209	155	1245

174	156	1223

209	156	1259

174	157	1215

208	157	1232

173	158	1275

208	158	1242

174	159	1218

208	159	1258

174	160	1220

207	160	1232

174	161	1238

207	161	1242

174	162	1236

207	162	1259

174	163	1230

206	163	1237

175	164	1203

206	164	1248

175	165	1221

206	165	1266

175	166	1233

205	166	1239

175	167	1267

205	167	1260

176	168	1234

204	168	1247

177	169	1224

203	169	1246

177	170	1274

202	170	1255

178	171	1250

201	171	1261

178	172	1282

179	172	1244

201	172	1281

180	173	1259

201	173	1286

180	174	1292

181	174	1279

201	174	1289

182	175	1293

201	175	1293

182	176	1302

201	176	1301

183	177	1292

200	177	1285

184	178	1276

200	178	1293

184	179	1290

200	179	1299

185	180	1281

200	180	1303

185	181	1268

199	181	1293

185	182	1264

199	182	1295

185	183	1264

199	183	1297

185	184	1268

199	184	1300

184	185	1280

198	185	1293

184	186	1265

198	186	1298

185	187	1242

198	187	1300

185	188	1246

198	188	1303

184	189	1278

197	189	1297

185	190	1283

196	190	1300

197	190	1303

185	191	1298

186	191	1292

195	191	1302

187	192	1303

188	192	1300

193	192	1299

194	192	1303

189	193	1299

192	193	1300

190	194	1303

191	194	1302

