160	104	1291

161	104	1284

162	104	1285

163	104	1292

159	105	1290

164	105	1298

159	106	1281

164	106	1294

160	107	1286

164	107	1290

176	107	1323

177	107	1311

178	107	1312

179	107	1322

160	108	1289

165	108	1303

176	108	1310

180	108	1334

160	109	1292

165	109	1301

175	109	1313

180	109	1331

160	110	1282

165	110	1299

175	110	1313

180	110	1330

161	111	1292

165	111	1296

175	111	1312

180	111	1328

161	112	1294

166	112	1305

175	112	1312

179	112	1318

161	113	1295

166	113	1304

174	113	1308

179	113	1322

161	114	1297

166	114	1303

174	114	1318

179	114	1325

161	115	1299

167	115	1310

174	115	1316

179	115	1330

161	116	1303

167	116	1308

174	116	1314

179	116	1331

161	117	1297

167	117	1308

173	117	1323

179	117	1333

161	118	1291

168	118	1287

169	118	1324

170	118	1360

173	118	1322

179	118	1338

162	119	1302

169	119	1342

173	119	1320

178	119	1327

162	120	1305

169	120	1347

172	120	1325

178	120	1332

162	121	1308

169	121	1341

172	121	1321

178	121	1336

162	122	1285

169	122	1326

172	122	1321

178	122	1339

163	123	1309

170	123	1297

172	123	1322

178	123	1342

163	124	1311

171	124	1329

178	124	1343

163	125	1314

178	125	1333

162	126	1353

178	126	1344

159	127	1285

160	127	1303

161	127	1309

178	127	1346

158	128	1301

179	128	1318

157	129	1315

178	129	1355

156	130	1340

178	130	1363

183	130	1353

184	130	1351

185	130	1339

186	130	1354

187	130	1342

188	130	1341

189	130	1336

190	130	1338

191	130	1339

192	130	1350

154	131	1289

155	131	1294

177	131	1340

181	131	1360

182	131	1371

193	131	1337

194	131	1355

154	132	1286

178	132	1355

179	132	1339

180	132	1368

195	132	1367

153	133	1294

195	133	1370

151	134	1330

152	134	1316

192	134	1351

193	134	1368

194	134	1381

195	134	1374

152	135	1327

191	135	1357

152	136	1318

189	136	1350

190	136	1360

191	136	1361

152	137	1315

187	137	1346

188	137	1360

151	138	1328

186	138	1350

151	139	1325

185	139	1350

152	140	1306

184	140	1348

152	141	1308

183	141	1347

152	142	1312

182	142	1344

152	143	1315

182	143	1350

152	144	1322

181	144	1341

152	145	1323

180	145	1349

152	146	1328

179	146	1351

152	147	1294

178	147	1352

153	148	1313

177	148	1349

153	149	1337

176	149	1347

153	150	1364

175	150	1352

153	151	1365

174	151	1360

154	152	1337

174	152	1365

153	153	1392

173	153	1356

154	154	1337

173	154	1359

154	155	1326

173	155	1366

153	156	1317

173	156	1368

152	157	1304

173	157	1376

152	158	1364

172	158	1371

151	159	1355

172	159	1377

151	160	1337

172	160	1382

152	161	1331

172	161	1387

151	162	1350

172	162	1391

150	163	1385

172	163	1389

150	164	1360

172	164	1369

150	165	1333

171	165	1392

150	166	1334

171	166	1397

150	167	1340

171	167	1403

150	168	1342

171	168	1399

149	169	1344

170	169	1395

149	170	1342

170	170	1399

148	171	1351

170	171	1402

148	172	1350

170	172	1402

148	173	1353

170	173	1399

147	174	1345

169	174	1404

170	174	1402

146	175	1321

168	175	1403

170	175	1398

147	176	1349

168	176	1406

146	177	1361

168	177	1408

146	178	1339

168	178	1409

146	179	1347

147	179	1346

148	179	1342

149	179	1346

150	179	1345

151	179	1346

152	179	1344

153	179	1345

154	179	1343

155	179	1343

156	179	1340

157	179	1340

158	179	1341

159	179	1345

160	179	1348

161	179	1353

162	179	1356

163	179	1362

164	179	1367

165	179	1375

166	179	1384

167	179	1397

