206	148	1636

207	148	1640

206	149	1638

207	149	1641

193	150	1597

194	150	1600

206	150	1639

208	150	1645

193	151	1600

195	151	1611

206	151	1645

208	151	1648

193	152	1603

196	152	1618

206	152	1647

208	152	1649

193	153	1606

197	153	1619

206	153	1644

208	153	1648

193	154	1616

197	154	1619

206	154	1643

209	154	1649

194	155	1607

198	155	1622

206	155	1643

209	155	1650

195	156	1618

199	156	1625

206	156	1645

209	156	1649

195	157	1625

200	157	1628

206	157	1644

209	157	1652

196	158	1626

200	158	1629

206	158	1645

209	158	1652

196	159	1636

201	159	1632

202	159	1641

205	159	1656

209	159	1655

196	160	1637

203	160	1661

204	160	1700

209	160	1655

219	160	1646

197	161	1621

209	161	1657

217	161	1644

218	161	1638

219	161	1641

198	162	1640

209	162	1656

216	162	1646

219	162	1643

198	163	1643

210	163	1662

216	163	1639

219	163	1647

199	164	1650

211	164	1671

216	164	1637

219	164	1650

199	165	1647

212	165	1669

215	165	1647

219	165	1649

198	166	1639

212	166	1692

215	166	1646

218	166	1645

197	167	1628

213	167	1689

215	167	1645

218	167	1649

196	168	1627

214	168	1653

218	168	1650

196	169	1624

219	169	1636

196	170	1633

218	170	1652

196	171	1627

219	171	1663

220	171	1708

195	172	1620

219	172	1673

195	173	1617

219	173	1690

194	174	1633

218	174	1664

194	175	1644

218	175	1676

194	176	1643

218	176	1689

193	177	1592

217	177	1678

194	178	1654

217	178	1694

194	179	1664

217	179	1706

194	180	1654

217	180	1714

194	181	1648

216	181	1700

195	182	1647

216	182	1725

196	183	1642

215	183	1701

196	184	1634

214	184	1690

215	184	1703

197	185	1629

213	185	1698

198	186	1662

212	186	1696

199	187	1662

213	187	1717

199	188	1689

213	188	1735

200	189	1670

213	189	1744

201	190	1669

212	190	1724

201	191	1672

212	191	1727

201	192	1675

212	192	1729

201	193	1683

212	193	1732

201	194	1687

212	194	1736

202	195	1685

212	195	1739

201	196	1682

212	196	1742

202	197	1691

212	197	1739

202	198	1700

212	198	1740

202	199	1710

212	199	1742

202	200	1720

212	200	1744

202	201	1727

212	201	1743

202	202	1733

212	202	1742

203	203	1724

212	203	1740

203	204	1728

212	204	1741

203	205	1733

213	205	1750

203	206	1739

213	206	1750

203	207	1746

212	207	1747

204	208	1736

212	208	1746

204	209	1744

212	209	1749

205	210	1743

211	210	1748

212	210	1749

205	211	1747

210	211	1747

206	212	1749

207	212	1747

208	212	1747

209	212	1749

210	212	1750

