131	98	1202

132	98	1200

133	98	1204

134	98	1211

149	98	1232

150	98	1230

151	98	1231

130	99	1202

135	99	1216

148	99	1226

152	99	1224

130	100	1201

135	100	1210

148	100	1221

152	100	1233

130	101	1204

136	101	1218

147	101	1231

152	101	1236

131	102	1200

136	102	1213

147	102	1225

152	102	1235

131	103	1203

137	103	1219

147	103	1222

152	103	1236

132	104	1203

137	104	1217

147	104	1223

152	104	1235

132	105	1211

138	105	1224

147	105	1226

152	105	1235

132	106	1187

138	106	1222

147	106	1227

152	106	1235

133	107	1213

139	107	1224

147	107	1229

152	107	1237

133	108	1213

139	108	1222

147	108	1229

152	108	1238

133	109	1209

140	109	1232

147	109	1231

152	109	1236

134	110	1214

140	110	1231

147	110	1233

153	110	1243

134	111	1217

141	111	1237

147	111	1232

153	111	1249

134	112	1195

141	112	1236

147	112	1232

153	112	1251

135	113	1221

142	113	1245

143	113	1241

146	113	1234

153	113	1250

135	114	1226

142	114	1242

146	114	1236

153	114	1250

136	115	1221

143	115	1254

146	115	1236

153	115	1252

136	116	1223

144	116	1263

146	116	1233

153	116	1254

137	117	1222

144	117	1259

146	117	1226

153	117	1256

137	118	1223

144	118	1249

146	118	1223

153	118	1256

137	119	1227

145	119	1226

153	119	1257

136	120	1272

153	120	1253

167	120	1248

168	120	1250

135	121	1298

153	121	1253

163	121	1246

164	121	1239

165	121	1232

166	121	1230

169	121	1236

170	121	1253

134	122	1201

153	122	1251

160	122	1281

161	122	1248

162	122	1232

170	122	1250

133	123	1209

153	123	1252

158	123	1254

159	123	1254

170	123	1257

133	124	1202

154	124	1253

156	124	1280

157	124	1235

168	124	1252

169	124	1260

130	125	1214

131	125	1212

132	125	1200

155	125	1284

167	125	1253

130	126	1229

166	126	1248

129	127	1231

165	127	1247

128	128	1220

165	128	1256

128	129	1204

164	129	1255

127	130	1221

163	130	1253

128	131	1215

162	131	1247

127	132	1230

162	132	1259

128	133	1232

161	133	1252

128	134	1229

161	134	1266

128	135	1233

160	135	1255

127	136	1252

159	136	1250

127	137	1247

159	137	1263

128	138	1248

158	138	1258

129	139	1226

157	139	1255

128	140	1254

157	140	1265

129	141	1240

156	141	1259

129	142	1249

156	142	1255

129	143	1279

155	143	1267

129	144	1271

154	144	1264

130	145	1254

154	145	1282

131	146	1254

154	146	1290

132	147	1242

154	147	1270

132	148	1268

154	148	1283

133	149	1282

154	149	1297

134	150	1243

154	150	1296

134	151	1246

154	151	1295

133	152	1292

154	152	1299

134	153	1269

154	153	1297

134	154	1260

155	154	1300

133	155	1235

135	155	1244

155	155	1303

134	156	1248

156	156	1304

134	157	1262

156	157	1319

134	158	1264

156	158	1324

134	159	1252

156	159	1321

135	160	1254

156	160	1318

135	161	1260

157	161	1320

135	162	1260

156	162	1324

134	163	1273

155	163	1314

135	164	1258

155	164	1316

135	165	1258

155	165	1315

135	166	1268

155	166	1314

135	167	1276

155	167	1312

135	168	1285

155	168	1313

135	169	1285

155	169	1312

134	170	1273

135	170	1255

155	170	1312

136	171	1260

155	171	1313

136	172	1270

155	172	1315

137	173	1280

156	173	1324

136	174	1288

155	174	1316

135	175	1322

155	175	1313

136	176	1277

155	176	1313

136	177	1296

137	177	1284

138	177	1287

139	177	1289

140	177	1287

141	177	1286

142	177	1285

143	177	1285

144	177	1286

145	177	1287

146	177	1286

147	177	1285

148	177	1287

149	177	1292

150	177	1295

151	177	1298

152	177	1299

153	177	1303

154	177	1307

155	177	1314

156	177	1324

