159	103	1283

160	103	1284

161	103	1283

162	103	1287

159	104	1279

163	104	1285

159	105	1278

164	105	1288

159	106	1277

164	106	1295

176	106	1319

177	106	1314

178	106	1319

159	107	1282

164	107	1294

176	107	1306

179	107	1319

159	108	1277

164	108	1292

175	108	1312

179	108	1312

160	109	1288

165	109	1307

175	109	1307

179	109	1313

160	110	1289

165	110	1301

175	110	1304

179	110	1316

160	111	1287

165	111	1296

174	111	1310

179	111	1321

160	112	1289

165	112	1294

174	112	1308

179	112	1323

160	113	1284

166	113	1303

174	113	1310

179	113	1328

160	114	1277

166	114	1300

173	114	1301

178	114	1312

161	115	1288

166	115	1302

173	115	1314

178	115	1317

161	116	1293

167	116	1300

173	116	1313

178	116	1322

161	117	1295

167	117	1307

173	117	1313

178	117	1325

161	118	1298

168	118	1314

172	118	1319

178	118	1328

161	119	1301

169	119	1335

172	119	1318

178	119	1335

161	120	1305

169	120	1332

171	120	1312

178	120	1338

162	121	1298

169	121	1335

171	121	1319

178	121	1329

162	122	1303

169	122	1337

171	122	1314

177	122	1326

162	123	1305

170	123	1284

177	123	1332

163	124	1306

177	124	1338

162	125	1325

177	125	1344

160	126	1315

161	126	1327

177	126	1342

158	127	1297

159	127	1284

177	127	1336

157	128	1299

178	128	1315

156	129	1313

178	129	1303

156	130	1302

177	130	1331

181	130	1350

182	130	1353

183	130	1334

184	130	1345

185	130	1342

186	130	1332

187	130	1323

188	130	1323

189	130	1321

190	130	1322

191	130	1326

192	130	1338

153	131	1304

154	131	1294

155	131	1292

177	131	1336

179	131	1291

180	131	1366

193	131	1336

194	131	1369

152	132	1293

178	132	1327

195	132	1372

151	133	1267

194	133	1355

150	134	1295

191	134	1347

192	134	1359

193	134	1361

150	135	1318

190	135	1353

151	136	1303

188	136	1347

189	136	1357

190	136	1336

151	137	1302

186	137	1339

187	137	1352

151	138	1301

185	138	1341

150	139	1301

184	139	1340

150	140	1272

183	140	1336

151	141	1295

182	141	1332

151	142	1306

182	142	1339

152	143	1301

181	143	1344

151	144	1341

180	144	1341

151	145	1337

179	145	1348

152	146	1341

178	146	1348

152	147	1336

177	147	1343

151	148	1310

153	148	1319

176	148	1338

152	149	1311

153	149	1299

175	149	1343

154	150	1317

174	150	1353

152	151	1297

153	151	1331

173	151	1356

152	152	1323

173	152	1363

153	153	1337

173	153	1369

152	154	1360

172	154	1354

152	155	1350

172	155	1357

153	156	1324

172	156	1364

152	157	1332

172	157	1368

152	158	1321

172	158	1373

151	159	1334

171	159	1371

151	160	1327

171	160	1376

150	161	1341

171	161	1377

149	162	1331

171	162	1377

149	163	1329

171	163	1380

150	164	1331

171	164	1386

148	165	1321

149	165	1340

171	165	1392

147	166	1277

149	166	1334

170	166	1389

149	167	1337

170	167	1393

148	168	1328

170	168	1396

148	169	1326

170	169	1398

147	170	1357

169	170	1392

147	171	1353

170	171	1365

147	172	1349

169	172	1399

147	173	1338

169	173	1403

146	174	1328

168	174	1397

146	175	1335

168	175	1400

145	176	1328

168	176	1402

146	177	1327

167	177	1397

145	178	1340

146	178	1335

147	178	1339

148	178	1342

149	178	1341

150	178	1339

151	178	1338

152	178	1337

153	178	1338

154	178	1338

155	178	1338

156	178	1336

157	178	1337

158	178	1339

159	178	1342

160	178	1343

161	178	1346

162	178	1352

163	178	1359

164	178	1365

165	178	1373

166	178	1383

167	178	1400

