163	108	1182

161	109	1184

162	109	1168

164	109	1168

165	109	1183

161	110	1171

166	110	1189

178	110	1217

179	110	1209

180	110	1216

161	111	1170

166	111	1179

177	111	1216

181	111	1214

161	112	1174

166	112	1174

177	112	1203

181	112	1206

161	113	1180

167	113	1192

177	113	1202

181	113	1205

161	114	1180

167	114	1185

177	114	1200

181	114	1203

162	115	1176

167	115	1184

177	115	1201

181	115	1203

162	116	1185

168	116	1195

176	116	1216

181	116	1202

162	117	1190

168	117	1191

176	117	1212

181	117	1207

163	118	1181

168	118	1187

176	118	1207

181	118	1210

163	119	1184

169	119	1197

176	119	1205

181	119	1212

163	120	1184

169	120	1193

176	120	1207

181	120	1212

163	121	1188

170	121	1191

176	121	1209

181	121	1213

163	122	1194

170	122	1205

176	122	1207

181	122	1215

163	123	1200

171	123	1241

175	123	1206

181	123	1217

164	124	1188

171	124	1225

175	124	1214

181	124	1221

164	125	1194

172	125	1226

173	125	1225

174	125	1216

181	125	1224

164	126	1199

181	126	1225

164	127	1204

181	127	1224

165	128	1196

182	128	1248

165	129	1202

182	129	1244

165	130	1206

182	130	1253

165	131	1213

182	131	1257

163	132	1261

164	132	1236

181	132	1238

162	133	1251

182	133	1259

193	133	1263

194	133	1258

195	133	1247

196	133	1257

161	134	1209

182	134	1261

192	134	1237

197	134	1221

198	134	1242

160	135	1196

181	135	1240

190	135	1237

191	135	1226

198	135	1225

159	136	1238

181	136	1236

185	136	1276

186	136	1272

187	136	1273

188	136	1261

189	136	1240

198	136	1226

157	137	1222

158	137	1203

181	137	1234

185	137	1237

198	137	1233

156	138	1211

181	138	1234

184	138	1276

197	138	1233

198	138	1262

155	139	1207

182	139	1252

183	139	1272

196	139	1246

154	140	1224

195	140	1254

154	141	1220

194	141	1255

154	142	1225

193	142	1257

153	143	1260

192	143	1245

152	144	1242

191	144	1234

152	145	1218

153	145	1200

190	145	1232

152	146	1223

154	146	1197

190	146	1257

153	147	1213

189	147	1247

153	148	1220

188	148	1235

154	149	1204

188	149	1253

153	150	1218

187	150	1249

153	151	1231

186	151	1247

154	152	1202

185	152	1247

154	153	1257

184	153	1244

154	154	1238

183	154	1237

154	155	1209

183	155	1261

155	156	1231

182	156	1251

155	157	1243

181	157	1249

155	158	1226

180	158	1260

156	159	1208

179	159	1273

156	160	1223

178	160	1270

156	161	1242

178	161	1282

157	162	1259

178	162	1281

157	163	1286

177	163	1261

157	164	1277

177	164	1264

157	165	1230

177	165	1271

155	166	1248

156	166	1246

177	166	1281

157	167	1255

177	167	1292

156	168	1221

177	168	1298

157	169	1234

176	169	1281

156	170	1253

176	170	1285

157	171	1237

176	171	1288

155	172	1191

156	172	1230

176	172	1292

155	173	1209

176	173	1296

154	174	1250

176	174	1300

153	175	1298

175	175	1284

153	176	1292

154	176	1292

155	176	1249

175	176	1288

156	177	1241

175	177	1295

156	178	1246

175	178	1298

155	179	1219

175	179	1301

155	180	1247

174	180	1288

154	181	1268

174	181	1288

154	182	1228

174	182	1291

154	183	1241

155	183	1252

156	183	1252

157	183	1252

158	183	1250

159	183	1250

160	183	1250

161	183	1251

162	183	1251

163	183	1251

164	183	1251

165	183	1253

166	183	1255

167	183	1257

168	183	1259

169	183	1264

170	183	1269

171	183	1275

172	183	1279

173	183	1285

174	183	1295

