180	124	1266

181	124	1259

182	124	1266

179	125	1258

183	125	1260

179	126	1256

184	126	1266

179	127	1257

185	127	1284

176	128	1263

179	128	1262

185	128	1268

179	129	1278

186	129	1282

180	130	1262

187	130	1291

181	131	1262

188	131	1301

164	132	1224

165	132	1217

166	132	1217

167	132	1221

168	132	1235

181	132	1265

188	132	1290

168	133	1216

169	133	1227

181	133	1279

189	133	1296

169	134	1219

170	134	1227

181	134	1278

188	134	1275

169	135	1218

171	135	1238

182	135	1272

189	135	1290

165	136	1216

167	136	1216

168	136	1217

172	136	1241

183	136	1266

190	136	1305

166	137	1220

173	137	1241

183	137	1270

190	137	1315

167	138	1223

174	138	1241

175	138	1260

184	138	1267

189	138	1284

202	138	1290

203	138	1285

204	138	1296

167	139	1243

176	139	1255

184	139	1267

189	139	1284

199	139	1327

200	139	1310

201	139	1283

204	139	1281

167	140	1264

177	140	1255

178	140	1273

184	140	1266

189	140	1279

199	140	1325

205	140	1302

168	141	1272

179	141	1276

184	141	1267

190	141	1304

200	141	1280

205	141	1294

169	142	1283

171	142	1237

180	142	1293

184	142	1270

190	142	1298

200	142	1278

205	142	1304

170	143	1265

172	143	1243

181	143	1310

184	143	1272

190	143	1291

199	143	1296

204	143	1274

173	144	1244

181	144	1286

183	144	1263

191	144	1297

199	144	1290

204	144	1277

173	145	1233

182	145	1282

191	145	1289

199	145	1288

204	145	1281

174	146	1252

192	146	1301

199	146	1289

204	146	1287

174	147	1301

193	147	1299

199	147	1290

204	147	1289

175	148	1314

194	148	1311

199	148	1291

204	148	1291

174	149	1348

194	149	1309

199	149	1291

204	149	1290

175	150	1308

195	150	1344

199	150	1288

204	150	1291

176	151	1316

195	151	1308

199	151	1285

204	151	1289

175	152	1305

196	152	1301

199	152	1280

204	152	1287

175	153	1299

197	153	1290

198	153	1286

205	153	1314

173	154	1328

175	154	1262

205	154	1304

175	155	1253

206	155	1342

175	156	1255

206	156	1342

173	157	1321

174	157	1302

205	157	1305

174	158	1277

205	158	1310

171	159	1351

172	159	1289

173	159	1275

205	159	1319

172	160	1296

205	160	1332

171	161	1354

204	161	1309

171	162	1293

204	162	1321

172	163	1282

204	163	1332

171	164	1317

204	164	1346

170	165	1312

171	165	1358

203	165	1309

172	166	1316

203	166	1321

173	167	1289

203	167	1336

174	168	1276

203	168	1352

173	169	1311

202	169	1329

173	170	1297

201	170	1323

173	171	1329

174	171	1343

200	171	1328

175	172	1322

200	172	1359

175	173	1340

200	173	1373

176	174	1320

177	174	1318

200	174	1371

178	175	1333

200	175	1365

178	176	1348

179	176	1331

200	176	1368

180	177	1355

199	177	1351

181	178	1368

199	178	1357

181	179	1353

199	179	1362

182	180	1353

199	180	1368

182	181	1349

199	181	1373

182	182	1346

198	182	1355

182	183	1367

183	183	1344

198	183	1355

182	184	1373

184	184	1357

198	184	1359

182	185	1348

185	185	1324

199	185	1375

185	186	1320

199	186	1374

184	187	1339

199	187	1373

183	188	1350

198	188	1364

183	189	1344

198	189	1368

184	190	1316

198	190	1370

185	191	1351

198	191	1372

186	192	1355

198	192	1373

186	193	1359

198	193	1375

186	194	1366

197	194	1373

186	195	1363

196	195	1371

184	196	1357

186	196	1363

196	196	1374

186	197	1371

187	197	1366

188	197	1366

194	197	1371

195	197	1374

196	197	1375

189	198	1372

193	198	1373

189	199	1374

191	199	1374

192	199	1374

190	200	1372

186	202	1374

186	204	1374

186	206	1370

