167	133	1444

168	133	1446

167	134	1447

169	134	1452

167	135	1450

169	135	1456

181	135	1469

182	135	1474

167	136	1453

169	136	1456

181	136	1470

182	136	1475

167	137	1454

169	137	1455

181	137	1472

182	137	1474

168	138	1453

170	138	1458

181	138	1475

182	138	1476

168	139	1453

170	139	1459

180	139	1478

182	139	1476

167	140	1449

170	140	1459

180	140	1476

182	140	1478

168	141	1454

171	141	1463

180	141	1475

182	141	1478

168	142	1455

171	142	1462

180	142	1474

182	142	1477

169	143	1458

171	143	1464

179	143	1474

182	143	1476

169	144	1459

172	144	1469

179	144	1474

182	144	1476

169	145	1462

172	145	1471

178	145	1477

182	145	1479

169	146	1465

173	146	1475

177	146	1469

182	146	1484

169	147	1463

173	147	1476

177	147	1474

181	147	1482

170	148	1465

173	148	1477

177	148	1480

181	148	1482

170	149	1465

174	149	1485

175	149	1491

176	149	1484

181	149	1481

170	150	1466

181	150	1481

169	151	1466

180	151	1481

167	152	1449

168	152	1456

180	152	1484

165	153	1468

166	153	1446

180	153	1487

165	154	1454

179	154	1486

165	155	1456

179	155	1485

164	156	1498

179	156	1484

164	157	1477

179	157	1482

163	158	1461

179	158	1481

162	159	1456

180	159	1478

161	160	1458

180	160	1475

188	160	1500

189	160	1493

190	160	1494

191	160	1491

192	160	1494

193	160	1494

194	160	1499

195	160	1500

196	160	1506

160	161	1493

181	161	1473

182	161	1473

185	161	1498

186	161	1497

187	161	1494

195	161	1506

196	161	1510

160	162	1469

183	162	1480

184	162	1484

193	162	1503

194	162	1507

160	163	1474

191	163	1499

192	163	1505

160	164	1476

189	164	1494

190	164	1497

160	165	1477

187	165	1488

188	165	1491

160	166	1486

186	166	1482

161	167	1468

185	167	1478

161	168	1471

183	168	1474

184	168	1479

162	169	1467

182	169	1475

161	170	1499

181	170	1475

161	171	1529

180	171	1473

161	172	1510

179	172	1477

162	173	1481

178	173	1479

162	174	1484

177	174	1485

162	175	1475

176	175	1491

162	176	1472

176	176	1497

163	177	1476

175	177	1493

162	178	1481

175	178	1496

162	179	1512

175	179	1503

163	180	1483

175	180	1507

162	181	1502

175	181	1516

162	182	1507

175	182	1522

162	183	1509

175	183	1535

162	184	1498

175	184	1541

162	185	1499

175	185	1549

161	186	1534

175	186	1553

161	187	1543

175	187	1558

162	188	1523

175	188	1559

162	189	1529

175	189	1560

162	190	1533

175	190	1566

162	191	1532

175	191	1574

162	192	1540

174	192	1559

162	193	1548

174	193	1564

162	194	1549

174	194	1566

162	195	1550

174	195	1573

162	196	1554

173	196	1562

162	197	1562

173	197	1564

162	198	1566

173	198	1568

162	199	1572

173	199	1572

162	200	1574

172	200	1571

163	201	1568

164	201	1561

165	201	1562

166	201	1561

167	201	1560

168	201	1559

169	201	1562

170	201	1566

171	201	1570

