200	129	1350

201	129	1339

202	129	1344

200	130	1333

203	130	1343

200	131	1332

204	131	1363

199	132	1334

204	132	1351

198	133	1374

204	133	1343

185	134	1309

186	134	1295

188	134	1293

189	134	1303

199	134	1350

205	134	1358

184	135	1297

189	135	1292

190	135	1312

200	135	1344

205	135	1348

190	136	1299

191	136	1314

197	136	1334

201	136	1339

206	136	1363

185	137	1294

190	137	1297

192	137	1314

193	137	1343

201	137	1340

207	137	1392

186	138	1294

189	138	1294

194	138	1338

196	138	1425

197	138	1431

200	138	1318

206	138	1354

187	139	1301

188	139	1296

193	139	1315

196	139	1449

197	139	1420

198	139	1345

199	139	1351

206	139	1348

188	140	1301

194	140	1321

200	140	1356

207	140	1370

188	141	1306

194	141	1321

201	141	1340

208	141	1406

189	142	1313

195	142	1329

202	142	1345

208	142	1399

190	143	1310

196	143	1332

197	143	1353

202	143	1346

207	143	1369

190	144	1312

198	144	1382

202	144	1347

207	144	1377

191	145	1317

198	145	1373

202	145	1347

207	145	1379

216	145	1424

217	145	1380

218	145	1364

219	145	1355

220	145	1363

221	145	1390

191	146	1318

199	146	1410

202	146	1348

207	146	1374

216	146	1401

221	146	1375

192	147	1326

199	147	1392

202	147	1345

207	147	1368

216	147	1382

221	147	1374

193	148	1324

199	148	1372

201	148	1354

207	148	1363

216	148	1366

221	148	1376

193	149	1326

200	149	1355

208	149	1384

216	149	1360

221	149	1401

193	150	1356

208	150	1375

215	150	1374

220	150	1364

194	151	1352

209	151	1401

215	151	1371

220	151	1374

194	152	1390

210	152	1409

214	152	1396

220	152	1386

194	153	1418

211	153	1425

214	153	1392

219	153	1361

193	154	1428

212	154	1427

213	154	1438

219	154	1370

192	155	1344

219	155	1373

191	156	1415

219	156	1375

191	157	1394

219	157	1377

190	158	1414

219	158	1382

190	159	1383

219	159	1384

189	160	1373

219	160	1386

188	161	1391

219	161	1389

188	162	1369

219	162	1397

187	163	1414

218	163	1365

187	164	1407

218	164	1374

187	165	1353

218	165	1389

187	166	1441

217	166	1370

188	167	1366

217	167	1388

188	168	1375

216	168	1367

188	169	1394

216	169	1379

189	170	1377

216	170	1396

189	171	1381

215	171	1380

189	172	1403

215	172	1401

189	173	1439

214	173	1388

190	174	1394

191	174	1375

213	174	1390

192	175	1364

212	175	1397

192	176	1385

211	176	1398

193	177	1396

211	177	1410

193	178	1431

211	178	1414

194	179	1401

211	179	1421

194	180	1367

211	180	1426

195	181	1400

211	181	1435

196	182	1431

211	182	1440

195	183	1427

196	183	1430

211	183	1446

197	184	1405

210	184	1429

196	185	1433

210	185	1433

197	186	1407

210	186	1435

196	187	1440

210	187	1437

194	188	1410

195	188	1430

210	188	1439

194	189	1394

210	189	1445

195	190	1411

210	190	1444

196	191	1421

210	191	1447

196	192	1415

210	192	1449

196	193	1419

209	193	1439

196	194	1417

209	194	1443

196	195	1413

209	195	1446

196	196	1428

209	196	1449

195	197	1425

209	197	1451

195	198	1429

208	198	1446

196	199	1449

197	199	1442

208	199	1450

198	200	1448

207	200	1449

198	201	1451

206	201	1449

199	202	1444

205	202	1447

206	202	1451

199	203	1445

204	203	1449

200	204	1447

201	204	1447

202	204	1447

203	204	1450

204	204	1451

