161	109	1180

162	109	1175

163	109	1181

160	110	1179

164	110	1175

160	111	1175

165	111	1181

177	111	1212

178	111	1200

179	111	1200

180	111	1214

160	112	1180

165	112	1175

177	112	1197

180	112	1201

160	113	1184

166	113	1183

176	113	1207

181	113	1220

161	114	1175

166	114	1179

176	114	1204

181	114	1218

161	115	1180

166	115	1178

176	115	1204

181	115	1217

161	116	1188

167	116	1190

176	116	1204

181	116	1218

162	117	1177

167	117	1191

176	117	1205

181	117	1219

162	118	1183

168	118	1196

176	118	1203

181	118	1221

162	119	1186

168	119	1197

175	119	1214

181	119	1228

162	120	1189

168	120	1192

175	120	1215

181	120	1233

162	121	1189

169	121	1184

175	121	1215

181	121	1235

162	122	1185

170	122	1226

175	122	1215

181	122	1234

163	123	1190

170	123	1227

175	123	1213

181	123	1235

163	124	1195

170	124	1217

175	124	1211

181	124	1239

163	125	1197

171	125	1216

172	125	1210

173	125	1243

174	125	1216

181	125	1243

163	126	1201

181	126	1244

164	127	1195

172	127	1261

181	127	1246

164	128	1202

171	128	1231

173	128	1227

181	128	1239

164	129	1209

171	129	1227

173	129	1219

182	129	1259

164	130	1207

172	130	1246

181	130	1239

165	131	1200

181	131	1249

164	132	1199

180	132	1230

162	133	1243

163	133	1203

181	133	1256

161	134	1238

181	134	1246

192	134	1263

193	134	1241

194	134	1227

195	134	1224

196	134	1229

197	134	1242

160	135	1213

181	135	1239

189	135	1255

190	135	1234

191	135	1234

198	135	1249

159	136	1201

180	136	1235

187	136	1264

188	136	1249

198	136	1237

157	137	1257

158	137	1222

180	137	1235

186	137	1298

198	137	1243

155	138	1235

156	138	1234

180	138	1229

186	138	1253

197	138	1236

198	138	1273

155	139	1220

181	139	1240

182	139	1267

184	139	1285

185	139	1250

195	139	1228

196	139	1251

154	140	1222

183	140	1294

194	140	1230

154	141	1205

193	141	1229

153	142	1224

193	142	1259

153	143	1227

192	143	1254

153	144	1206

191	144	1241

152	145	1286

190	145	1234

152	146	1256

189	146	1229

152	147	1242

189	147	1253

152	148	1246

188	148	1237

152	149	1225

187	149	1229

152	150	1241

187	150	1250

153	151	1223

186	151	1245

153	152	1228

185	152	1246

153	153	1237

184	153	1244

153	154	1264

183	154	1239

153	155	1225

183	155	1263

154	156	1235

182	156	1256

154	157	1262

181	157	1251

155	158	1256

180	158	1252

155	159	1252

179	159	1264

155	160	1222

178	160	1272

156	161	1298

178	161	1283

157	162	1253

177	162	1261

157	163	1270

177	163	1265

155	164	1254

157	164	1239

177	164	1271

156	165	1236

177	165	1276

157	166	1223

177	166	1286

157	167	1228

177	167	1298

157	168	1246

176	168	1282

156	169	1283

176	169	1286

156	170	1289

176	170	1290

154	171	1238

156	171	1252

176	171	1293

153	172	1245

154	172	1268

156	172	1249

176	172	1294

154	173	1288

155	173	1290

176	173	1296

156	174	1256

176	174	1300

155	175	1279

175	175	1288

155	176	1263

175	176	1290

155	177	1243

175	177	1294

154	178	1243

175	178	1297

155	179	1231

174	179	1285

154	180	1241

174	180	1289

154	181	1249

174	181	1292

155	182	1259

174	182	1295

154	183	1240

174	183	1298

154	184	1244

155	184	1260

156	184	1258

157	184	1255

158	184	1254

159	184	1254

160	184	1254

161	184	1254

162	184	1252

163	184	1251

164	184	1251

165	184	1252

166	184	1254

167	184	1256

168	184	1259

169	184	1264

170	184	1270

171	184	1276

172	184	1281

173	184	1289

174	184	1297

