183	107	1245

184	107	1245

182	108	1232

185	108	1230

182	109	1225

186	109	1238

182	110	1227

186	110	1232

182	111	1229

187	111	1261

197	111	1265

198	111	1261

199	111	1270

182	112	1230

187	112	1249

196	112	1268

200	112	1277

182	113	1230

187	113	1239

196	113	1262

200	113	1269

182	114	1233

187	114	1235

196	114	1258

200	114	1267

182	115	1229

188	115	1263

195	115	1264

200	115	1272

183	116	1235

188	116	1259

195	116	1264

200	116	1278

183	117	1237

188	117	1248

195	117	1264

200	117	1287

182	118	1240

189	118	1296

195	118	1264

200	118	1306

182	119	1241

189	119	1284

194	119	1277

199	119	1272

182	120	1245

189	120	1274

194	120	1271

199	120	1273

182	121	1247

189	121	1267

194	121	1269

199	121	1278

182	122	1248

189	122	1269

193	122	1271

199	122	1282

182	123	1248

189	123	1263

193	123	1273

199	123	1290

183	124	1252

189	124	1266

193	124	1268

199	124	1301

183	125	1254

189	125	1271

192	125	1276

198	125	1276

183	126	1257

189	126	1278

192	126	1274

198	126	1276

177	127	1266

178	127	1281

179	127	1282

183	127	1259

189	127	1279

192	127	1273

198	127	1283

177	128	1287

178	128	1276

180	128	1278

181	128	1312

182	128	1277

189	128	1279

192	128	1272

198	128	1291

177	129	1284

178	129	1302

179	129	1268

190	129	1281

191	129	1281

198	129	1301

179	130	1265

198	130	1311

178	131	1257

197	131	1282

177	132	1290

179	132	1249

198	132	1312

175	133	1274

176	133	1237

178	133	1261

198	133	1309

175	134	1323

177	134	1260

198	134	1312

210	134	1298

211	134	1288

212	134	1295

174	135	1268

176	135	1251

198	135	1320

201	135	1329

206	135	1320

207	135	1296

208	135	1285

209	135	1280

213	135	1282

214	135	1299

173	136	1270

198	136	1317

202	136	1355

203	136	1321

204	136	1297

205	136	1288

214	136	1290

172	137	1306

199	137	1322

200	137	1340

201	137	1351

214	137	1299

170	138	1258

171	138	1332

213	138	1303

214	138	1334

170	139	1298

212	139	1318

170	140	1317

211	140	1334

171	141	1276

210	141	1329

169	142	1300

170	142	1306

208	142	1295

209	142	1320

210	142	1347

169	143	1299

207	143	1300

170	144	1294

206	144	1300

170	145	1316

205	145	1292

170	146	1298

205	146	1319

169	147	1258

204	147	1304

169	148	1296

203	148	1300

170	149	1298

202	149	1300

171	150	1258

201	150	1299

170	151	1322

200	151	1296

170	152	1344

199	152	1293

170	153	1326

199	153	1322

170	154	1259

198	154	1311

170	155	1250

196	155	1294

197	155	1315

170	156	1279

171	156	1308

195	156	1304

170	157	1321

172	157	1339

194	157	1313

170	158	1319

171	158	1314

194	158	1333

171	159	1291

193	159	1312

170	160	1318

171	160	1262

193	160	1325

172	161	1295

192	161	1310

171	162	1312

192	162	1323

170	163	1340

171	163	1311

192	163	1336

169	164	1350

170	164	1309

172	164	1277

191	164	1323

168	165	1327

171	165	1294

191	165	1339

167	166	1294

191	166	1355

167	167	1265

190	167	1333

167	168	1270

190	168	1342

167	169	1348

190	169	1352

168	170	1301

190	170	1353

167	171	1279

190	171	1354

166	172	1317

189	172	1347

165	173	1303

188	173	1340

165	174	1325

188	174	1348

164	175	1302

165	175	1242

188	175	1353

166	176	1212

187	176	1339

166	177	1247

187	177	1344

166	178	1284

187	178	1350

163	179	1239

165	179	1292

186	179	1340

164	180	1257

186	180	1348

164	181	1266

186	181	1353

163	182	1248

185	182	1338

163	183	1304

185	183	1344

162	184	1304

185	184	1350

162	185	1299

185	185	1355

161	186	1241

162	186	1279

163	186	1300

164	186	1295

165	186	1290

166	186	1286

167	186	1284

168	186	1282

169	186	1282

170	186	1282

171	186	1283

172	186	1281

173	186	1283

174	186	1283

175	186	1285

176	186	1285

177	186	1288

178	186	1290

179	186	1294

180	186	1299

181	186	1306

182	186	1314

183	186	1325

184	186	1340

