191	128	1256

192	128	1256

190	129	1245

193	129	1243

189	130	1251

194	130	1247

189	131	1248

195	131	1261

188	132	1302

195	132	1248

189	133	1259

196	133	1270

185	134	1290

186	134	1300

190	134	1240

197	134	1305

174	135	1208

177	135	1205

185	135	1338

190	135	1252

197	135	1293

173	136	1209

177	136	1197

178	136	1212

188	136	1332

189	136	1309

197	136	1281

173	137	1202

178	137	1204

179	137	1222

190	137	1279

197	137	1270

173	138	1212

174	138	1196

177	138	1199

180	138	1227

191	138	1256

197	138	1266

174	139	1208

175	139	1198

176	139	1196

181	139	1227

192	139	1247

198	139	1295

175	140	1207

181	140	1214

192	140	1252

197	140	1266

176	141	1205

182	141	1222

192	141	1253

197	141	1267

177	142	1209

183	142	1229

192	142	1252

197	142	1268

178	143	1212

184	143	1232

192	143	1253

197	143	1268

178	144	1224

185	144	1235

186	144	1246

192	144	1254

197	144	1268

179	145	1225

187	145	1268

192	145	1255

197	145	1267

180	146	1222

187	146	1254

192	146	1253

197	146	1266

210	146	1265

211	146	1262

212	146	1274

180	147	1231

188	147	1292

192	147	1252

198	147	1294

208	147	1287

209	147	1262

213	147	1301

181	148	1232

188	148	1273

192	148	1252

198	148	1290

208	148	1263

213	148	1313

182	149	1231

188	149	1261

191	149	1263

198	149	1283

207	149	1275

212	149	1280

182	150	1239

189	150	1268

190	150	1260

198	150	1281

206	150	1304

212	150	1299

182	151	1257

199	151	1310

206	151	1285

211	151	1266

181	152	1321

199	152	1299

206	152	1275

211	152	1270

182	153	1297

200	153	1325

206	153	1272

211	153	1277

182	154	1302

201	154	1352

205	154	1298

211	154	1287

183	155	1302

201	155	1343

205	155	1282

211	155	1301

182	156	1347

201	156	1314

204	156	1320

210	156	1275

182	157	1285

202	157	1333

204	157	1299

210	157	1278

181	158	1282

203	158	1342

210	158	1281

180	159	1299

210	159	1284

180	160	1279

210	160	1287

179	161	1270

210	161	1289

177	162	1284

178	162	1264

210	162	1290

176	163	1301

210	163	1294

176	164	1274

210	164	1300

176	165	1273

210	165	1313

176	166	1313

209	166	1287

177	167	1275

209	167	1300

176	168	1347

209	168	1323

176	169	1339

208	169	1294

177	170	1263

208	170	1315

177	171	1284

207	171	1288

177	172	1313

207	172	1303

178	173	1275

206	173	1285

177	174	1311

206	174	1301

178	175	1287

205	175	1292

177	176	1330

178	176	1318

179	176	1273

205	176	1318

180	177	1273

204	177	1319

180	178	1315

203	178	1331

181	179	1313

202	179	1335

182	180	1313

202	180	1350

183	181	1333

202	181	1352

184	182	1302

202	182	1355

184	183	1346

201	183	1335

185	184	1345

201	184	1345

185	185	1347

201	185	1352

185	186	1344

200	186	1340

186	187	1335

200	187	1348

186	188	1326

200	188	1352

184	189	1345

185	189	1333

200	189	1354

185	190	1345

199	190	1344

186	191	1303

199	191	1348

186	192	1321

199	192	1354

185	193	1344

199	193	1355

185	194	1304

198	194	1350

186	195	1348

197	195	1348

186	196	1336

197	196	1353

186	197	1341

187	197	1341

195	197	1353

196	197	1354

188	198	1353

194	198	1352

189	199	1350

193	199	1352

194	199	1355

189	200	1354

190	200	1352

191	200	1353

192	200	1354

186	204	1315

186	206	1336

