216	147	1606

217	147	1634

218	147	1635

219	147	1639

204	148	1588

205	148	1597

217	148	1632

219	148	1634

204	149	1593

206	149	1604

216	149	1625

220	149	1643

204	150	1599

207	150	1607

217	150	1629

220	150	1646

204	151	1603

207	151	1612

216	151	1635

220	151	1648

205	152	1605

208	152	1617

216	152	1637

220	152	1648

205	153	1604

208	153	1617

216	153	1635

220	153	1650

205	154	1604

209	154	1621

216	154	1638

220	154	1651

205	155	1593

210	155	1626

216	155	1641

220	155	1652

205	156	1616

210	156	1625

216	156	1640

220	156	1650

206	157	1617

211	157	1629

215	157	1609

220	157	1653

207	158	1618

212	158	1635

215	158	1638

220	158	1655

208	159	1622

213	159	1655

215	159	1641

220	159	1656

208	160	1623

214	160	1663

220	160	1657

209	161	1627

220	161	1656

227	161	1641

228	161	1650

229	161	1651

209	162	1627

220	162	1661

226	162	1646

230	162	1663

208	163	1648

220	163	1661

224	163	1646

225	163	1644

229	163	1647

208	164	1644

221	164	1684

222	164	1688

223	164	1654

225	164	1635

229	164	1654

207	165	1615

224	165	1643

228	165	1639

205	166	1602

206	166	1606

223	166	1636

228	166	1643

204	167	1611

222	167	1681

224	167	1634

228	167	1647

204	168	1618

223	168	1649

229	168	1642

203	169	1629

228	169	1672

203	170	1618

228	170	1689

203	171	1612

227	171	1657

202	172	1600

227	172	1666

202	173	1630

226	173	1647

202	174	1634

226	174	1655

201	175	1607

226	175	1666

202	176	1634

226	176	1684

202	177	1635

225	177	1661

202	178	1635

225	178	1682

202	179	1639

225	179	1709

202	180	1650

224	180	1693

202	181	1678

224	181	1726

203	182	1642

223	182	1699

204	183	1644

223	183	1702

205	184	1648

221	184	1685

222	184	1688

205	185	1652

220	185	1698

206	186	1641

220	186	1713

207	187	1662

220	187	1721

207	188	1674

220	188	1736

207	189	1667

219	189	1723

207	190	1663

219	190	1737

207	191	1651

218	191	1713

207	192	1669

218	192	1719

208	193	1670

218	193	1720

208	194	1672

218	194	1724

208	195	1678

218	195	1727

208	196	1689

218	196	1731

208	197	1693

218	197	1729

208	198	1693

218	198	1733

208	199	1688

218	199	1737

208	200	1690

218	200	1738

208	201	1698

218	201	1737

209	202	1708

218	202	1734

209	203	1715

218	203	1736

209	204	1718

218	204	1736

209	205	1725

218	205	1737

209	206	1731

218	206	1735

209	207	1734

218	207	1738

210	208	1734

217	208	1740

218	208	1742

210	209	1736

216	209	1739

211	210	1735

215	210	1741

212	211	1740

213	211	1738

214	211	1741

