170	136	1484

169	137	1483

171	137	1485

169	138	1483

171	138	1486

170	139	1486

172	139	1489

183	139	1512

184	139	1513

170	140	1488

172	140	1491

183	140	1513

184	140	1514

170	141	1489

172	141	1490

183	141	1515

184	141	1516

170	142	1493

172	142	1493

183	142	1516

184	142	1517

170	143	1495

173	143	1496

182	143	1516

184	143	1519

170	144	1497

173	144	1497

182	144	1512

184	144	1516

170	145	1498

174	145	1496

182	145	1513

184	145	1513

170	146	1504

174	146	1497

181	146	1518

184	146	1510

171	147	1504

174	147	1499

181	147	1522

184	147	1511

171	148	1506

175	148	1506

181	148	1518

184	148	1513

172	149	1503

175	149	1507

180	149	1517

184	149	1515

172	150	1503

176	150	1523

180	150	1517

183	150	1513

172	151	1504

177	151	1548

179	151	1520

183	151	1513

172	152	1506

177	152	1530

179	152	1518

183	152	1517

172	153	1506

178	153	1527

183	153	1521

171	154	1494

182	154	1520

169	155	1488

170	155	1486

182	155	1519

168	156	1486

182	156	1521

168	157	1480

182	157	1522

167	158	1497

181	158	1520

167	159	1514

181	159	1519

165	160	1543

166	160	1512

181	160	1515

164	161	1509

182	161	1515

195	161	1525

164	162	1494

182	162	1515

192	162	1535

193	162	1534

194	162	1532

196	162	1534

197	162	1537

198	162	1537

163	163	1508

183	163	1513

189	163	1542

190	163	1537

191	163	1533

197	163	1540

198	163	1538

163	164	1475

184	164	1519

185	164	1523

186	164	1524

187	164	1520

188	164	1521

195	164	1536

196	164	1537

164	165	1499

193	165	1530

194	165	1532

163	166	1505

191	166	1528

192	166	1530

163	167	1504

190	167	1530

163	168	1516

188	168	1520

189	168	1527

163	169	1496

187	169	1517

164	170	1519

186	170	1510

165	171	1507

185	171	1511

164	172	1510

183	172	1506

184	172	1512

165	173	1508

182	173	1504

165	174	1511

181	174	1508

165	175	1512

180	175	1513

165	176	1510

179	176	1517

165	177	1512

178	177	1520

165	178	1515

178	178	1525

165	179	1520

177	179	1525

165	180	1516

177	180	1530

165	181	1522

177	181	1532

165	182	1534

177	182	1538

165	183	1546

177	183	1545

165	184	1548

177	184	1554

165	185	1547

177	185	1561

165	186	1545

177	186	1569

165	187	1545

177	187	1581

165	188	1549

177	188	1587

165	189	1564

177	189	1591

165	190	1573

177	190	1592

165	191	1575

177	191	1601

165	192	1577

177	192	1604

165	193	1581

177	193	1611

165	194	1579

176	194	1595

165	195	1588

176	195	1599

165	196	1590

176	196	1601

165	197	1590

176	197	1605

165	198	1592

176	198	1609

165	199	1598

176	199	1613

165	200	1608

175	200	1605

165	201	1614

175	201	1611

166	202	1610

174	202	1608

167	203	1605

168	203	1600

169	203	1598

170	203	1598

171	203	1600

172	203	1604

173	203	1609

174	203	1613

