163	103	1162

164	103	1167

162	104	1153

165	104	1158

166	104	1177

161	105	1157

166	105	1166

161	106	1158

167	106	1191

179	106	1190

180	106	1188

181	106	1197

161	107	1160

167	107	1179

178	107	1188

182	107	1198

162	108	1158

167	108	1171

178	108	1182

182	108	1193

162	109	1164

168	109	1189

178	109	1180

182	109	1196

162	110	1167

168	110	1183

177	110	1187

182	110	1197

163	111	1161

168	111	1177

177	111	1192

182	111	1196

163	112	1167

168	112	1171

177	112	1189

182	112	1198

163	113	1169

169	113	1190

177	113	1188

182	113	1204

163	114	1170

169	114	1185

177	114	1187

182	114	1212

163	115	1174

169	115	1182

176	115	1182

182	115	1218

163	116	1177

170	116	1186

176	116	1190

182	116	1225

163	117	1178

170	117	1188

176	117	1191

182	117	1229

163	118	1173

171	118	1242

176	118	1194

182	118	1233

164	119	1176

171	119	1227

176	119	1193

182	119	1241

164	120	1178

171	120	1223

175	120	1197

181	120	1205

164	121	1180

171	121	1213

175	121	1197

181	121	1209

164	122	1183

171	122	1211

175	122	1196

181	122	1213

164	123	1185

171	123	1208

174	123	1189

181	123	1216

165	124	1182

172	124	1235

174	124	1197

181	124	1224

165	125	1186

173	125	1220

181	125	1233

165	126	1186

181	126	1238

165	127	1189

181	127	1235

162	128	1198

164	128	1212

181	128	1228

160	129	1189

161	129	1168

163	129	1180

182	129	1254

160	130	1175

182	130	1234

159	131	1186

182	131	1239

187	131	1275

189	131	1251

190	131	1244

191	131	1227

192	131	1207

193	131	1198

194	131	1195

195	131	1201

196	131	1205

197	131	1216

156	132	1207

157	132	1229

158	132	1213

181	132	1231

185	132	1267

187	132	1270

188	132	1231

198	132	1216

155	133	1214

182	133	1229

184	133	1231

186	133	1264

198	133	1216

154	134	1205

183	134	1232

198	134	1239

153	135	1195

197	135	1248

153	136	1181

196	136	1256

153	137	1197

194	137	1224

195	137	1253

196	137	1287

153	138	1195

193	138	1232

152	139	1210

192	139	1246

151	140	1216

191	140	1240

152	141	1185

190	141	1236

151	142	1246

189	142	1229

152	143	1194

188	143	1223

152	144	1189

188	144	1250

152	145	1192

187	145	1234

152	146	1203

186	146	1230

151	147	1170

185	147	1234

151	148	1262

184	148	1236

152	149	1239

183	149	1230

153	150	1209

183	150	1256

152	151	1222

153	151	1225

182	151	1249

152	152	1219

154	152	1207

181	152	1250

154	153	1233

180	153	1251

155	154	1207

179	154	1254

155	155	1215

178	155	1264

154	156	1218

177	156	1267

153	157	1265

176	157	1248

154	158	1256

176	158	1251

154	159	1257

176	159	1259

154	160	1219

176	160	1264

154	161	1216

176	161	1271

155	162	1208

176	162	1280

155	163	1212

175	163	1259

155	164	1218

175	164	1270

154	165	1219

175	165	1279

152	166	1223

153	166	1231

175	166	1281

152	167	1273

153	167	1199

175	167	1283

154	168	1219

174	168	1268

151	169	1174

152	169	1259

153	169	1243

174	169	1274

151	170	1192

152	170	1177

174	170	1280

153	171	1214

174	171	1283

152	172	1231

174	172	1287

152	173	1236

173	173	1274

152	174	1222

173	174	1279

152	175	1182

173	175	1286

152	176	1218

173	176	1287

151	177	1194

172	177	1273

151	178	1214

172	178	1276

149	179	1265

150	179	1235

152	179	1234

153	179	1233

154	179	1230

155	179	1228

156	179	1225

157	179	1225

158	179	1223

159	179	1223

160	179	1222

161	179	1222

162	179	1224

163	179	1225

164	179	1227

165	179	1230

166	179	1233

167	179	1236

168	179	1242

169	179	1248

170	179	1257

171	179	1267

172	179	1283

