161	103	1292

162	103	1292

160	104	1287

163	104	1289

160	105	1282

164	105	1299

160	106	1284

164	106	1297

160	107	1286

164	107	1294

176	107	1326

177	107	1311

178	107	1311

179	107	1320

160	108	1289

165	108	1302

176	108	1318

180	108	1333

160	109	1292

165	109	1298

176	109	1313

180	109	1327

160	110	1287

165	110	1295

175	110	1316

180	110	1327

161	111	1294

165	111	1297

175	111	1310

180	111	1330

161	112	1296

166	112	1306

175	112	1309

179	112	1317

161	113	1297

166	113	1306

174	113	1308

179	113	1323

161	114	1297

166	114	1303

174	114	1314

179	114	1327

161	115	1297

167	115	1312

174	115	1316

179	115	1330

161	116	1298

167	116	1309

174	116	1316

179	116	1331

161	117	1287

167	117	1311

173	117	1318

179	117	1338

162	118	1299

168	118	1310

169	118	1349

173	118	1320

179	118	1341

162	119	1301

169	119	1356

173	119	1317

178	119	1324

162	120	1304

170	120	1358

172	120	1320

178	120	1330

162	121	1309

170	121	1349

172	121	1323

178	121	1334

163	122	1306

170	122	1335

172	122	1325

178	122	1338

163	123	1308

171	123	1326

178	123	1341

163	124	1310

178	124	1345

163	125	1311

178	125	1332

159	126	1341

160	126	1337

161	126	1335

162	126	1323

178	126	1353

159	127	1314

178	127	1350

159	128	1290

178	128	1345

156	129	1324

157	129	1302

158	129	1291

178	129	1342

155	130	1333

178	130	1318

181	130	1359

182	130	1301

183	130	1319

184	130	1350

185	130	1335

186	130	1326

187	130	1330

188	130	1333

189	130	1334

190	130	1335

191	130	1337

192	130	1346

155	131	1297

177	131	1332

181	131	1343

193	131	1337

194	131	1359

154	132	1289

178	132	1336

179	132	1322

180	132	1365

195	132	1363

153	133	1303

194	133	1355

195	133	1378

152	134	1319

192	134	1353

193	134	1369

152	135	1301

191	135	1355

151	136	1338

189	136	1355

190	136	1366

150	137	1347

187	137	1352

188	137	1373

150	138	1342

186	138	1350

151	139	1339

185	139	1349

150	140	1286

184	140	1347

151	141	1328

183	141	1344

150	142	1269

152	142	1314

182	142	1340

151	143	1278

181	143	1338

182	143	1346

152	144	1298

180	144	1342

151	145	1312

180	145	1344

152	146	1318

179	146	1356

153	147	1320

178	147	1354

152	148	1300

177	148	1351

152	149	1325

176	149	1352

153	150	1328

175	150	1359

154	151	1329

174	151	1361

154	152	1327

174	152	1353

154	153	1338

173	153	1352

153	154	1362

173	154	1356

153	155	1344

173	155	1365

153	156	1332

173	156	1349

152	157	1337

173	157	1350

152	158	1350

172	158	1371

152	159	1330

172	159	1378

151	160	1329

172	160	1384

151	161	1336

172	161	1385

150	162	1318

172	162	1389

150	163	1308

172	163	1385

151	164	1324

171	164	1389

150	165	1327

171	165	1395

149	166	1339

171	166	1396

149	167	1331

171	167	1401

149	168	1332

171	168	1398

148	169	1353

171	169	1383

148	170	1357

170	170	1402

149	171	1343

170	171	1407

147	172	1379

148	172	1340

170	172	1408

147	173	1340

170	173	1410

146	174	1281

169	174	1407

170	174	1405

146	175	1257

168	175	1401

170	175	1389

146	176	1316

168	176	1406

146	177	1333

168	177	1408

145	178	1331

168	178	1410

145	179	1317

146	179	1348

147	179	1349

148	179	1347

149	179	1347

150	179	1347

151	179	1345

152	179	1342

153	179	1343

154	179	1345

155	179	1346

156	179	1344

157	179	1346

158	179	1347

159	179	1350

160	179	1352

161	179	1356

162	179	1358

163	179	1364

164	179	1369

165	179	1375

166	179	1383

167	179	1394

168	179	1409

