146	109	1174

147	109	1168

148	109	1174

145	110	1173

149	110	1172

145	111	1167

150	111	1183

146	112	1161

150	112	1170

146	113	1162

150	113	1166

165	113	1194

166	113	1186

167	113	1191

146	114	1165

151	114	1181

164	114	1196

168	114	1198

146	115	1160

151	115	1176

164	115	1193

168	115	1195

147	116	1163

151	116	1172

164	116	1186

168	116	1194

147	117	1168

152	117	1185

164	117	1183

168	117	1196

147	118	1175

152	118	1177

163	118	1189

168	118	1199

147	119	1168

152	119	1173

163	119	1190

168	119	1204

148	120	1172

153	120	1187

163	120	1186

168	120	1208

148	121	1173

153	121	1183

163	121	1184

168	121	1213

148	122	1175

154	122	1195

162	122	1193

167	122	1192

148	123	1176

154	123	1186

162	123	1188

167	123	1194

148	124	1163

154	124	1184

162	124	1186

167	124	1198

149	125	1171

155	125	1181

161	125	1195

167	125	1201

149	126	1176

156	126	1204

161	126	1191

167	126	1202

149	127	1178

156	127	1233

160	127	1182

167	127	1209

149	128	1178

156	128	1233

160	128	1191

167	128	1214

149	129	1177

156	129	1228

160	129	1191

166	129	1202

149	130	1172

156	130	1216

159	130	1193

166	130	1209

150	131	1176

156	131	1211

159	131	1192

166	131	1218

150	132	1177

156	132	1200

158	132	1193

165	132	1203

149	133	1183

157	133	1194

165	133	1210

145	134	1173

146	134	1161

147	134	1160

148	134	1167

165	134	1218

143	135	1175

144	135	1164

164	135	1203

143	136	1175

164	136	1208

143	137	1167

164	137	1211

143	138	1165

164	138	1214

142	139	1166

164	139	1215

142	140	1175

164	140	1218

141	141	1175

164	141	1217

140	142	1182

164	142	1220

138	143	1233

139	143	1191

164	143	1212

138	144	1209

164	144	1204

177	144	1225

178	144	1225

179	144	1222

180	144	1219

181	144	1219

182	144	1221

183	144	1227

138	145	1188

165	145	1215

169	145	1229

170	145	1233

171	145	1223

172	145	1213

173	145	1209

174	145	1208

175	145	1208

176	145	1206

184	145	1221

185	145	1243

138	146	1174

166	146	1206

167	146	1217

168	146	1211

185	146	1238

138	147	1174

182	147	1217

183	147	1228

184	147	1241

137	148	1184

180	148	1221

181	148	1234

136	149	1168

178	149	1216

179	149	1229

137	150	1189

176	150	1216

177	150	1230

138	151	1176

174	151	1218

175	151	1232

139	152	1176

172	152	1216

173	152	1237

139	153	1175

171	153	1221

138	154	1179

170	154	1224

137	155	1207

139	155	1187

168	155	1207

169	155	1225

138	156	1268

167	156	1213

139	157	1197

166	157	1219

140	158	1178

164	158	1204

165	158	1217

141	159	1178

163	159	1208

141	160	1184

162	160	1208

141	161	1191

161	161	1214

140	162	1204

160	162	1228

141	163	1194

159	163	1227

139	164	1189

140	164	1207

158	164	1216

140	165	1207

158	165	1228

141	166	1198

158	166	1237

141	167	1196

158	167	1242

141	168	1198

158	168	1248

141	169	1197

158	169	1255

141	170	1199

158	170	1257

141	171	1201

158	171	1259

141	172	1205

158	172	1260

141	173	1205

158	173	1265

140	174	1230

159	174	1274

141	175	1210

158	175	1273

141	176	1216

158	176	1275

142	177	1213

157	177	1262

141	178	1223

157	178	1266

141	179	1230

157	179	1268

141	180	1229

157	180	1268

141	181	1227

157	181	1271

141	182	1226

157	182	1275

141	183	1241

157	183	1277

141	184	1248

157	184	1277

141	185	1248

157	185	1279

141	186	1247

157	186	1281

141	187	1248

156	187	1271

141	188	1251

156	188	1272

141	189	1251

156	189	1277

141	190	1253

156	190	1277

141	191	1257

142	191	1255

143	191	1252

144	191	1250

145	191	1250

146	191	1252

147	191	1253

148	191	1253

149	191	1254

150	191	1256

151	191	1258

152	191	1260

153	191	1261

154	191	1265

155	191	1271

