160	162	1865

161	162	1871

160	163	1865

161	163	1867

160	164	1864

161	164	1863

171	164	1888

160	165	1868

161	165	1861

170	165	1882

171	165	1877

160	166	1871

162	166	1869

170	166	1879

171	166	1877

160	167	1873

162	167	1871

169	167	1893

171	167	1878

161	168	1869

162	168	1869

169	168	1887

171	168	1879

161	169	1868

162	169	1865

169	169	1882

171	169	1882

161	170	1870

162	170	1862

168	170	1889

170	170	1872

160	171	1886

163	171	1875

168	171	1877

170	171	1871

161	172	1865

163	172	1878

167	172	1880

170	172	1876

160	173	1880

164	173	1908

167	173	1873

170	173	1880

160	174	1887

164	174	1896

166	174	1891

170	174	1889

160	175	1891

165	175	1893

169	175	1876

159	176	1873

169	176	1885

157	177	1856

158	177	1848

169	177	1893

156	178	1862

168	178	1879

156	179	1867

168	179	1883

156	180	1855

168	180	1888

155	181	1859

168	181	1888

154	182	1881

168	182	1882

153	183	1895

168	183	1871

153	184	1873

169	184	1875

153	185	1871

169	185	1869

153	186	1873

170	186	1863

171	186	1873

174	186	1875

175	186	1880

176	186	1878

177	186	1881

178	186	1886

179	186	1892

180	186	1893

181	186	1896

153	187	1879

172	187	1863

173	187	1867

175	187	1873

176	187	1874

177	187	1880

178	187	1887

179	187	1896

180	187	1898

181	187	1899

153	188	1881

173	188	1877

174	188	1883

153	189	1881

171	189	1872

172	189	1886

153	190	1884

169	190	1870

170	190	1886

154	191	1857

167	191	1860

168	191	1881

154	192	1871

165	192	1861

166	192	1874

154	193	1884

164	193	1867

154	194	1892

164	194	1886

154	195	1886

163	195	1876

154	196	1888

163	196	1886

154	197	1884

163	197	1893

153	198	1909

163	198	1894

153	199	1909

163	199	1899

153	200	1909

163	200	1908

153	201	1899

163	201	1912

153	202	1894

163	202	1910

153	203	1897

163	203	1908

153	204	1899

163	204	1909

153	205	1899

163	205	1911

153	206	1896

163	206	1914

153	207	1899

163	207	1919

153	208	1897

163	208	1925

152	209	1941

163	209	1926

152	210	1933

163	210	1925

152	211	1930

163	211	1929

152	212	1924

163	212	1929

194	212	1960

152	213	1927

163	213	1928

194	213	1959

152	214	1928

164	214	1958

194	214	1952

152	215	1926

164	215	1953

194	215	1950

152	216	1924

153	216	1902

154	216	1891

155	216	1888

156	216	1885

157	216	1885

158	216	1885

159	216	1888

160	216	1892

161	216	1900

162	216	1910

163	216	1923

164	216	1945

194	216	1943

