223	146	1624

224	146	1623

210	147	1583

222	147	1618

224	147	1620

209	148	1577

211	148	1586

212	148	1594

222	148	1618

225	148	1632

209	149	1578

212	149	1592

221	149	1596

225	149	1631

209	150	1579

212	150	1591

221	150	1592

225	150	1630

209	151	1580

213	151	1600

222	151	1619

225	151	1628

210	152	1586

213	152	1597

222	152	1618

225	152	1628

211	153	1589

214	153	1604

221	153	1602

225	153	1630

211	154	1591

215	154	1608

221	154	1614

225	154	1632

211	155	1592

215	155	1603

220	155	1584

225	155	1634

211	156	1592

216	156	1612

221	156	1621

225	156	1634

212	157	1598

217	157	1623

218	157	1623

221	157	1623

225	157	1637

212	158	1597

219	158	1646

220	158	1640

225	158	1643

212	159	1600

225	159	1644

213	160	1603

225	160	1645

213	161	1608

225	161	1644

233	161	1644

234	161	1642

212	162	1614

225	162	1646

231	162	1648

232	162	1630

235	162	1650

212	163	1662

225	163	1647

228	163	1660

230	163	1642

235	163	1653

212	164	1633

226	164	1636

227	164	1646

228	164	1647

229	164	1621

234	164	1635

211	165	1594

226	165	1665

229	165	1634

233	165	1630

210	166	1587

226	166	1671

229	166	1628

233	166	1644

209	167	1593

227	167	1650

228	167	1628

233	167	1665

208	168	1617

232	168	1637

207	169	1606

232	169	1652

207	170	1593

231	170	1632

206	171	1607

231	171	1645

206	172	1611

231	172	1658

205	173	1656

231	173	1675

206	174	1621

230	174	1640

205	175	1647

230	175	1647

206	176	1625

230	176	1666

206	177	1628

229	177	1645

206	178	1628

228	178	1637

206	179	1631

228	179	1660

206	180	1619

227	180	1654

207	181	1618

226	181	1640

207	182	1603

226	182	1660

208	183	1631

226	183	1692

209	184	1633

225	184	1686

209	185	1653

224	185	1695

209	186	1620

223	186	1693

210	187	1662

223	187	1701

210	188	1659

223	188	1718

210	189	1644

222	189	1704

210	190	1626

222	190	1716

211	191	1659

222	191	1725

211	192	1660

221	192	1701

211	193	1660

221	193	1703

211	194	1668

221	194	1710

211	195	1674

221	195	1717

211	196	1677

221	196	1723

211	197	1681

221	197	1723

211	198	1691

221	198	1722

212	199	1685

221	199	1725

212	200	1685

221	200	1727

212	201	1689

221	201	1727

212	202	1696

221	202	1726

212	203	1705

221	203	1727

212	204	1707

220	204	1719

212	205	1714

220	205	1724

212	206	1715

220	206	1726

212	207	1726

219	207	1725

213	208	1723

218	208	1724

214	209	1721

217	209	1726

214	210	1723

215	210	1725

216	210	1726

214	211	1724

