149	113	1220

150	113	1212

151	113	1214

149	114	1210

152	114	1214

149	115	1208

153	115	1226

149	116	1212

153	116	1217

149	117	1215

154	117	1224

167	117	1253

168	117	1240

169	117	1239

170	117	1253

149	118	1204

154	118	1226

167	118	1242

170	118	1241

150	119	1213

154	119	1226

167	119	1237

170	119	1239

150	120	1216

154	120	1222

166	120	1242

170	120	1239

150	121	1218

155	121	1228

166	121	1240

170	121	1239

151	122	1218

155	122	1224

166	122	1238

170	122	1240

151	123	1222

155	123	1222

166	123	1236

170	123	1241

151	124	1223

156	124	1230

165	124	1240

171	124	1253

151	125	1225

156	125	1226

165	125	1238

171	125	1243

151	126	1224

157	126	1224

165	126	1236

171	126	1214

151	127	1222

157	127	1235

164	127	1242

171	127	1253

152	128	1219

157	128	1235

164	128	1238

170	128	1251

152	129	1222

158	129	1210

159	129	1254

163	129	1239

170	129	1251

152	130	1222

159	130	1286

163	130	1240

170	130	1256

152	131	1224

159	131	1285

163	131	1238

170	131	1253

152	132	1224

159	132	1281

162	132	1243

169	132	1255

152	133	1223

159	133	1256

162	133	1239

168	133	1248

153	134	1221

159	134	1264

161	134	1229

168	134	1257

153	135	1224

160	135	1226

168	135	1266

149	136	1221

150	136	1214

152	136	1234

167	136	1250

148	137	1215

151	137	1215

167	137	1256

147	138	1214

167	138	1262

146	139	1238

166	139	1249

147	140	1204

166	140	1253

146	141	1248

166	141	1258

146	142	1227

166	142	1261

144	143	1234

145	143	1232

166	143	1263

144	144	1226

166	144	1262

143	145	1232

166	145	1257

142	146	1237

166	146	1249

142	147	1226

167	147	1254

176	147	1282

177	147	1273

178	147	1267

179	147	1264

180	147	1264

181	147	1265

182	147	1265

183	147	1265

184	147	1269

185	147	1279

141	148	1243

168	148	1253

169	148	1276

171	148	1282

172	148	1274

173	148	1261

174	148	1256

175	148	1253

186	148	1278

141	149	1220

170	149	1250

186	149	1283

141	150	1226

183	150	1270

184	150	1281

185	150	1291

141	151	1231

181	151	1277

182	151	1293

142	152	1223

179	152	1270

180	152	1287

141	153	1223

176	153	1261

177	153	1272

178	153	1287

141	154	1240

174	154	1259

175	154	1274

141	155	1227

173	155	1261

142	156	1236

172	156	1264

142	157	1250

170	157	1249

171	157	1268

142	158	1259

169	158	1255

143	159	1231

168	159	1259

169	159	1282

143	160	1231

167	160	1265

142	161	1212

165	161	1256

166	161	1266

143	162	1249

164	162	1256

144	163	1239

163	163	1261

143	164	1260

162	164	1270

143	165	1266

161	165	1265

143	166	1267

161	166	1276

143	167	1297

160	167	1268

143	168	1306

160	168	1280

144	169	1248

160	169	1290

143	170	1283

160	170	1295

144	171	1247

160	171	1298

144	172	1252

160	172	1299

144	173	1252

161	173	1308

143	174	1279

161	174	1312

143	175	1274

161	175	1321

143	176	1263

161	176	1311

144	177	1265

161	177	1314

144	178	1267

160	178	1324

144	179	1272

160	179	1329

144	180	1274

160	180	1330

144	181	1273

159	181	1316

144	182	1274

159	182	1315

143	183	1303

159	183	1317

143	184	1299

159	184	1320

144	185	1285

159	185	1325

144	186	1285

159	186	1327

144	187	1287

159	187	1329

144	188	1294

159	188	1330

144	189	1300

158	189	1322

143	190	1303

159	190	1331

143	191	1305

158	191	1328

143	192	1307

158	192	1329

143	193	1312

157	193	1324

143	194	1318

157	194	1326

143	195	1322

144	195	1318

145	195	1314

146	195	1312

147	195	1311

148	195	1311

149	195	1310

150	195	1310

151	195	1311

152	195	1315

153	195	1318

154	195	1320

155	195	1321

156	195	1325

157	195	1330

