148	110	1186

149	110	1184

147	111	1181

150	111	1177

151	111	1191

147	112	1175

151	112	1180

147	113	1177

152	113	1194

147	114	1177

152	114	1187

167	114	1203

168	114	1206

169	114	1224

148	115	1177

152	115	1183

166	115	1200

169	115	1208

148	116	1179

153	116	1197

166	116	1196

169	116	1206

148	117	1182

153	117	1192

165	117	1207

169	117	1206

149	118	1181

153	118	1187

165	118	1205

169	118	1205

149	119	1183

154	119	1201

165	119	1203

169	119	1207

149	120	1184

154	120	1198

165	120	1201

169	120	1207

149	121	1186

154	121	1193

164	121	1205

169	121	1209

149	122	1182

155	122	1202

164	122	1204

169	122	1208

150	123	1187

155	123	1193

164	123	1200

169	123	1212

150	124	1187

155	124	1190

163	124	1205

169	124	1217

150	125	1190

156	125	1203

163	125	1204

169	125	1218

150	126	1192

156	126	1202

163	126	1204

168	126	1211

150	127	1183

157	127	1208

158	127	1230

162	127	1210

168	127	1214

151	128	1187

158	128	1236

162	128	1206

168	128	1219

151	129	1186

157	129	1214

161	129	1200

168	129	1227

151	130	1187

158	130	1240

161	130	1207

168	130	1231

151	131	1189

157	131	1214

161	131	1203

167	131	1217

151	132	1192

157	132	1211

160	132	1201

167	132	1225

151	133	1193

158	133	1214

159	133	1202

167	133	1233

148	134	1191

150	134	1213

166	134	1215

146	135	1166

147	135	1174

149	135	1175

166	135	1220

145	136	1193

166	136	1230

144	137	1191

166	137	1230

145	138	1178

165	138	1216

144	139	1231

165	139	1220

143	140	1251

165	140	1224

143	141	1209

165	141	1226

142	142	1179

165	142	1225

141	143	1176

165	143	1223

140	144	1177

165	144	1217

141	145	1190

166	145	1213

177	145	1241

178	145	1238

179	145	1235

180	145	1234

181	145	1232

182	145	1231

183	145	1233

184	145	1238

185	145	1247

140	146	1201

166	146	1207

172	146	1245

173	146	1232

174	146	1222

175	146	1219

176	146	1218

186	146	1249

139	147	1231

167	147	1207

168	147	1214

169	147	1220

170	147	1221

171	147	1216

186	147	1252

139	148	1210

183	148	1239

184	148	1251

185	148	1262

139	149	1207

181	149	1232

182	149	1248

139	150	1203

179	150	1236

180	150	1250

140	151	1190

177	151	1236

178	151	1253

139	152	1198

174	152	1225

175	152	1236

176	152	1242

140	153	1192

173	153	1232

140	154	1219

172	154	1232

141	155	1200

171	155	1227

141	156	1204

170	156	1236

141	157	1213

168	157	1223

169	157	1255

141	158	1220

166	158	1221

167	158	1238

141	159	1226

165	159	1226

141	160	1224

164	160	1227

142	161	1199

163	161	1222

142	162	1204

162	162	1229

141	163	1221

161	163	1243

142	164	1209

160	164	1237

141	165	1179

160	165	1247

142	166	1210

159	166	1232

142	167	1221

159	167	1240

142	168	1224

159	168	1247

142	169	1221

159	169	1257

142	170	1225

160	170	1284

142	171	1229

160	171	1294

141	172	1272

160	172	1293

142	173	1240

159	173	1278

142	174	1231

159	174	1282

142	175	1227

159	175	1285

142	176	1233

159	176	1282

142	177	1246

159	177	1288

142	178	1250

159	178	1294

142	179	1244

159	179	1295

142	180	1240

158	180	1280

142	181	1242

158	181	1281

142	182	1245

158	182	1286

142	183	1251

158	183	1286

142	184	1252

158	184	1287

141	185	1246

158	185	1289

142	186	1251

158	186	1292

142	187	1260

158	187	1293

141	188	1277

158	188	1293

142	189	1269

157	189	1286

142	190	1271

157	190	1291

142	191	1270

143	191	1271

144	191	1270

145	191	1268

146	191	1267

147	191	1266

148	191	1268

149	191	1269

150	191	1271

151	191	1269

152	191	1269

153	191	1271

154	191	1275

155	191	1281

156	191	1287

