190	132	1287

191	132	1287

192	132	1278

193	132	1280

194	132	1295

190	133	1286

195	133	1294

196	133	1318

190	134	1280

196	134	1301

190	135	1283

196	135	1303

189	136	1316

196	136	1292

190	137	1291

197	137	1305

191	138	1284

198	138	1339

178	139	1246

179	139	1252

192	139	1283

198	139	1324

177	140	1241

180	140	1243

181	140	1260

192	140	1295

197	140	1296

181	141	1243

182	141	1261

192	141	1299

197	141	1294

176	142	1255

181	142	1239

183	142	1267

193	142	1290

197	142	1292

177	143	1247

180	143	1239

184	143	1268

193	143	1290

198	143	1321

178	144	1247

179	144	1243

184	144	1257

193	144	1290

198	144	1312

179	145	1249

185	145	1262

193	145	1291

198	145	1309

180	146	1250

186	146	1269

193	146	1297

198	146	1307

180	147	1246

187	147	1273

188	147	1285

189	147	1322

193	147	1302

198	147	1305

181	148	1264

189	148	1312

193	148	1300

199	148	1325

210	148	1325

211	148	1313

182	149	1267

189	149	1297

193	149	1301

199	149	1324

209	149	1313

212	149	1302

183	150	1266

189	150	1290

193	150	1304

199	150	1322

208	150	1321

212	150	1297

183	151	1273

190	151	1321

193	151	1299

199	151	1321

208	151	1308

213	151	1334

183	152	1282

190	152	1302

193	152	1300

199	152	1318

207	152	1323

213	152	1336

184	153	1282

191	153	1310

192	153	1302

200	153	1341

207	153	1319

213	153	1354

184	154	1296

200	154	1332

207	154	1316

212	154	1315

184	155	1361

201	155	1347

202	155	1389

207	155	1316

212	155	1326

185	156	1361

202	156	1382

207	156	1314

212	156	1340

184	157	1389

186	157	1329

202	157	1357

206	157	1339

212	157	1357

185	158	1384

202	158	1341

206	158	1334

211	158	1326

184	159	1333

203	159	1351

206	159	1324

211	159	1328

183	160	1366

203	160	1337

206	160	1316

211	160	1331

183	161	1360

204	161	1340

205	161	1333

211	161	1333

183	162	1326

211	162	1331

181	163	1347

182	163	1325

211	163	1329

180	164	1330

211	164	1332

179	165	1318

211	165	1338

179	166	1302

211	166	1344

178	167	1348

211	167	1354

179	168	1325

211	168	1370

179	169	1334

210	169	1338

179	170	1334

210	170	1353

179	171	1342

209	171	1330

179	172	1351

209	172	1343

180	173	1311

209	173	1365

179	174	1344

180	174	1325

208	174	1339

179	175	1327

181	175	1307

208	175	1358

180	176	1331

207	176	1343

181	177	1325

207	177	1365

180	178	1324

182	178	1312

206	178	1359

181	179	1355

205	179	1368

182	180	1398

183	180	1350

204	180	1378

182	181	1395

184	181	1336

203	181	1373

185	182	1344

203	182	1378

186	183	1362

203	183	1380

186	184	1381

203	184	1388

186	185	1362

203	185	1396

186	186	1362

187	186	1373

202	186	1383

188	187	1370

202	187	1388

187	188	1388

189	188	1355

202	188	1393

188	189	1358

202	189	1396

187	190	1367

201	190	1387

187	191	1373

201	191	1389

188	192	1363

189	192	1353

201	192	1392

190	193	1371

201	193	1397

190	194	1367

200	194	1389

190	195	1372

200	195	1392

190	196	1377

200	196	1395

189	197	1397

199	197	1393

200	197	1398

188	198	1396

198	198	1397

189	199	1390

190	199	1391

196	199	1396

197	199	1398

191	200	1396

192	200	1396

193	200	1392

194	200	1394

195	200	1395

191	201	1398

187	202	1356

