152	115	1264

153	115	1265

151	116	1260

154	116	1262

151	117	1257

155	117	1270

151	118	1260

155	118	1264

151	119	1266

155	119	1263

169	119	1296

170	119	1292

171	119	1306

152	120	1264

156	120	1274

168	120	1293

171	120	1290

152	121	1264

156	121	1271

168	121	1284

172	121	1292

152	122	1264

156	122	1268

168	122	1281

172	122	1297

152	123	1261

157	123	1275

167	123	1285

172	123	1301

153	124	1263

157	124	1274

167	124	1286

172	124	1301

153	125	1266

157	125	1272

167	125	1284

173	125	1309

153	126	1267

158	126	1266

167	126	1284

172	126	1295

153	127	1268

158	127	1279

166	127	1288

172	127	1298

153	128	1268

158	128	1278

166	128	1284

171	128	1294

153	129	1268

159	129	1286

165	129	1284

171	129	1295

154	130	1267

159	130	1287

165	130	1287

171	130	1299

154	131	1268

160	131	1259

165	131	1284

171	131	1303

154	132	1271

160	132	1291

164	132	1288

170	132	1291

154	133	1272

161	133	1295

164	133	1288

170	133	1295

154	134	1272

160	134	1309

163	134	1283

170	134	1306

154	135	1273

160	135	1309

163	135	1290

170	135	1312

154	136	1270

160	136	1304

162	136	1290

169	136	1295

154	137	1273

161	137	1296

169	137	1301

151	138	1260

152	138	1258

153	138	1263

169	138	1282

149	139	1265

150	139	1252

168	139	1300

148	140	1261

168	140	1305

148	141	1257

168	141	1300

148	142	1278

167	142	1298

148	143	1297

167	143	1301

147	144	1277

167	144	1304

145	145	1273

146	145	1272

167	145	1302

145	146	1268

167	146	1296

144	147	1282

167	147	1290

144	148	1269

168	148	1291

177	148	1328

178	148	1319

179	148	1315

180	148	1314

181	148	1311

182	148	1311

183	148	1311

184	148	1316

185	148	1323

144	149	1269

169	149	1295

170	149	1312

173	149	1320

174	149	1307

175	149	1302

176	149	1299

186	149	1320

143	150	1284

171	150	1300

172	150	1297

187	150	1348

144	151	1269

183	151	1322

184	151	1331

185	151	1342

186	151	1354

144	152	1265

181	152	1315

182	152	1331

143	153	1302

179	153	1310

180	153	1323

143	154	1304

176	154	1307

177	154	1314

178	154	1320

143	155	1294

175	155	1316

144	156	1284

174	156	1315

144	157	1303

172	157	1299

173	157	1308

144	158	1311

171	158	1303

144	159	1341

170	159	1314

144	160	1315

168	160	1298

169	160	1311

145	161	1291

167	161	1305

145	162	1297

166	162	1306

145	163	1283

164	163	1293

165	163	1306

145	164	1290

163	164	1302

144	165	1348

162	165	1303

145	166	1304

162	166	1306

145	167	1285

162	167	1306

145	168	1286

161	168	1314

145	169	1295

161	169	1325

146	170	1292

161	170	1332

145	171	1301

161	171	1340

145	172	1299

161	172	1344

144	173	1330

161	173	1352

145	174	1303

161	174	1357

144	175	1306

161	175	1360

145	176	1301

161	176	1360

145	177	1310

161	177	1360

145	178	1316

160	178	1353

145	179	1315

160	179	1358

144	180	1359

160	180	1362

145	181	1318

160	181	1366

143	182	1300

144	182	1326

160	182	1369

143	183	1370

160	183	1375

143	184	1367

160	184	1378

144	185	1352

160	185	1378

145	186	1336

159	186	1362

145	187	1340

159	187	1367

144	188	1353

159	188	1370

144	189	1335

159	189	1373

144	190	1336

159	190	1376

144	191	1344

158	191	1369

144	192	1350

158	192	1372

144	193	1360

158	193	1375

144	194	1364

158	194	1377

143	195	1360

144	195	1372

145	195	1366

146	195	1359

147	195	1354

148	195	1352

149	195	1355

150	195	1357

151	195	1359

152	195	1360

153	195	1363

154	195	1366

155	195	1368

156	195	1369

157	195	1373

158	195	1379

