196	153	1678

197	153	1684

196	154	1677

198	154	1691

195	155	1673

198	155	1691

183	156	1643

184	156	1643

185	156	1644

196	156	1678

198	156	1687

183	157	1646

186	157	1651

196	157	1681

198	157	1684

183	158	1652

187	158	1659

196	158	1681

199	158	1684

184	159	1648

188	159	1664

195	159	1696

199	159	1683

185	160	1652

189	160	1663

195	160	1692

199	160	1687

185	161	1669

190	161	1663

195	161	1672

199	161	1689

186	162	1665

191	162	1663

196	162	1687

200	162	1696

187	163	1665

191	163	1663

195	163	1723

200	163	1695

187	164	1655

192	164	1672

193	164	1682

196	164	1697

200	164	1697

188	165	1669

194	165	1681

195	165	1708

200	165	1696

208	165	1669

209	165	1673

210	165	1677

189	166	1673

200	166	1696

207	166	1668

210	166	1673

189	167	1685

201	167	1697

207	167	1672

209	167	1671

189	168	1667

190	168	1675

201	168	1692

207	168	1673

209	168	1673

191	169	1677

202	169	1699

206	169	1678

209	169	1679

190	170	1671

203	170	1702

206	170	1672

209	170	1682

190	171	1656

204	171	1695

205	171	1666

209	171	1684

188	172	1650

189	172	1647

209	172	1685

187	173	1654

209	173	1684

187	174	1651

209	174	1684

187	175	1662

209	175	1685

187	176	1664

209	176	1688

186	177	1661

209	177	1692

186	178	1662

209	178	1695

186	179	1673

209	179	1701

186	180	1685

208	180	1690

186	181	1685

208	181	1694

186	182	1673

208	182	1699

186	183	1667

207	183	1699

187	184	1678

207	184	1713

187	185	1693

206	185	1702

187	186	1717

206	186	1707

188	187	1688

205	187	1703

188	188	1698

205	188	1717

189	189	1711

190	189	1691

204	189	1721

191	190	1686

204	190	1723

192	191	1701

205	191	1741

192	192	1730

205	192	1746

193	193	1709

205	193	1754

194	194	1706

206	194	1783

194	195	1711

206	195	1783

194	196	1717

206	196	1782

195	197	1716

206	197	1784

195	198	1724

206	198	1779

195	199	1727

206	199	1777

195	200	1741

206	200	1771

196	201	1728

206	201	1770

196	202	1736

206	202	1769

196	203	1745

206	203	1772

196	204	1763

207	204	1785

197	205	1748

207	205	1782

197	206	1762

207	206	1778

197	207	1776

207	207	1778

198	208	1760

207	208	1775

198	209	1767

208	209	1785

198	210	1778

208	210	1781

199	211	1775

208	211	1781

199	212	1785

209	212	1785

200	213	1776

208	213	1783

201	214	1776

207	214	1781

208	214	1785

202	215	1781

206	215	1780

203	216	1785

204	216	1784

205	216	1783

206	216	1783

