213	139	1517

199	140	1442

211	140	1487

212	140	1487

213	140	1502

197	141	1440

199	141	1436

200	141	1449

210	141	1482

213	141	1489

196	142	1440

200	142	1445

208	142	1540

209	142	1496

214	142	1505

197	143	1437

198	143	1436

199	143	1438

201	143	1464

209	143	1505

214	143	1503

197	144	1441

201	144	1458

210	144	1487

214	144	1502

197	145	1445

201	145	1456

210	145	1489

214	145	1508

198	146	1446

202	146	1471

210	146	1488

214	146	1509

198	147	1453

202	147	1466

210	147	1483

213	147	1493

198	148	1462

202	148	1461

210	148	1480

213	148	1493

199	149	1459

203	149	1468

209	149	1489

213	149	1498

199	150	1461

204	150	1478

209	150	1495

213	150	1501

199	151	1463

205	151	1502

209	151	1495

213	151	1504

200	152	1465

205	152	1508

208	152	1488

213	152	1508

200	153	1468

205	153	1510

208	153	1495

213	153	1513

200	154	1472

206	154	1522

208	154	1494

213	154	1521

200	155	1477

207	155	1481

213	155	1536

200	156	1478

212	156	1520

201	157	1478

212	157	1530

199	158	1528

200	158	1486

212	158	1542

220	158	1532

221	158	1521

222	158	1526

223	158	1560

198	159	1527

211	159	1513

219	159	1518

223	159	1547

197	160	1490

211	160	1515

218	160	1520

222	160	1519

196	161	1491

211	161	1515

217	161	1541

222	161	1542

195	162	1501

211	162	1516

217	162	1521

221	162	1516

194	163	1492

211	163	1514

217	163	1514

221	163	1536

192	164	1476

193	164	1478

212	164	1545

216	164	1524

220	164	1514

192	165	1472

212	165	1531

216	165	1511

220	165	1530

192	166	1473

212	166	1514

215	166	1522

219	166	1513

191	167	1496

213	167	1516

214	167	1523

219	167	1521

191	168	1482

219	168	1535

191	169	1477

218	169	1509

190	170	1499

218	170	1518

189	171	1570

218	171	1530

190	172	1514

218	172	1548

190	173	1502

217	173	1521

190	174	1503

216	174	1512

191	175	1482

216	175	1538

191	176	1493

215	176	1529

191	177	1505

214	177	1519

192	178	1494

214	178	1548

192	179	1512

213	179	1541

192	180	1534

212	180	1536

193	181	1516

210	181	1525

211	181	1549

193	182	1535

209	182	1544

193	183	1534

208	183	1555

193	184	1574

208	184	1583

194	185	1521

207	185	1557

194	186	1538

207	186	1572

194	187	1538

207	187	1594

193	188	1535

206	188	1570

194	189	1535

206	189	1584

194	190	1535

205	190	1567

194	191	1534

205	191	1576

193	192	1537

205	192	1584

193	193	1534

205	193	1594

193	194	1540

204	194	1581

193	195	1541

204	195	1588

193	196	1547

204	196	1595

193	197	1554

203	197	1582

192	198	1571

203	198	1587

192	199	1578

203	199	1593

192	200	1582

202	200	1586

192	201	1589

202	201	1590

192	202	1590

201	202	1590

192	203	1594

201	203	1594

192	204	1594

200	204	1595

193	205	1595

199	205	1594

194	206	1592

198	206	1593

195	207	1592

196	207	1593

197	207	1593

