194	132	1330

195	132	1322

192	133	1329

193	133	1298

196	133	1311

192	134	1302

197	134	1310

192	135	1290

198	135	1345

192	136	1288

198	136	1321

189	137	1348

191	137	1335

198	137	1305

192	138	1305

199	138	1322

193	139	1305

199	139	1316

181	140	1263

182	140	1263

183	140	1275

194	140	1299

199	140	1314

183	141	1257

184	141	1270

194	141	1314

199	141	1316

179	142	1267

184	142	1261

185	142	1274

195	142	1299

199	142	1316

183	143	1257

186	143	1277

195	143	1305

199	143	1313

180	144	1257

181	144	1256

182	144	1256

187	144	1287

195	144	1310

200	144	1331

181	145	1271

188	145	1290

195	145	1311

200	145	1328

182	146	1269

189	146	1291

195	146	1311

200	146	1329

183	147	1270

190	147	1302

191	147	1299

195	147	1315

200	147	1327

183	148	1269

191	148	1310

195	148	1314

200	148	1324

212	148	1338

213	148	1336

184	149	1285

192	149	1334

196	149	1314

201	149	1345

211	149	1325

214	149	1342

185	150	1283

192	150	1332

196	150	1315

201	150	1341

210	150	1329

214	150	1332

185	151	1289

192	151	1315

196	151	1315

201	151	1341

209	151	1346

214	151	1332

186	152	1291

192	152	1308

195	152	1317

201	152	1337

209	152	1330

214	152	1335

187	153	1291

193	153	1329

195	153	1318

202	153	1355

209	153	1323

214	153	1340

187	154	1310

194	154	1319

202	154	1344

209	154	1323

214	154	1342

187	155	1342

203	155	1360

208	155	1350

214	155	1349

188	156	1325

204	156	1387

208	156	1343

214	156	1360

187	157	1400

204	157	1370

208	157	1341

214	157	1378

187	158	1351

204	158	1358

208	158	1342

213	158	1341

187	159	1351

205	159	1378

208	159	1338

213	159	1345

187	160	1321

205	160	1359

208	160	1335

213	160	1352

185	161	1326

187	161	1294

206	161	1356

207	161	1348

213	161	1354

184	162	1352

186	162	1299

213	162	1353

184	163	1368

213	163	1353

183	164	1337

213	164	1352

182	165	1333

213	165	1355

181	166	1344

213	166	1360

182	167	1306

213	167	1371

181	168	1340

212	168	1344

182	169	1322

212	169	1353

182	170	1323

212	170	1369

181	171	1364

211	171	1349

182	172	1325

211	172	1363

182	173	1363

210	173	1345

183	174	1322

210	174	1358

183	175	1327

210	175	1373

183	176	1333

209	176	1356

183	177	1351

209	177	1375

184	178	1336

208	178	1375

184	179	1354

207	179	1385

185	180	1380

206	180	1393

186	181	1379

187	181	1338

205	181	1384

188	182	1345

205	182	1393

188	183	1386

189	183	1359

205	183	1398

187	184	1409

190	184	1370

205	184	1406

190	185	1395

205	185	1412

189	186	1390

190	186	1387

204	186	1397

188	187	1410

191	187	1399

204	187	1401

191	188	1384

204	188	1405

191	189	1379

204	189	1409

190	190	1398

191	190	1386

204	190	1413

192	191	1376

203	191	1407

191	192	1391

203	192	1408

190	193	1373

203	193	1411

190	194	1398

203	194	1414

191	195	1391

202	195	1407

192	196	1409

202	196	1413

193	197	1402

201	197	1410

193	198	1407

200	198	1414

193	199	1410

199	199	1413

191	200	1414

192	200	1412

194	200	1413

195	200	1412

196	200	1411

198	200	1412

191	201	1415

193	201	1415

197	201	1415

