164	130	1416

165	130	1419

164	131	1419

166	131	1422

164	132	1421

166	132	1423

178	132	1446

179	132	1449

180	132	1451

164	133	1422

167	133	1423

178	133	1445

180	133	1447

165	134	1425

167	134	1427

178	134	1443

180	134	1446

165	135	1425

167	135	1429

178	135	1445

180	135	1445

165	136	1426

167	136	1429

178	136	1445

180	136	1443

165	137	1423

168	137	1431

178	137	1446

180	137	1443

166	138	1426

168	138	1434

177	138	1445

180	138	1446

166	139	1428

169	139	1438

177	139	1444

180	139	1448

166	140	1430

169	140	1439

176	140	1446

180	140	1448

166	141	1430

169	141	1440

176	141	1448

179	141	1445

166	142	1433

169	142	1439

176	142	1448

179	142	1447

166	143	1433

170	143	1442

175	143	1452

179	143	1448

167	144	1434

170	144	1445

175	144	1449

179	144	1449

167	145	1433

171	145	1454

175	145	1451

179	145	1451

167	146	1434

172	146	1473

174	146	1450

178	146	1452

167	147	1433

173	147	1452

178	147	1456

166	148	1438

178	148	1455

164	149	1427

165	149	1428

178	149	1456

163	150	1418

177	150	1450

162	151	1416

177	151	1453

162	152	1412

177	152	1453

161	153	1413

177	153	1452

160	154	1455

177	154	1450

160	155	1429

177	155	1453

159	156	1421

177	156	1453

158	157	1428

177	157	1449

157	158	1441

178	158	1448

179	158	1443

185	158	1468

186	158	1461

187	158	1458

188	158	1458

189	158	1461

190	158	1464

191	158	1467

192	158	1471

193	158	1476

194	158	1484

156	159	1422

180	159	1454

182	159	1461

183	159	1465

184	159	1460

192	159	1472

193	159	1480

156	160	1446

181	160	1451

190	160	1465

191	160	1468

156	161	1462

188	161	1466

189	161	1469

157	162	1436

186	162	1461

187	162	1463

156	163	1419

184	163	1454

185	163	1460

156	164	1432

183	164	1450

156	165	1427

157	165	1443

182	165	1451

158	166	1436

180	166	1451

181	166	1457

158	167	1441

179	167	1448

158	168	1453

178	168	1448

158	169	1464

177	169	1447

159	170	1435

176	170	1447

159	171	1442

175	171	1453

159	172	1445

174	172	1461

159	173	1460

173	173	1462

159	174	1466

173	174	1464

159	175	1456

172	175	1459

159	176	1455

172	176	1465

158	177	1439

172	177	1476

158	178	1461

172	178	1488

159	179	1466

172	179	1496

159	180	1464

172	180	1499

158	181	1495

172	181	1500

159	182	1468

172	182	1505

159	183	1472

172	183	1513

158	184	1480

172	184	1518

158	185	1500

172	185	1524

158	186	1511

172	186	1530

158	187	1498

172	187	1538

158	188	1516

172	188	1541

159	189	1497

172	189	1543

159	190	1500

171	190	1527

159	191	1504

171	191	1533

158	192	1531

171	192	1537

158	193	1520

171	193	1539

159	194	1509

171	194	1543

158	195	1521

171	195	1544

158	196	1529

170	196	1536

158	197	1533

170	197	1542

158	198	1542

170	198	1544

159	199	1533

160	199	1525

161	199	1525

162	199	1525

163	199	1525

164	199	1525

165	199	1526

166	199	1532

167	199	1535

168	199	1538

169	199	1542

