135	92	1088

136	92	1085

137	92	1088

138	92	1097

134	93	1086

139	93	1102

134	94	1084

139	94	1095

134	95	1084

140	95	1120

134	96	1085

140	96	1112

153	96	1128

154	96	1127

155	96	1140

134	97	1089

140	97	1104

152	97	1125

156	97	1145

134	98	1089

140	98	1100

152	98	1118

156	98	1132

135	99	1089

140	99	1100

151	99	1123

156	99	1129

135	100	1094

141	100	1121

151	100	1119

156	100	1129

135	101	1099

141	101	1114

151	101	1118

156	101	1132

135	102	1097

141	102	1108

151	102	1118

156	102	1137

135	103	1098

141	103	1105

150	103	1122

156	103	1144

135	104	1098

142	104	1119

150	104	1123

156	104	1152

135	105	1100

142	105	1122

150	105	1121

156	105	1156

135	106	1099

142	106	1118

150	106	1118

156	106	1159

135	107	1101

142	107	1116

149	107	1124

155	107	1131

135	108	1103

143	108	1117

149	108	1126

155	108	1136

135	109	1097

143	109	1123

149	109	1126

155	109	1143

136	110	1099

143	110	1122

148	110	1121

155	110	1148

136	111	1104

144	111	1152

148	111	1129

155	111	1155

136	112	1110

144	112	1145

148	112	1126

155	112	1163

136	113	1114

143	113	1125

147	113	1123

155	113	1172

136	114	1115

144	114	1164

147	114	1127

154	114	1144

137	115	1110

144	115	1168

147	115	1128

154	115	1151

137	116	1112

144	116	1160

147	116	1130

154	116	1156

137	117	1112

144	117	1138

146	117	1119

154	117	1164

136	118	1121

145	118	1129

154	118	1173

131	119	1099

132	119	1094

133	119	1101

134	119	1100

135	119	1106

153	119	1148

131	120	1093

153	120	1153

130	121	1101

153	121	1158

126	122	1133

128	122	1184

129	122	1128

153	122	1159

126	123	1108

127	123	1119

153	123	1159

166	123	1139

167	123	1136

168	123	1135

169	123	1136

170	123	1140

171	123	1154

125	124	1103

153	124	1159

163	124	1143

164	124	1136

165	124	1129

172	124	1149

123	125	1123

124	125	1107

153	125	1155

158	125	1191

159	125	1176

160	125	1155

161	125	1141

162	125	1134

173	125	1188

122	126	1153

153	126	1148

157	126	1187

173	126	1194

122	127	1139

154	127	1164

155	127	1171

156	127	1189

171	127	1171

172	127	1196

122	128	1105

169	128	1162

170	128	1192

120	129	1082

121	129	1103

168	129	1173

120	130	1078

167	130	1179

121	131	1139

166	131	1187

120	132	1164

165	132	1182

120	133	1146

164	133	1177

119	134	1114

163	134	1178

120	135	1149

162	135	1178

119	136	1091

120	136	1119

161	136	1168

121	137	1099

160	137	1157

121	138	1156

159	138	1153

122	139	1120

159	139	1182

121	140	1152

157	140	1160

158	140	1184

121	141	1161

156	141	1162

121	142	1128

155	142	1159

121	143	1142

154	143	1160

120	144	1121

122	144	1199

154	144	1186

121	145	1137

123	145	1167

153	145	1184

121	146	1154

122	146	1185

151	146	1161

152	146	1181

121	147	1155

122	147	1179

150	147	1169

123	148	1145

149	148	1180

122	149	1166

123	149	1170

148	149	1177

122	150	1156

124	150	1149

148	150	1184

122	151	1133

123	151	1184

147	151	1165

122	152	1119

124	152	1125

147	152	1174

121	153	1174

123	153	1119

147	153	1182

121	154	1175

122	154	1090

147	154	1190

122	155	1084

147	155	1189

121	156	1123

146	156	1184

121	157	1142

146	157	1196

121	158	1144

146	158	1202

121	159	1125

146	159	1207

120	160	1110

146	160	1210

119	161	1135

146	161	1209

120	162	1122

145	162	1206

118	163	1157

119	163	1137

145	163	1213

118	164	1139

144	164	1197

118	165	1114

144	165	1205

118	166	1138

144	166	1210

118	167	1137

144	167	1213

117	168	1172

143	168	1203

118	169	1176

119	169	1143

120	169	1140

121	169	1135

122	169	1132

123	169	1130

124	169	1130

125	169	1130

126	169	1131

127	169	1130

128	169	1132

129	169	1130

130	169	1131

131	169	1131

132	169	1134

133	169	1137

134	169	1138

135	169	1142

136	169	1144

137	169	1150

138	169	1156

139	169	1161

140	169	1166

141	169	1174

142	169	1186

143	169	1206

