169	153	1741

170	153	1745

168	154	1746

170	154	1741

169	155	1742

171	155	1749

169	156	1744

171	156	1743

181	156	1764

182	156	1758

170	157	1743

172	157	1763

181	157	1761

182	157	1757

169	158	1753

171	158	1744

180	158	1766

182	158	1758

169	159	1769

172	159	1754

180	159	1763

182	159	1764

170	160	1749

172	160	1749

179	160	1753

182	160	1764

170	161	1752

172	161	1748

179	161	1764

182	161	1767

171	162	1748

173	162	1758

179	162	1762

182	162	1765

171	163	1751

173	163	1757

178	163	1778

182	163	1772

171	164	1756

173	164	1758

178	164	1772

181	164	1761

171	165	1759

173	165	1760

177	165	1777

181	165	1769

171	166	1760

174	166	1769

177	166	1769

181	166	1771

171	167	1759

175	167	1787

176	167	1778

181	167	1777

170	168	1759

180	168	1767

169	169	1734

180	169	1778

168	170	1732

180	170	1786

167	171	1742

180	171	1796

167	172	1748

180	172	1798

166	173	1777

179	173	1772

165	174	1762

179	174	1768

164	175	1776

179	175	1760

164	176	1758

180	176	1759

187	176	1779

188	176	1775

189	176	1774

190	176	1775

191	176	1778

192	176	1785

193	176	1796

163	177	1760

181	177	1760

182	177	1766

183	177	1767

184	177	1767

185	177	1766

186	177	1767

191	177	1780

192	177	1789

164	178	1752

189	178	1774

190	178	1784

164	179	1749

187	179	1777

188	179	1780

163	180	1762

186	180	1789

164	181	1753

185	181	1782

164	182	1764

183	182	1758

184	182	1779

165	183	1749

182	183	1761

165	184	1752

180	184	1760

181	184	1774

165	185	1757

179	185	1765

165	186	1765

178	186	1768

165	187	1777

177	187	1782

165	188	1779

176	188	1783

165	189	1778

175	189	1772

165	190	1778

175	190	1778

165	191	1780

175	191	1786

165	192	1780

174	192	1779

166	193	1777

175	193	1805

166	194	1777

175	194	1816

166	195	1782

175	195	1826

165	196	1804

175	196	1837

165	197	1811

175	197	1840

165	198	1812

175	198	1842

165	199	1815

175	199	1847

165	200	1826

175	200	1854

166	201	1811

174	201	1835

166	202	1816

174	202	1839

165	203	1844

174	203	1845

166	204	1833

174	204	1848

166	205	1841

174	205	1850

166	206	1840

174	206	1854

166	207	1844

173	207	1845

166	208	1849

173	208	1850

167	209	1846

168	209	1841

169	209	1842

170	209	1845

171	209	1850

172	209	1849

173	209	1854

