155	107	1223

156	107	1221

157	107	1226

154	108	1219

158	108	1227

154	109	1216

158	109	1221

154	110	1217

159	110	1228

154	111	1222

159	111	1231

170	111	1277

171	111	1268

172	111	1280

154	112	1223

159	112	1230

169	112	1273

173	112	1276

154	113	1230

159	113	1230

169	113	1253

173	113	1265

154	114	1232

159	114	1230

168	114	1271

173	114	1262

154	115	1235

159	115	1228

168	115	1262

173	115	1264

154	116	1230

160	116	1229

168	116	1256

173	116	1269

154	117	1232

160	117	1232

168	117	1255

173	117	1274

154	118	1233

160	118	1236

167	118	1261

173	118	1259

154	119	1236

160	119	1240

167	119	1256

172	119	1266

154	120	1242

160	120	1242

167	120	1250

172	120	1269

154	121	1242

160	121	1244

166	121	1263

172	121	1272

154	122	1242

161	122	1244

166	122	1253

172	122	1273

154	123	1248

162	123	1294

166	123	1250

172	123	1274

154	124	1247

161	124	1256

165	124	1261

172	124	1279

154	125	1223

162	125	1285

165	125	1253

172	125	1287

155	126	1238

162	126	1279

164	126	1264

172	126	1288

155	127	1240

161	127	1263

164	127	1258

172	127	1285

155	128	1243

161	128	1264

164	128	1256

171	128	1284

155	129	1247

161	129	1263

163	129	1246

171	129	1289

151	130	1242

152	130	1248

154	130	1239

162	130	1262

171	130	1295

150	131	1212

153	131	1218

171	131	1297

149	132	1243

170	132	1283

148	133	1257

170	133	1291

145	134	1234

146	134	1257

147	134	1258

170	134	1298

181	134	1297

182	134	1286

183	134	1283

184	134	1286

185	134	1289

145	135	1214

170	135	1304

179	135	1286

180	135	1272

186	135	1281

144	136	1221

170	136	1306

178	136	1281

187	136	1286

143	137	1238

170	137	1301

175	137	1287

176	137	1271

177	137	1258

187	137	1296

142	138	1237

171	138	1306

174	138	1291

185	138	1273

186	138	1290

142	139	1231

172	139	1318

173	139	1286

184	139	1278

141	140	1232

183	140	1282

140	141	1240

182	141	1283

140	142	1229

141	142	1228

181	142	1280

142	143	1218

180	143	1280

141	144	1243

178	144	1264

179	144	1265

142	145	1222

177	145	1263

141	146	1210

177	146	1278

139	147	1185

141	147	1214

176	147	1282

141	148	1229

175	148	1277

141	149	1230

174	149	1275

142	150	1237

173	150	1282

142	151	1248

172	151	1283

142	152	1259

171	152	1281

142	153	1262

170	153	1285

143	154	1253

169	154	1282

143	155	1246

168	155	1281

144	156	1233

166	156	1279

167	156	1282

143	157	1267

165	157	1293

143	158	1258

164	158	1290

142	159	1270

163	159	1276

143	160	1236

163	160	1281

142	161	1263

163	161	1288

142	162	1246

163	162	1294

141	163	1234

163	163	1299

142	164	1234

162	164	1299

141	165	1241

162	165	1310

139	166	1226

140	166	1245

162	166	1323

139	167	1236

161	167	1310

139	168	1246

162	168	1320

138	169	1240

140	169	1238

161	169	1326

138	170	1211

139	170	1229

160	170	1311

139	171	1238

160	171	1318

137	172	1236

138	172	1244

160	172	1325

138	173	1249

159	173	1314

138	174	1244

159	174	1321

138	175	1246

158	175	1308

136	176	1237

137	176	1256

158	176	1311

137	177	1254

158	177	1320

134	178	1267

135	178	1276

136	178	1266

157	178	1309

135	179	1259

157	179	1316

135	180	1228

157	180	1322

134	181	1176

156	181	1310

134	182	1236

156	182	1314

134	183	1240

156	183	1316

133	184	1262

156	184	1319

134	185	1257

156	185	1325

134	186	1259

155	186	1317

133	187	1261

134	187	1264

135	187	1268

136	187	1270

137	187	1271

138	187	1272

139	187	1270

140	187	1268

141	187	1266

142	187	1266

143	187	1267

144	187	1270

145	187	1271

146	187	1273

147	187	1274

148	187	1276

149	187	1278

150	187	1279

151	187	1284

152	187	1291

153	187	1300

154	187	1309

155	187	1321

