188	157	1728

189	157	1732

188	158	1733

190	158	1738

188	159	1735

191	159	1743

188	160	1742

191	160	1740

188	161	1729

191	161	1737

175	162	1694

176	162	1691

177	162	1698

189	162	1743

192	162	1745

175	163	1695

178	163	1702

179	163	1709

189	163	1746

192	163	1742

175	164	1713

176	164	1703

180	164	1709

189	164	1751

193	164	1747

177	165	1707

181	165	1710

189	165	1758

193	165	1744

178	166	1708

182	166	1717

189	166	1746

193	166	1743

179	167	1709

183	167	1715

190	167	1742

193	167	1741

180	168	1717

184	168	1718

190	168	1739

194	168	1750

205	168	1722

181	169	1720

185	169	1719

189	169	1751

194	169	1745

204	169	1722

205	169	1726

181	170	1739

186	170	1726

187	170	1737

189	170	1748

194	170	1745

202	170	1718

203	170	1722

205	170	1728

182	171	1738

188	171	1741

195	171	1751

202	171	1728

204	171	1725

183	172	1742

195	172	1749

202	172	1730

204	172	1728

184	173	1739

196	173	1749

201	173	1731

204	173	1730

185	174	1739

196	174	1739

201	174	1734

204	174	1733

185	175	1736

197	175	1739

200	175	1737

204	175	1732

184	176	1711

198	176	1746

199	176	1752

204	176	1736

183	177	1710

204	177	1735

182	178	1727

204	178	1736

182	179	1740

204	179	1735

182	180	1736

204	180	1736

182	181	1727

204	181	1738

182	182	1718

204	182	1745

182	183	1722

203	183	1742

182	184	1733

203	184	1754

182	185	1739

203	185	1764

182	186	1741

202	186	1746

182	187	1744

202	187	1751

183	188	1736

201	188	1741

183	189	1744

201	189	1753

184	190	1741

200	190	1751

184	191	1755

200	191	1768

185	192	1749

200	192	1779

186	193	1745

201	193	1795

187	194	1749

201	194	1795

188	195	1753

202	195	1819

189	196	1761

202	196	1817

190	197	1756

202	197	1815

191	198	1763

202	198	1810

191	199	1771

203	199	1829

191	200	1777

203	200	1825

192	201	1771

203	201	1822

192	202	1779

203	202	1819

192	203	1789

204	203	1834

193	204	1782

204	204	1827

193	205	1794

204	205	1824

193	206	1809

205	206	1831

194	207	1802

205	207	1825

194	208	1813

205	208	1822

195	209	1809

206	209	1833

195	210	1822

206	210	1829

196	211	1813

206	211	1830

196	212	1820

206	212	1830

196	213	1829

206	213	1831

197	214	1831

207	214	1832

198	215	1830

207	215	1830

199	216	1830

206	216	1829

207	216	1829

236	216	1831

200	217	1833

201	217	1828

202	217	1828

205	217	1830

236	217	1830

203	218	1834

204	218	1834

236	218	1826

236	219	1826

236	220	1824

235	221	1834

236	221	1824

235	222	1833

236	222	1822

235	223	1833

236	223	1822

235	224	1829

236	224	1819

234	225	1832

236	225	1818

234	226	1828

235	226	1819

236	226	1813

