154	120	1311

155	120	1310

154	121	1310

156	121	1309

157	121	1299

154	122	1310

157	122	1315

154	123	1310

157	123	1315

171	123	1346

154	124	1310

158	124	1316

169	124	1343

170	124	1339

172	124	1343

154	125	1312

158	125	1319

169	125	1337

173	125	1345

154	126	1312

158	126	1319

169	126	1335

173	126	1344

155	127	1314

158	127	1319

169	127	1337

173	127	1345

155	128	1315

158	128	1321

168	128	1337

173	128	1347

155	129	1316

159	129	1324

168	129	1338

173	129	1336

155	130	1316

159	130	1324

168	130	1336

173	130	1312

155	131	1317

160	131	1330

167	131	1338

173	131	1357

155	132	1318

160	132	1328

167	132	1340

172	132	1348

156	133	1321

160	133	1330

167	133	1340

172	133	1349

156	134	1324

161	134	1327

167	134	1339

171	134	1340

156	135	1325

162	135	1341

166	135	1342

171	135	1343

157	136	1324

162	136	1357

165	136	1316

171	136	1349

157	137	1324

162	137	1363

165	137	1342

171	137	1355

157	138	1324

161	138	1339

165	138	1338

170	138	1346

157	139	1324

162	139	1361

164	139	1340

170	139	1349

156	140	1322

163	140	1343

170	140	1353

154	141	1311

155	141	1313

170	141	1359

152	142	1312

153	142	1303

170	142	1360

151	143	1318

169	143	1355

150	144	1334

169	144	1356

149	145	1322

169	145	1357

150	146	1323

169	146	1355

149	147	1308

168	147	1347

148	148	1312

168	148	1349

147	149	1323

168	149	1347

147	150	1320

169	150	1345

147	151	1317

169	151	1339

177	151	1369

178	151	1363

179	151	1358

180	151	1356

181	151	1355

182	151	1360

183	151	1359

184	151	1360

185	151	1361

186	151	1370

145	152	1344

146	152	1322

170	152	1339

171	152	1353

172	152	1364

173	152	1368

174	152	1366

175	152	1360

176	152	1352

187	152	1379

145	153	1315

185	153	1370

186	153	1380

146	154	1317

182	154	1364

183	154	1370

184	154	1378

146	155	1318

181	155	1366

146	156	1320

178	156	1362

179	156	1367

180	156	1372

146	157	1330

176	157	1354

177	157	1370

146	158	1354

175	158	1348

147	159	1328

173	159	1342

174	159	1351

147	160	1341

172	160	1344

147	161	1356

170	161	1339

171	161	1348

147	162	1359

169	162	1340

147	163	1365

169	163	1354

146	164	1422

147	164	1363

167	164	1342

168	164	1353

148	165	1335

166	165	1348

148	166	1336

165	166	1350

147	167	1345

164	167	1354

148	168	1328

163	168	1352

148	169	1337

163	169	1360

148	170	1346

162	170	1355

147	171	1397

162	171	1359

148	172	1345

162	172	1365

147	173	1370

162	173	1373

147	174	1369

162	174	1381

148	175	1342

162	175	1390

148	176	1349

162	176	1396

147	177	1370

162	177	1401

147	178	1368

162	178	1402

147	179	1370

162	179	1408

147	180	1388

162	180	1413

147	181	1394

162	181	1417

147	182	1391

162	182	1420

147	183	1379

162	183	1426

147	184	1383

162	184	1428

147	185	1385

162	185	1432

147	186	1395

162	186	1432

147	187	1390

161	187	1418

147	188	1389

161	188	1420

147	189	1387

161	189	1425

147	190	1393

161	190	1426

146	191	1414

161	191	1428

146	192	1408

161	192	1430

146	193	1412

160	193	1424

146	194	1417

160	194	1427

146	195	1419

160	195	1431

146	196	1416

147	196	1413

148	196	1410

149	196	1409

150	196	1405

151	196	1404

152	196	1405

153	196	1408

154	196	1409

155	196	1410

156	196	1412

157	196	1414

158	196	1419

159	196	1424

