161	103	1292

162	103	1292

163	103	1300

160	104	1284

164	104	1299

160	105	1284

164	105	1292

160	106	1284

164	106	1288

177	106	1325

178	106	1321

179	106	1331

160	107	1286

165	107	1301

176	107	1319

180	107	1332

160	108	1290

165	108	1298

176	108	1309

180	108	1324

160	109	1285

165	109	1298

176	109	1307

180	109	1324

161	110	1293

165	110	1296

175	110	1317

180	110	1325

161	111	1293

166	111	1306

175	111	1315

180	111	1328

161	112	1294

166	112	1304

175	112	1313

180	112	1327

161	113	1294

166	113	1302

175	113	1312

179	113	1321

161	114	1296

167	114	1307

174	114	1315

179	114	1324

161	115	1300

167	115	1304

174	115	1314

179	115	1326

161	116	1299

167	116	1304

174	116	1313

179	116	1328

162	117	1303

168	117	1285

173	117	1316

179	117	1333

162	118	1303

169	118	1358

173	118	1318

179	118	1336

162	119	1304

169	119	1339

173	119	1318

179	119	1333

162	120	1306

169	120	1326

172	120	1326

178	120	1330

162	121	1308

169	121	1329

172	121	1322

178	121	1333

163	122	1305

170	122	1312

172	122	1322

178	122	1337

163	123	1309

171	123	1317

178	123	1344

163	124	1314

178	124	1350

163	125	1318

178	125	1348

160	126	1348

161	126	1317

162	126	1324

178	126	1350

159	127	1303

178	127	1350

157	128	1307

158	128	1287

178	128	1351

156	129	1365

179	129	1339

155	130	1335

178	130	1343

180	130	1324

181	130	1366

182	130	1375

183	130	1363

184	130	1356

185	130	1349

186	130	1337

187	130	1327

188	130	1326

189	130	1325

190	130	1329

191	130	1333

192	130	1340

193	130	1351

155	131	1298

177	131	1335

180	131	1289

194	131	1350

154	132	1293

178	132	1354

179	132	1360

195	132	1373

153	133	1298

194	133	1350

195	133	1369

152	134	1351

192	134	1350

193	134	1369

152	135	1335

191	135	1357

151	136	1364

189	136	1357

190	136	1370

191	136	1334

150	137	1372

187	137	1350

188	137	1370

150	138	1337

151	138	1325

186	138	1352

152	139	1305

185	139	1352

151	140	1360

184	140	1350

151	141	1354

183	141	1347

152	142	1307

182	142	1342

152	143	1307

181	143	1341

151	144	1334

152	144	1311

180	144	1345

153	145	1306

179	145	1342

153	146	1308

179	146	1353

153	147	1321

178	147	1352

152	148	1343

154	148	1325

177	148	1347

152	149	1337

153	149	1344

176	149	1351

153	150	1335

175	150	1356

153	151	1318

174	151	1360

153	152	1321

173	152	1352

154	153	1351

173	153	1352

153	154	1338

173	154	1357

152	155	1296

173	155	1367

152	156	1310

173	156	1358

153	157	1336

173	157	1357

152	158	1336

172	158	1371

152	159	1330

172	159	1378

151	160	1347

172	160	1382

151	161	1333

172	161	1385

151	162	1331

172	162	1383

150	163	1318

172	163	1374

150	164	1324

171	164	1384

149	165	1328

171	165	1392

150	166	1331

171	166	1396

149	167	1344

171	167	1399

148	168	1355

170	168	1394

147	169	1380

148	169	1348

170	169	1398

149	170	1343

170	170	1401

149	171	1341

170	171	1405

148	172	1342

170	172	1404

148	173	1347

170	173	1396

147	174	1339

169	174	1405

147	175	1338

169	175	1408

146	176	1326

168	176	1403

146	177	1336

168	177	1407

147	178	1344

167	178	1399

146	179	1341

147	179	1344

148	179	1344

149	179	1345

150	179	1345

151	179	1346

152	179	1345

153	179	1342

154	179	1342

155	179	1342

156	179	1343

157	179	1343

158	179	1342

159	179	1343

160	179	1346

161	179	1351

162	179	1355

163	179	1360

164	179	1366

165	179	1377

166	179	1388

167	179	1404

