160	103	1290

161	103	1288

162	103	1289

163	103	1295

160	104	1281

164	104	1290

160	105	1280

164	105	1287

160	106	1279

165	106	1299

177	106	1322

178	106	1318

179	106	1330

160	107	1284

165	107	1301

176	107	1318

180	107	1336

160	108	1288

165	108	1295

176	108	1312

180	108	1323

161	109	1284

165	109	1291

176	109	1308

180	109	1321

161	110	1287

166	110	1293

175	110	1315

180	110	1323

161	111	1288

166	111	1300

175	111	1312

180	111	1329

161	112	1291

166	112	1298

175	112	1311

180	112	1336

161	113	1292

166	113	1298

175	113	1311

179	113	1319

161	114	1291

167	114	1307

174	114	1315

179	114	1323

161	115	1291

167	115	1305

174	115	1310

179	115	1324

161	116	1277

167	116	1305

174	116	1308

179	116	1326

162	117	1299

168	117	1308

173	117	1308

179	117	1330

162	118	1300

169	118	1311

170	118	1344

173	118	1314

179	118	1333

162	119	1303

169	119	1328

173	119	1313

179	119	1339

162	120	1306

170	120	1366

172	120	1316

178	120	1325

162	121	1273

169	121	1332

172	121	1316

178	121	1331

163	122	1302

169	122	1327

172	122	1317

178	122	1336

163	123	1305

170	123	1330

171	123	1314

178	123	1340

163	124	1312

178	124	1340

163	125	1320

178	125	1339

160	126	1312

161	126	1319

162	126	1320

178	126	1342

158	127	1301

159	127	1296

178	127	1346

157	128	1309

178	128	1344

156	129	1311

179	129	1310

155	130	1304

178	130	1341

180	130	1298

182	130	1335

183	130	1364

184	130	1350

185	130	1352

186	130	1333

187	130	1325

188	130	1327

189	130	1328

190	130	1330

191	130	1334

192	130	1343

193	130	1355

155	131	1287

177	131	1334

181	131	1388

194	131	1345

153	132	1324

154	132	1295

178	132	1342

179	132	1349

180	132	1363

195	132	1364

153	133	1301

195	133	1371

153	134	1296

192	134	1354

193	134	1369

194	134	1371

153	135	1298

191	135	1359

151	136	1346

152	136	1304

189	136	1356

190	136	1365

151	137	1339

187	137	1352

188	137	1367

151	138	1319

186	138	1355

151	139	1293

185	139	1350

151	140	1311

184	140	1347

151	141	1317

183	141	1344

152	142	1310

182	142	1340

151	143	1353

152	143	1319

181	143	1342

153	144	1306

180	144	1345

152	145	1343

179	145	1340

152	146	1313

179	146	1350

153	147	1334

178	147	1350

153	148	1316

177	148	1352

152	149	1299

153	149	1368

176	149	1353

154	150	1340

175	150	1357

154	151	1351

174	151	1358

153	152	1359

174	152	1363

153	153	1336

173	153	1354

153	154	1320

173	154	1357

153	155	1338

173	155	1358

153	156	1333

172	156	1354

153	157	1331

173	157	1370

152	158	1378

172	158	1368

151	159	1334

172	159	1377

151	160	1343

172	160	1381

150	161	1362

172	161	1385

150	162	1367

172	162	1383

150	163	1340

171	163	1381

149	164	1302

171	164	1387

149	165	1311

171	165	1392

149	166	1337

171	166	1395

148	167	1367

171	167	1395

148	168	1365

171	168	1394

148	169	1357

170	169	1389

147	170	1363

149	170	1338

170	170	1395

147	171	1355

148	171	1331

170	171	1400

147	172	1301

170	172	1404

146	173	1269

169	173	1400

146	174	1263

169	174	1404

146	175	1307

168	175	1402

146	176	1330

168	176	1404

145	177	1354

167	177	1394

145	178	1359

167	178	1395

145	179	1352

146	179	1342

147	179	1346

148	179	1347

149	179	1347

150	179	1345

151	179	1343

152	179	1342

153	179	1342

154	179	1342

155	179	1342

156	179	1342

157	179	1342

158	179	1343

159	179	1345

160	179	1346

161	179	1348

162	179	1352

163	179	1359

164	179	1367

165	179	1375

166	179	1386

167	179	1400

