174	144	1604

175	144	1608

174	145	1604

175	145	1607

174	146	1608

176	146	1614

186	146	1634

187	146	1634

174	147	1607

176	147	1610

186	147	1635

187	147	1636

175	148	1612

176	148	1613

186	148	1634

187	148	1635

175	149	1615

177	149	1621

186	149	1635

187	149	1636

175	150	1615

177	150	1622

185	150	1632

187	150	1635

175	151	1618

177	151	1623

185	151	1632

187	151	1634

175	152	1619

177	152	1622

185	152	1630

187	152	1634

176	153	1618

178	153	1626

184	153	1636

187	153	1635

176	154	1618

178	154	1623

183	154	1637

187	154	1637

176	155	1622

178	155	1627

183	155	1641

187	155	1642

176	156	1625

178	156	1629

182	156	1654

186	156	1636

176	157	1627

179	157	1637

181	157	1688

186	157	1639

176	158	1627

180	158	1652

182	158	1642

186	158	1642

176	159	1629

181	159	1640

186	159	1647

175	160	1616

185	160	1642

173	161	1607

174	161	1601

185	161	1643

172	162	1612

185	162	1645

172	163	1611

185	163	1644

172	164	1615

185	164	1646

171	165	1620

184	165	1638

170	166	1607

185	166	1643

169	167	1613

185	167	1639

196	167	1651

197	167	1651

198	167	1656

199	167	1657

168	168	1630

186	168	1640

191	168	1640

192	168	1645

193	168	1649

194	168	1649

195	168	1649

198	168	1659

199	168	1661

168	169	1619

187	169	1637

188	169	1636

189	169	1637

190	169	1638

197	169	1656

168	170	1622

195	170	1654

196	170	1651

168	171	1621

193	171	1647

194	171	1653

168	172	1625

191	172	1641

192	172	1650

168	173	1625

190	173	1635

168	174	1630

189	174	1635

168	175	1645

188	175	1632

169	176	1631

186	176	1624

187	176	1632

169	177	1630

185	177	1621

170	178	1622

184	178	1621

169	179	1646

183	179	1628

170	180	1630

183	180	1643

170	181	1637

182	181	1651

170	182	1640

181	182	1648

170	183	1643

181	183	1654

169	184	1666

180	184	1642

170	185	1648

181	185	1667

170	186	1653

181	186	1678

169	187	1646

181	187	1689

169	188	1667

181	188	1695

169	189	1684

181	189	1700

170	190	1659

181	190	1711

169	191	1688

181	191	1721

169	192	1688

180	192	1705

169	193	1687

180	193	1715

169	194	1685

180	194	1720

169	195	1695

180	195	1718

170	196	1691

180	196	1719

169	197	1717

180	197	1722

169	198	1720

180	198	1729

169	199	1719

180	199	1732

169	200	1721

179	200	1718

169	201	1725

179	201	1722

169	202	1728

179	202	1727

169	203	1728

179	203	1733

169	204	1734

170	204	1717

171	204	1711

172	204	1707

173	204	1707

174	204	1706

175	204	1713

176	204	1720

177	204	1726

178	204	1731

