212	147	1639

213	147	1639

199	148	1602

200	148	1604

211	148	1614

214	148	1642

199	149	1603

201	149	1610

211	149	1631

215	149	1647

199	150	1608

202	150	1616

211	150	1629

215	150	1651

199	151	1612

202	151	1618

212	151	1641

215	151	1654

199	152	1614

203	152	1619

212	152	1641

216	152	1661

200	153	1617

203	153	1622

213	153	1640

215	153	1652

200	154	1610

204	154	1627

213	154	1637

215	154	1653

201	155	1619

205	155	1628

212	155	1640

215	155	1651

201	156	1623

205	156	1628

211	156	1645

215	156	1652

202	157	1621

206	157	1634

211	157	1648

215	157	1651

202	158	1621

206	158	1637

210	158	1656

216	158	1662

203	159	1626

207	159	1641

209	159	1677

215	159	1654

203	160	1625

208	160	1654

215	160	1655

224	160	1652

204	161	1632

215	161	1658

222	161	1639

223	161	1642

224	161	1650

203	162	1639

216	162	1669

221	162	1634

224	162	1650

204	163	1639

217	163	1674

220	163	1636

224	163	1654

203	164	1663

217	164	1695

220	164	1638

224	164	1658

203	165	1626

218	165	1635

219	165	1642

224	165	1663

201	166	1609

202	166	1611

218	166	1636

223	166	1649

200	167	1609

217	167	1674

219	167	1642

223	167	1659

199	168	1646

218	168	1651

223	168	1663

199	169	1618

223	169	1670

198	170	1609

223	170	1672

198	171	1618

223	171	1681

198	172	1617

222	172	1658

198	173	1635

222	173	1667

197	174	1639

222	174	1681

197	175	1653

222	175	1699

197	176	1655

221	176	1671

197	177	1643

221	177	1688

198	178	1650

220	178	1682

198	179	1638

220	179	1700

198	180	1638

220	180	1729

198	181	1652

220	181	1741

199	182	1649

219	182	1722

200	183	1657

219	183	1728

200	184	1667

216	184	1686

217	184	1680

218	184	1697

200	185	1654

215	185	1695

218	185	1666

201	186	1641

215	186	1703

202	187	1677

216	187	1729

203	188	1674

216	188	1746

203	189	1675

215	189	1724

203	190	1666

215	190	1737

203	191	1699

215	191	1745

203	192	1709

214	192	1719

204	193	1685

214	193	1722

203	194	1699

214	194	1723

204	195	1686

214	195	1724

204	196	1689

215	196	1744

204	197	1695

215	197	1742

205	198	1693

215	198	1744

205	199	1698

215	199	1745

205	200	1700

215	200	1744

205	201	1710

215	201	1741

205	202	1720

215	202	1739

205	203	1720

215	203	1741

205	204	1723

215	204	1743

205	205	1733

214	205	1738

206	206	1727

214	206	1739

206	207	1733

214	207	1742

206	208	1734

214	208	1742

206	209	1740

214	209	1745

207	210	1746

208	210	1739

212	210	1745

213	210	1745

209	211	1741

211	211	1743

209	212	1747

210	212	1746

211	212	1745

