188	128	1246

189	128	1234

190	128	1235

191	128	1244

187	129	1253

192	129	1245

187	130	1240

192	130	1232

187	131	1240

193	131	1239

187	132	1251

194	132	1258

188	133	1237

195	133	1281

173	134	1201

174	134	1190

175	134	1195

188	134	1243

195	134	1263

172	135	1197

176	135	1196

188	135	1253

195	135	1265

171	136	1200

176	136	1190

177	136	1208

188	136	1265

195	136	1261

171	137	1195

176	137	1188

178	137	1212

189	137	1250

195	137	1250

172	138	1195

175	138	1188

179	138	1220

190	138	1241

196	138	1278

173	139	1198

174	139	1191

180	139	1223

190	139	1243

196	139	1279

174	140	1198

181	140	1224

190	140	1244

196	140	1276

175	141	1200

182	141	1228

190	141	1247

196	141	1279

176	142	1202

183	142	1237

190	142	1251

196	142	1278

177	143	1205

184	143	1239

190	143	1255

196	143	1273

177	144	1218

185	144	1243

186	144	1271

190	144	1250

196	144	1269

210	144	1297

178	145	1212

186	145	1256

190	145	1255

196	145	1267

208	145	1269

209	145	1258

211	145	1292

178	146	1226

186	146	1246

190	146	1252

196	146	1265

207	146	1266

211	146	1272

179	147	1228

186	147	1240

190	147	1252

196	147	1264

206	147	1265

211	147	1270

180	148	1225

187	148	1269

190	148	1249

197	148	1286

206	148	1255

211	148	1274

180	149	1231

187	149	1253

189	149	1261

197	149	1281

205	149	1276

211	149	1293

181	150	1230

188	150	1253

197	150	1271

205	150	1268

210	150	1258

181	151	1251

198	151	1284

205	151	1262

210	151	1266

181	152	1283

199	152	1318

205	152	1257

210	152	1276

180	153	1324

199	153	1314

204	153	1283

210	153	1288

180	154	1323

200	154	1333

204	154	1276

210	154	1302

181	155	1327

200	155	1300

204	155	1269

209	155	1274

181	156	1273

201	156	1325

202	156	1344

203	156	1292

209	156	1279

180	157	1260

209	157	1283

179	158	1319

209	158	1282

177	159	1318

179	159	1300

209	159	1281

177	160	1331

178	160	1294

209	160	1282

176	161	1333

209	161	1284

176	162	1268

209	162	1285

176	163	1259

209	163	1289

174	164	1332

175	164	1287

209	164	1296

175	165	1267

209	165	1305

175	166	1308

208	166	1278

175	167	1329

208	167	1296

175	168	1317

208	168	1330

174	169	1303

175	169	1283

207	169	1293

174	170	1319

176	170	1265

207	170	1308

175	171	1346

206	171	1283

175	172	1318

206	172	1299

175	173	1294

176	173	1308

205	173	1282

177	174	1287

205	174	1299

178	175	1265

204	175	1289

178	176	1290

203	176	1287

204	176	1315

178	177	1323

202	177	1296

179	178	1312

201	178	1306

180	179	1321

201	179	1331

181	180	1323

201	180	1339

182	181	1321

201	181	1340

182	182	1333

183	182	1330

201	182	1345

184	183	1346

200	183	1325

182	184	1335

185	184	1315

200	184	1333

184	185	1345

200	185	1341

185	186	1335

199	186	1331

185	187	1337

199	187	1338

183	188	1330

184	188	1345

199	188	1343

183	189	1288

199	189	1344

184	190	1342

199	190	1347

185	191	1311

198	191	1339

185	192	1323

198	192	1342

185	193	1329

198	193	1343

185	194	1336

198	194	1347

186	195	1335

197	195	1339

187	196	1342

196	196	1343

197	196	1345

187	197	1343

195	197	1345

187	198	1341

188	198	1341

194	198	1345

189	199	1342

193	199	1346

184	200	1341

189	200	1347

190	200	1342

191	200	1343

192	200	1347

184	202	1333

185	202	1342

184	203	1347

