150	114	1236

151	114	1234

152	114	1236

153	114	1246

149	115	1219

153	115	1237

150	116	1232

154	116	1245

150	117	1234

154	117	1241

168	117	1270

169	117	1269

170	117	1273

150	118	1234

154	118	1240

168	118	1260

170	118	1262

150	119	1230

155	119	1252

167	119	1269

171	119	1277

151	120	1236

155	120	1249

167	120	1264

171	120	1275

151	121	1237

155	121	1245

167	121	1260

171	121	1274

151	122	1239

156	122	1254

166	122	1262

171	122	1273

151	123	1240

156	123	1252

166	123	1263

171	123	1274

152	124	1239

156	124	1251

166	124	1259

171	124	1273

152	125	1240

157	125	1257

166	125	1256

171	125	1275

152	126	1242

157	126	1250

165	126	1263

171	126	1277

152	127	1245

157	127	1248

165	127	1259

171	127	1283

152	128	1250

158	128	1257

164	128	1259

170	128	1267

152	129	1243

158	129	1259

164	129	1263

170	129	1268

153	130	1248

159	130	1273

164	130	1261

170	130	1270

153	131	1247

159	131	1269

163	131	1265

170	131	1278

153	132	1246

159	132	1269

163	132	1262

170	132	1288

153	133	1248

159	133	1270

162	133	1265

169	133	1275

153	134	1247

159	134	1271

162	134	1265

169	134	1277

153	135	1247

159	135	1266

161	135	1265

168	135	1275

149	136	1237

150	136	1215

153	136	1250

160	136	1260

168	136	1283

149	137	1236

151	137	1232

152	137	1241

168	137	1271

148	138	1238

167	138	1276

147	139	1260

167	139	1282

147	140	1239

167	140	1284

146	141	1206

167	141	1277

146	142	1232

166	142	1271

146	143	1249

166	143	1271

144	144	1242

145	144	1237

166	144	1271

143	145	1239

166	145	1270

142	146	1202

167	146	1275

143	147	1245

167	147	1270

176	147	1310

177	147	1299

178	147	1289

179	147	1285

180	147	1285

181	147	1284

182	147	1284

183	147	1287

184	147	1293

185	147	1302

143	148	1241

168	148	1270

169	148	1292

170	148	1312

171	148	1319

172	148	1301

173	148	1287

174	148	1276

175	148	1274

186	148	1299

143	149	1243

186	149	1307

142	150	1249

183	150	1292

184	150	1308

185	150	1321

142	151	1251

181	151	1292

182	151	1303

142	152	1252

179	152	1293

180	152	1308

142	153	1261

176	153	1286

177	153	1295

178	153	1307

142	154	1248

174	154	1280

175	154	1296

142	155	1261

173	155	1282

143	156	1255

172	156	1282

143	157	1257

170	157	1274

171	157	1288

143	158	1250

169	158	1282

143	159	1250

168	159	1282

143	160	1272

166	160	1271

167	160	1284

143	161	1276

165	161	1271

143	162	1295

164	162	1272

143	163	1262

163	163	1279

143	164	1289

162	164	1291

144	165	1259

161	165	1287

143	166	1248

161	166	1294

143	167	1213

161	167	1302

144	168	1271

161	168	1306

143	169	1291

161	169	1314

142	170	1300

144	170	1275

161	170	1325

143	171	1285

160	171	1311

142	172	1302

143	172	1264

160	172	1316

144	173	1278

160	173	1323

144	174	1284

160	174	1331

144	175	1280

160	175	1335

144	176	1279

160	176	1337

144	177	1280

160	177	1338

144	178	1287

160	178	1345

144	179	1292

160	179	1347

144	180	1296

160	180	1350

144	181	1301

160	181	1351

143	182	1327

159	182	1337

144	183	1306

159	183	1336

144	184	1310

159	184	1337

144	185	1310

159	185	1341

143	186	1341

159	186	1347

144	187	1312

159	187	1349

143	188	1330

159	188	1350

144	189	1317

159	189	1352

143	190	1325

158	190	1344

142	191	1278

158	191	1349

142	192	1315

158	192	1354

142	193	1329

157	193	1350

143	194	1340

144	194	1334

145	194	1330

146	194	1329

147	194	1328

148	194	1327

149	194	1327

150	194	1328

151	194	1332

152	194	1334

153	194	1338

154	194	1341

155	194	1343

156	194	1345

157	194	1350

