174	147	1654

175	147	1659

173	148	1662

175	148	1658

174	149	1662

176	149	1663

186	149	1683

187	149	1683

174	150	1661

176	150	1661

186	150	1684

187	150	1685

174	151	1663

176	151	1661

186	151	1684

187	151	1686

174	152	1660

177	152	1666

185	152	1682

187	152	1685

174	153	1654

177	153	1667

185	153	1683

187	153	1684

175	154	1663

177	154	1667

184	154	1691

187	154	1688

175	155	1666

177	155	1670

184	155	1685

186	155	1686

175	156	1669

178	156	1677

183	156	1683

186	156	1686

175	157	1674

178	157	1677

182	157	1709

186	157	1684

175	158	1676

178	158	1673

182	158	1695

186	158	1686

175	159	1676

179	159	1682

182	159	1688

186	159	1690

176	160	1670

180	160	1703

181	160	1687

186	160	1695

176	161	1674

185	161	1688

175	162	1678

185	162	1691

174	163	1665

185	163	1697

172	164	1665

173	164	1658

185	164	1702

172	165	1664

184	165	1690

172	166	1648

184	166	1689

172	167	1669

184	167	1687

171	168	1663

184	168	1687

169	169	1671

170	169	1663

185	169	1693

169	170	1673

185	170	1685

191	170	1705

192	170	1700

193	170	1698

194	170	1693

195	170	1693

196	170	1697

197	170	1702

198	170	1708

199	170	1714

169	171	1671

186	171	1685

187	171	1692

189	171	1692

190	171	1690

196	171	1702

197	171	1709

168	172	1674

188	172	1686

194	172	1699

195	172	1705

168	173	1674

192	173	1699

193	173	1704

169	174	1669

191	174	1695

169	175	1669

190	175	1687

169	176	1674

189	176	1687

169	177	1688

187	177	1679

188	177	1691

169	178	1692

186	178	1678

169	179	1686

185	179	1681

170	180	1679

184	180	1677

170	181	1689

183	181	1679

170	182	1691

182	182	1686

170	183	1689

182	183	1702

170	184	1687

181	184	1696

170	185	1691

181	185	1700

170	186	1705

181	186	1711

170	187	1709

181	187	1723

170	188	1709

181	188	1734

170	189	1708

181	189	1740

170	190	1715

181	190	1750

170	191	1715

181	191	1761

170	192	1719

181	192	1772

170	193	1725

180	193	1753

170	194	1727

180	194	1758

170	195	1736

180	195	1764

170	196	1736

180	196	1770

171	197	1729

180	197	1773

171	198	1733

180	198	1775

170	199	1760

180	199	1776

170	200	1762

180	200	1782

170	201	1762

180	201	1782

170	202	1763

179	202	1770

170	203	1771

179	203	1774

170	204	1781

179	204	1782

171	205	1771

172	205	1763

173	205	1759

174	205	1760

175	205	1762

176	205	1767

177	205	1774

178	205	1780

