173	150	1723

172	151	1723

174	151	1728

172	152	1727

174	152	1725

185	152	1755

172	153	1730

174	153	1720

185	153	1744

173	154	1721

175	154	1725

184	154	1739

185	154	1739

173	155	1723

175	155	1727

184	155	1744

185	155	1742

173	156	1723

175	156	1725

183	156	1754

185	156	1746

173	157	1726

176	157	1738

183	157	1749

185	157	1745

173	158	1727

176	158	1732

182	158	1751

185	158	1741

174	159	1727

176	159	1730

182	159	1753

185	159	1742

174	160	1730

176	160	1727

182	160	1747

185	160	1743

174	161	1730

176	161	1729

181	161	1745

185	161	1746

173	162	1725

177	162	1736

181	162	1744

185	162	1747

173	163	1728

178	163	1766

181	163	1745

184	163	1743

174	164	1736

179	164	1758

180	164	1748

184	164	1750

174	165	1745

184	165	1755

173	166	1729

183	166	1747

172	167	1725

184	167	1765

171	168	1740

183	168	1748

171	169	1735

183	169	1747

171	170	1729

183	170	1749

170	171	1727

183	171	1752

168	172	1750

169	172	1731

183	172	1747

168	173	1741

184	173	1744

190	173	1750

191	173	1747

192	173	1749

193	173	1753

194	173	1758

195	173	1758

196	173	1761

197	173	1763

168	174	1735

185	174	1742

186	174	1754

188	174	1746

189	174	1746

194	174	1759

195	174	1765

167	175	1737

187	175	1740

192	175	1753

193	175	1760

167	176	1740

191	176	1762

167	177	1749

189	177	1751

190	177	1768

168	178	1730

188	178	1742

168	179	1738

187	179	1738

168	180	1749

186	180	1739

168	181	1769

185	181	1741

169	182	1735

184	182	1748

169	183	1743

183	183	1751

169	184	1750

182	184	1754

169	185	1748

181	185	1769

169	186	1748

180	186	1764

169	187	1754

180	187	1775

169	188	1759

180	188	1782

169	189	1759

179	189	1762

169	190	1758

179	190	1771

170	191	1751

179	191	1779

170	192	1753

179	192	1788

170	193	1756

179	193	1799

170	194	1763

179	194	1811

169	195	1791

179	195	1822

169	196	1793

179	196	1824

169	197	1796

179	197	1825

169	198	1805

179	198	1831

170	199	1797

178	199	1815

170	200	1806

178	200	1817

170	201	1813

178	201	1821

170	202	1815

178	202	1825

170	203	1816

178	203	1834

170	204	1822

177	204	1821

170	205	1829

177	205	1827

171	206	1819

177	206	1833

171	207	1823

176	207	1832

171	208	1832

172	208	1830

173	208	1828

174	208	1827

175	208	1829

