161	156	1775

162	156	1776

161	157	1774

163	157	1784

161	158	1777

163	158	1781

173	158	1787

162	159	1775

163	159	1779

172	159	1789

173	159	1787

162	160	1774

163	160	1775

171	160	1799

173	160	1789

162	161	1774

164	161	1783

171	161	1794

173	161	1795

161	162	1789

164	162	1780

171	162	1792

173	162	1794

162	163	1779

164	163	1780

171	163	1787

173	163	1792

161	164	1822

164	164	1780

170	164	1789

173	164	1793

162	165	1778

164	165	1780

169	165	1798

172	165	1785

162	166	1781

164	166	1781

169	166	1792

172	166	1792

162	167	1780

165	167	1791

169	167	1792

172	167	1798

162	168	1782

165	168	1792

168	168	1808

172	168	1801

162	169	1786

166	169	1824

167	169	1850

172	169	1804

161	170	1805

171	170	1793

160	171	1755

171	171	1798

159	172	1753

170	172	1787

158	173	1763

170	173	1789

158	174	1771

170	174	1792

158	175	1762

170	175	1796

156	176	1777

157	176	1760

170	176	1795

155	177	1794

170	177	1790

155	178	1779

171	178	1798

154	179	1778

171	179	1788

154	180	1776

172	180	1790

173	180	1798

176	180	1800

154	181	1781

174	181	1781

175	181	1784

177	181	1788

178	181	1790

179	181	1790

180	181	1794

181	181	1801

182	181	1809

183	181	1818

184	181	1827

154	182	1796

179	182	1799

180	182	1804

181	182	1812

155	183	1773

176	183	1794

177	183	1806

178	183	1815

155	184	1773

174	184	1786

175	184	1802

155	185	1772

172	185	1781

173	185	1792

155	186	1775

171	186	1788

155	187	1785

169	187	1779

170	187	1795

155	188	1797

168	188	1790

155	189	1795

167	189	1799

155	190	1799

166	190	1795

155	191	1800

166	191	1808

155	192	1799

165	192	1794

155	193	1791

165	193	1801

156	194	1780

165	194	1811

155	195	1798

165	195	1820

155	196	1805

165	196	1821

155	197	1805

165	197	1825

155	198	1803

165	198	1827

155	199	1807

165	199	1834

155	200	1813

165	200	1836

154	201	1861

165	201	1843

154	202	1853

165	202	1853

154	203	1846

165	203	1854

155	204	1817

165	204	1853

155	205	1823

165	205	1854

155	206	1825

165	206	1857

155	207	1831

165	207	1860

154	208	1859

165	208	1860

154	209	1860

165	209	1861

154	210	1866

155	210	1837

156	210	1820

157	210	1814

158	210	1813

159	210	1818

160	210	1821

161	210	1822

162	210	1823

163	210	1829

164	210	1843

165	210	1861

