212	135	1393

213	135	1391

214	135	1399

211	136	1397

215	136	1408

209	137	1414

210	137	1408

215	137	1400

198	138	1379

199	138	1364

208	138	1378

211	138	1395

216	138	1421

197	139	1358

201	139	1359

202	139	1381

211	139	1402

216	139	1411

197	140	1354

202	140	1359

203	140	1396

208	140	1443

211	140	1399

216	140	1408

197	141	1352

202	141	1355

204	141	1388

205	141	1400

212	141	1397

216	141	1405

198	142	1355

201	142	1351

205	142	1399

208	142	1443

209	142	1462

210	142	1428

211	142	1407

217	142	1440

198	143	1356

199	143	1356

200	143	1353

204	143	1373

209	143	1466

210	143	1449

211	143	1408

217	143	1428

199	144	1370

205	144	1392

212	144	1403

217	144	1421

200	145	1366

205	145	1377

212	145	1402

217	145	1418

201	146	1366

206	146	1386

213	146	1400

217	146	1416

201	147	1371

207	147	1390

213	147	1401

217	147	1414

202	148	1372

208	148	1403

213	148	1400

217	148	1416

202	149	1381

209	149	1433

213	149	1404

217	149	1419

203	150	1379

209	150	1413

213	150	1406

218	150	1448

227	150	1427

228	150	1416

229	150	1422

230	150	1442

203	151	1391

210	151	1444

212	151	1421

218	151	1442

226	151	1415

230	151	1438

204	152	1384

210	152	1402

212	152	1412

218	152	1436

225	152	1423

229	152	1419

204	153	1386

211	153	1410

219	153	1459

224	153	1464

229	153	1429

204	154	1406

219	154	1456

223	154	1484

229	154	1449

204	155	1462

220	155	1507

223	155	1459

228	155	1421

205	156	1425

221	156	1482

223	156	1445

228	156	1428

204	157	1480

222	157	1490

228	157	1433

204	158	1446

228	158	1438

204	159	1395

228	159	1446

203	160	1382

228	160	1454

201	161	1447

202	161	1445

228	161	1466

202	162	1412

227	162	1424

200	163	1448

201	163	1414

227	163	1426

200	164	1402

227	164	1425

199	165	1408

227	165	1424

199	166	1398

227	166	1428

198	167	1432

227	167	1436

198	168	1431

227	168	1448

198	169	1441

226	169	1425

197	170	1495

226	170	1438

198	171	1445

225	171	1420

198	172	1464

225	172	1431

199	173	1439

225	173	1450

200	174	1407

224	174	1431

199	175	1465

224	175	1453

199	176	1477

223	176	1437

200	177	1444

223	177	1466

200	178	1443

221	178	1441

222	178	1469

201	179	1477

202	179	1444

220	179	1452

203	180	1440

220	180	1480

203	181	1471

220	181	1493

203	182	1431

204	182	1455

220	182	1498

205	183	1450

220	183	1504

206	184	1440

219	184	1481

205	185	1451

219	185	1491

205	186	1437

219	186	1500

205	187	1480

219	187	1506

205	188	1505

218	188	1487

204	189	1496

218	189	1494

205	190	1475

218	190	1499

204	191	1498

218	191	1504

205	192	1442

218	192	1506

205	193	1439

218	193	1508

205	194	1456

218	194	1510

205	195	1481

217	195	1498

206	196	1478

217	196	1504

205	197	1480

217	197	1506

203	198	1487

204	198	1480

205	198	1488

217	198	1510

206	199	1487

216	199	1503

205	200	1501

216	200	1507

202	201	1436

205	201	1510

215	201	1507

216	201	1510

203	202	1509

206	202	1504

214	202	1508

207	203	1504

213	203	1506

208	204	1506

213	204	1507

208	205	1509

211	205	1504

212	205	1508

209	206	1510

210	206	1509

