182	123	1229

183	123	1228

181	124	1224

184	124	1223

181	125	1221

185	125	1228

180	126	1238

186	126	1240

180	127	1234

186	127	1232

180	128	1231

187	128	1243

180	129	1237

187	129	1235

180	130	1269

181	130	1247

188	130	1247

165	131	1190

168	131	1192

182	131	1233

189	131	1262

169	132	1189

170	132	1188

182	132	1226

190	132	1262

170	133	1190

171	133	1191

182	133	1248

190	133	1271

164	134	1190

170	134	1189

171	134	1195

181	134	1275

182	134	1269

189	134	1239

164	135	1199

165	135	1188

169	135	1189

172	135	1199

183	135	1245

190	135	1258

166	136	1190

169	136	1190

173	136	1204

184	136	1234

191	136	1278

166	137	1191

167	137	1195

168	137	1191

174	137	1207

175	137	1210

184	137	1244

191	137	1282

204	137	1298

205	137	1302

168	138	1200

176	138	1214

184	138	1251

190	138	1252

203	138	1264

205	138	1256

169	139	1199

177	139	1217

178	139	1230

185	139	1239

190	139	1254

202	139	1256

206	139	1269

168	140	1207

170	140	1203

179	140	1222

180	140	1254

185	140	1241

190	140	1251

201	140	1254

206	140	1264

169	141	1227

171	141	1211

180	141	1247

185	141	1241

191	141	1265

201	141	1250

207	141	1302

170	142	1239

172	142	1217

181	142	1260

185	142	1240

191	142	1262

201	142	1248

206	142	1271

173	143	1215

181	143	1259

185	143	1239

191	143	1255

200	143	1265

205	143	1247

173	144	1220

182	144	1274

183	144	1253

184	144	1247

192	144	1266

200	144	1263

205	144	1248

174	145	1231

192	145	1260

200	145	1262

205	145	1250

174	146	1255

193	146	1272

200	146	1260

205	146	1255

175	147	1247

193	147	1269

200	147	1256

205	147	1259

175	148	1298

194	148	1278

200	148	1255

205	148	1261

176	149	1334

195	149	1303

200	149	1252

205	149	1259

176	150	1279

195	150	1279

200	150	1250

205	150	1259

176	151	1287

195	151	1262

200	151	1247

206	151	1316

175	152	1319

196	152	1264

199	152	1272

206	152	1306

175	153	1287

197	153	1260

198	153	1269

206	153	1294

173	154	1293

175	154	1265

206	154	1286

173	155	1323

174	155	1343

206	155	1283

173	156	1291

206	156	1287

173	157	1253

205	157	1263

171	158	1314

172	158	1267

205	158	1271

172	159	1268

205	159	1277

172	160	1266

205	160	1280

171	161	1340

205	161	1292

171	162	1320

204	162	1270

172	163	1270

204	163	1282

171	164	1295

204	164	1297

170	165	1280

172	165	1268

203	165	1273

170	166	1270

171	166	1292

173	166	1242

203	166	1283

173	167	1250

203	167	1292

171	168	1322

173	168	1272

203	168	1307

174	169	1251

202	169	1285

174	170	1282

202	170	1312

175	171	1264

201	171	1306

175	172	1298

200	172	1311

176	173	1274

200	173	1342

176	174	1287

199	174	1326

177	175	1298

199	175	1326

178	176	1311

179	176	1290

199	176	1325

180	177	1312

181	177	1283

199	177	1330

182	178	1292

199	178	1340

181	179	1331

199	179	1346

181	180	1341

182	180	1316

198	180	1324

183	181	1313

198	181	1328

183	182	1326

198	182	1333

184	183	1299

198	183	1335

183	184	1340

198	184	1338

183	185	1296

198	185	1340

182	186	1328

198	186	1343

183	187	1310

198	187	1345

184	188	1278

198	188	1345

182	189	1325

183	189	1334

198	189	1346

183	190	1328

184	190	1340

197	190	1337

185	191	1320

197	191	1339

185	192	1320

197	192	1341

184	193	1323

197	193	1343

183	194	1330

196	194	1344

197	194	1347

184	195	1334

194	195	1344

195	195	1347

184	196	1340

186	196	1340

193	196	1344

185	197	1345

187	197	1339

192	197	1342

187	198	1346

188	198	1343

189	198	1343

190	198	1344

192	198	1347

191	199	1347

184	201	1341

185	201	1344

185	202	1327

187	213	1326

