166	103	1196

167	103	1194

165	104	1185

168	104	1183

164	105	1195

169	105	1187

181	105	1227

182	105	1215

183	105	1212

184	105	1218

164	106	1195

170	106	1192

181	106	1210

184	106	1209

164	107	1199

170	107	1195

180	107	1229

185	107	1221

165	108	1184

170	108	1190

180	108	1222

185	108	1224

165	109	1193

171	109	1192

180	109	1215

185	109	1226

165	110	1209

171	110	1194

180	110	1212

185	110	1226

166	111	1193

171	111	1192

180	111	1213

185	111	1225

166	112	1199

172	112	1197

180	112	1214

185	112	1224

166	113	1203

172	113	1197

180	113	1216

185	113	1226

166	114	1209

172	114	1198

179	114	1241

185	114	1233

166	115	1210

173	115	1210

179	115	1234

185	115	1236

167	116	1197

173	116	1208

179	116	1228

185	116	1237

167	117	1202

174	117	1211

179	117	1225

185	117	1236

167	118	1207

174	118	1218

179	118	1221

185	118	1236

167	119	1211

174	119	1216

178	119	1235

184	119	1226

167	120	1215

174	120	1211

178	120	1233

184	120	1230

167	121	1215

174	121	1212

178	121	1229

184	121	1233

168	122	1210

175	122	1235

178	122	1227

184	122	1236

168	123	1219

174	123	1217

178	123	1230

184	123	1238

168	124	1229

175	124	1228

178	124	1230

184	124	1240

169	125	1211

176	125	1240

177	125	1243

184	125	1241

169	126	1216

184	126	1243

168	127	1228

184	127	1244

165	128	1228

166	128	1224

167	128	1229

184	128	1242

199	128	1247

200	128	1249

165	129	1221

185	129	1259

195	129	1253

196	129	1237

197	129	1230

198	129	1227

201	129	1234

202	129	1248

164	130	1236

186	130	1294

187	130	1252

193	130	1257

194	130	1236

202	130	1244

163	131	1261

188	131	1244

189	131	1273

190	131	1275

191	131	1251

192	131	1238

202	131	1266

162	132	1225

201	132	1268

161	133	1216

200	133	1259

160	134	1213

199	134	1259

200	134	1281

159	135	1239

198	135	1260

159	136	1213

197	136	1253

158	137	1248

197	137	1267

157	138	1276

196	138	1269

197	138	1296

158	139	1230

195	139	1276

158	140	1217

194	140	1264

157	141	1265

193	141	1253

157	142	1260

192	142	1245

155	143	1248

156	143	1262

192	143	1262

157	144	1237

191	144	1254

158	145	1213

190	145	1252

158	146	1231

190	146	1271

157	147	1260

189	147	1268

157	148	1268

188	148	1256

158	149	1289

187	149	1245

159	150	1271

187	150	1265

159	151	1286

186	151	1258

160	152	1262

185	152	1261

159	153	1267

184	153	1274

160	154	1202

161	154	1230

183	154	1274

160	155	1196

162	155	1235

183	155	1287

160	156	1244

161	156	1258

182	156	1263

160	157	1269

182	157	1269

161	158	1294

182	158	1274

160	159	1238

182	159	1282

160	160	1241

182	160	1292

161	161	1252

182	161	1301

161	162	1217

182	162	1308

161	163	1225

181	163	1290

160	164	1272

181	164	1295

159	165	1248

181	165	1298

160	166	1246

181	166	1304

158	167	1239

159	167	1238

180	167	1286

158	168	1263

180	168	1291

157	169	1283

180	169	1295

158	170	1263

180	170	1301

158	171	1269

180	171	1306

159	172	1263

179	172	1296

159	173	1256

179	173	1299

159	174	1247

179	174	1303

159	175	1245

178	175	1292

157	176	1289

158	176	1255

178	176	1295

156	177	1308

157	177	1260

178	177	1298

155	178	1285

158	178	1252

178	178	1299

156	179	1268

157	179	1224

158	179	1259

159	179	1256

160	179	1254

161	179	1252

162	179	1250

163	179	1249

164	179	1249

165	179	1251

166	179	1253

167	179	1254

168	179	1252

169	179	1253

170	179	1254

171	179	1257

172	179	1259

173	179	1263

174	179	1267

175	179	1274

176	179	1282

177	179	1291

178	179	1304

