167	155	1781

168	155	1788

167	156	1776

168	156	1777

167	157	1778

168	157	1777

179	157	1812

167	158	1779

168	158	1775

178	158	1800

179	158	1803

167	159	1779

169	159	1783

177	159	1809

179	159	1803

167	160	1783

169	160	1778

177	160	1806

179	160	1800

167	161	1786

169	161	1778

177	161	1800

179	161	1799

167	162	1792

170	162	1791

177	162	1796

179	162	1799

168	163	1784

170	163	1791

176	163	1806

179	163	1805

168	164	1787

170	164	1788

176	164	1805

179	164	1809

168	165	1785

170	165	1787

175	165	1821

178	165	1796

168	166	1782

170	166	1784

175	166	1802

178	166	1796

168	167	1785

171	167	1797

175	167	1796

178	167	1800

168	168	1791

171	168	1794

174	168	1807

178	168	1805

168	169	1792

172	169	1801

173	169	1809

177	169	1797

167	170	1775

177	170	1800

166	171	1759

177	171	1804

165	172	1766

176	172	1793

165	173	1773

176	173	1792

165	174	1779

176	174	1794

164	175	1780

176	175	1793

162	176	1804

163	176	1777

177	176	1809

161	177	1795

177	177	1798

162	178	1779

178	178	1801

183	178	1813

184	178	1800

185	178	1797

186	178	1798

187	178	1802

188	178	1809

189	178	1819

190	178	1826

162	179	1770

179	179	1801

181	179	1808

182	179	1801

188	179	1813

189	179	1828

190	179	1837

162	180	1767

180	180	1789

186	180	1813

187	180	1820

162	181	1769

184	181	1811

185	181	1826

162	182	1780

183	182	1813

162	183	1784

181	183	1795

182	183	1819

162	184	1786

179	184	1784

180	184	1796

162	185	1783

178	185	1790

163	186	1773

176	186	1779

177	186	1797

163	187	1782

175	187	1777

163	188	1791

174	188	1782

175	188	1802

163	189	1795

173	189	1789

162	190	1788

173	190	1803

162	191	1821

172	191	1791

163	192	1796

172	192	1798

163	193	1796

172	193	1809

163	194	1798

172	194	1818

162	195	1844

172	195	1822

163	196	1805

172	196	1828

163	197	1811

172	197	1831

163	198	1816

172	198	1831

163	199	1824

172	199	1834

163	200	1830

173	200	1869

163	201	1838

172	201	1849

163	202	1844

172	202	1850

163	203	1850

172	203	1856

163	204	1852

172	204	1859

163	205	1856

172	205	1865

163	206	1863

172	206	1864

163	207	1872

172	207	1869

163	208	1875

172	208	1869

164	209	1856

165	209	1844

166	209	1841

167	209	1842

168	209	1845

169	209	1850

170	209	1853

171	209	1861

172	209	1874

