165	157	1783

166	157	1780

165	158	1780

167	158	1779

165	159	1780

167	159	1775

177	159	1795

165	160	1787

168	160	1777

176	160	1798

177	160	1797

165	161	1802

168	161	1776

176	161	1793

177	161	1793

166	162	1779

168	162	1780

176	162	1789

177	162	1789

166	163	1778

168	163	1781

175	163	1795

178	163	1803

166	164	1780

168	164	1779

175	164	1792

178	164	1807

166	165	1782

168	165	1776

175	165	1792

177	165	1794

166	166	1786

169	166	1788

174	166	1798

177	166	1794

166	167	1796

169	167	1789

174	167	1792

177	167	1799

166	168	1804

169	168	1793

173	168	1800

177	168	1808

166	169	1807

170	169	1808

173	169	1797

176	169	1795

166	170	1832

170	170	1801

172	170	1806

176	170	1801

167	171	1786

171	171	1793

176	171	1803

165	172	1766

166	172	1773

175	172	1795

164	173	1762

175	173	1799

163	174	1775

175	174	1803

163	175	1781

175	175	1806

162	176	1800

175	176	1807

161	177	1796

175	177	1808

161	178	1785

175	178	1802

160	179	1786

176	179	1807

160	180	1777

176	180	1790

182	180	1803

183	180	1801

184	180	1798

185	180	1799

186	180	1801

187	180	1809

188	180	1817

159	181	1777

177	181	1787

178	181	1784

179	181	1789

180	181	1790

181	181	1794

185	181	1803

186	181	1809

187	181	1817

159	182	1781

183	182	1801

184	182	1808

160	183	1773

181	183	1791

182	183	1807

160	184	1784

180	184	1791

160	185	1794

178	185	1787

179	185	1797

160	186	1792

177	186	1792

160	187	1789

176	187	1796

161	188	1772

174	188	1775

175	188	1799

161	189	1782

173	189	1784

161	190	1793

172	190	1794

161	191	1801

171	191	1790

161	192	1798

171	192	1797

161	193	1798

170	193	1787

161	194	1801

170	194	1790

161	195	1805

170	195	1803

161	196	1808

170	196	1809

161	197	1807

171	197	1838

161	198	1810

171	198	1844

161	199	1815

171	199	1850

161	200	1828

171	200	1854

161	201	1836

171	201	1855

161	202	1840

171	202	1859

161	203	1847

171	203	1865

161	204	1858

171	204	1864

161	205	1868

171	205	1863

161	206	1873

171	206	1866

162	207	1850

171	207	1868

162	208	1853

171	208	1869

162	209	1858

171	209	1869

162	210	1861

171	210	1873

162	211	1868

171	211	1877

162	212	1875

170	212	1867

163	213	1864

164	213	1854

165	213	1852

166	213	1850

167	213	1851

168	213	1855

169	213	1862

170	213	1872

