196	133	1320

197	133	1339

195	134	1318

198	134	1324

199	134	1348

195	135	1307

199	135	1313

194	136	1316

199	136	1313

194	137	1309

200	137	1325

194	138	1323

200	138	1323

195	139	1321

201	139	1346

196	140	1314

202	140	1369

183	141	1271

186	141	1274

196	141	1323

201	141	1328

182	142	1274

187	142	1280

197	142	1316

201	142	1324

182	143	1277

187	143	1276

188	143	1290

197	143	1323

201	143	1323

183	144	1273

186	144	1271

189	144	1298

197	144	1327

202	144	1341

184	145	1277

185	145	1274

190	145	1305

197	145	1332

202	145	1337

185	146	1279

191	146	1313

197	146	1336

202	146	1335

185	147	1282

192	147	1318

193	147	1343

197	147	1343

203	147	1362

186	148	1300

194	148	1348

198	148	1326

203	148	1357

187	149	1298

194	149	1333

198	149	1330

203	149	1353

214	149	1344

215	149	1342

216	149	1354

187	150	1303

194	150	1321

198	150	1331

203	150	1350

213	150	1340

216	150	1348

188	151	1301

195	151	1335

198	151	1334

203	151	1350

212	151	1348

216	151	1349

188	152	1310

195	152	1341

198	152	1334

203	152	1348

211	152	1369

216	152	1349

189	153	1312

195	153	1333

198	153	1333

204	153	1361

211	153	1357

216	153	1350

189	154	1311

196	154	1338

197	154	1333

204	154	1354

211	154	1349

216	154	1353

189	155	1345

205	155	1383

206	155	1419

211	155	1347

216	155	1358

190	156	1341

206	156	1418

211	156	1349

216	156	1365

190	157	1380

206	157	1390

211	157	1346

216	157	1370

189	158	1405

207	158	1406

210	158	1370

216	158	1378

190	159	1374

207	159	1406

210	159	1365

216	159	1393

190	160	1349

207	160	1378

210	160	1360

215	160	1359

188	161	1378

189	161	1335

208	161	1385

210	161	1355

215	161	1362

187	162	1417

209	162	1366

215	162	1363

187	163	1384

215	163	1363

186	164	1351

215	164	1363

186	165	1324

215	165	1365

185	166	1330

215	166	1373

184	167	1343

215	167	1383

184	168	1338

215	168	1392

184	169	1342

214	169	1361

185	170	1327

214	170	1374

185	171	1328

214	171	1395

184	172	1381

213	172	1369

185	173	1333

213	173	1380

185	174	1332

213	174	1395

185	175	1331

212	175	1373

184	176	1339

185	176	1367

212	176	1393

186	177	1353

211	177	1379

186	178	1401

210	178	1381

187	179	1377

209	179	1390

188	180	1345

209	180	1429

188	181	1389

189	181	1351

208	181	1417

190	182	1365

208	182	1425

190	183	1394

208	183	1430

191	184	1390

207	184	1410

191	185	1427

192	185	1373

207	185	1417

193	186	1384

207	186	1425

194	187	1384

206	187	1415

193	188	1417

206	188	1420

194	189	1386

206	189	1423

194	190	1394

206	190	1427

193	191	1404

206	191	1430

193	192	1403

205	192	1420

193	193	1387

205	193	1421

194	194	1387

205	194	1422

194	195	1391

205	195	1425

193	196	1416

194	196	1417

205	196	1429

195	197	1415

204	197	1429

194	198	1419

202	198	1426

203	198	1429

195	199	1423

201	199	1427

195	200	1426

200	200	1429

196	201	1428

199	201	1429

192	202	1415

197	202	1429

198	202	1429

