189	131	1269

190	131	1258

191	131	1258

192	131	1268

188	132	1278

193	132	1264

194	132	1295

188	133	1279

195	133	1299

188	134	1260

195	134	1290

188	135	1269

195	135	1288

188	136	1306

195	136	1280

189	137	1286

196	137	1307

175	138	1241

176	138	1233

177	138	1236

190	138	1273

196	138	1300

174	139	1237

178	139	1226

191	139	1268

196	139	1291

174	140	1223

178	140	1221

179	140	1228

180	140	1247

191	140	1273

196	140	1292

174	141	1223

178	141	1221

180	141	1235

191	141	1279

196	141	1294

175	142	1223

178	142	1223

181	142	1240

191	142	1283

196	142	1290

176	143	1231

177	143	1226

182	143	1248

191	143	1287

196	143	1285

177	144	1234

183	144	1250

191	144	1281

197	144	1314

177	145	1242

184	145	1253

192	145	1276

197	145	1314

178	146	1249

185	146	1256

186	146	1268

187	146	1312

192	146	1278

197	146	1311

179	147	1251

187	147	1295

192	147	1280

197	147	1307

210	147	1313

180	148	1250

187	148	1277

192	148	1281

197	148	1301

208	148	1298

209	148	1285

211	148	1302

180	149	1262

188	149	1312

192	149	1281

197	149	1297

207	149	1301

211	149	1290

181	150	1255

188	150	1284

192	150	1281

198	150	1316

206	150	1316

211	150	1289

182	151	1253

188	151	1277

191	151	1288

198	151	1314

206	151	1300

211	151	1293

182	152	1263

189	152	1289

190	152	1285

198	152	1305

206	152	1295

211	152	1301

182	153	1269

199	153	1317

205	153	1318

211	153	1311

182	154	1272

200	154	1345

205	154	1310

211	154	1325

182	155	1334

200	155	1345

205	155	1307

210	155	1299

182	156	1368

200	156	1326

205	156	1304

210	156	1306

182	157	1363

201	157	1366

205	157	1299

210	157	1313

182	158	1324

201	158	1340

205	158	1293

210	158	1315

182	159	1308

201	159	1317

204	159	1306

210	159	1322

182	160	1285

202	160	1324

203	160	1329

210	160	1335

181	161	1341

210	161	1347

180	162	1320

210	162	1344

179	163	1305

210	163	1336

178	164	1310

210	164	1334

177	165	1288

210	165	1343

177	166	1318

209	166	1314

177	167	1333

209	167	1321

177	168	1321

209	168	1330

177	169	1318

209	169	1350

177	170	1315

208	170	1320

177	171	1314

208	171	1337

178	172	1291

207	172	1315

176	173	1337

178	173	1307

207	173	1330

177	174	1334

207	174	1348

178	175	1329

206	175	1326

179	176	1308

206	176	1345

180	177	1295

205	177	1330

180	178	1315

204	178	1335

179	179	1326

180	179	1369

203	179	1349

181	180	1350

202	180	1353

182	181	1336

202	181	1366

183	182	1313

202	182	1370

184	183	1353

202	183	1376

183	184	1350

186	184	1331

201	184	1360

184	185	1323

185	185	1342

187	185	1333

201	185	1367

187	186	1329

201	186	1372

186	187	1370

201	187	1379

186	188	1360

200	188	1369

186	189	1345

200	189	1372

186	190	1367

200	190	1372

187	191	1323

200	191	1372

186	192	1350

200	192	1379

186	193	1338

199	193	1373

187	194	1327

199	194	1378

187	195	1335

199	195	1380

188	196	1371

198	196	1377

188	197	1380

196	197	1375

197	197	1380

189	198	1377

195	198	1377

189	199	1379

194	199	1377

190	200	1377

191	200	1376

192	200	1375

193	200	1377

186	202	1368

185	203	1359

186	203	1369

