143	110	1157

144	110	1151

145	110	1153

146	110	1163

143	111	1147

147	111	1169

143	112	1147

147	112	1158

143	113	1153

147	113	1154

163	113	1185

164	113	1183

143	114	1158

148	114	1166

162	114	1185

165	114	1179

143	115	1153

148	115	1161

162	115	1177

166	115	1195

144	116	1153

149	116	1169

161	116	1184

166	116	1194

144	117	1156

149	117	1168

161	117	1179

166	117	1194

145	118	1151

149	118	1162

161	118	1175

166	118	1196

145	119	1157

150	119	1170

161	119	1175

166	119	1197

145	120	1159

150	120	1168

161	120	1172

165	120	1176

145	121	1161

150	121	1166

160	121	1180

165	121	1179

145	122	1162

151	122	1171

160	122	1179

165	122	1182

146	123	1159

151	123	1168

160	123	1175

165	123	1186

146	124	1163

152	124	1176

159	124	1180

165	124	1189

146	125	1165

152	125	1176

159	125	1181

165	125	1192

146	126	1167

152	126	1174

159	126	1178

165	126	1194

146	127	1167

153	127	1181

158	127	1173

165	127	1198

147	128	1161

154	128	1195

158	128	1179

164	128	1182

147	129	1164

154	129	1195

158	129	1176

164	129	1188

147	130	1164

154	130	1199

157	130	1180

164	130	1195

147	131	1167

153	131	1179

157	131	1182

164	131	1203

147	132	1166

153	132	1178

157	132	1178

163	132	1186

147	133	1166

154	133	1179

155	133	1175

156	133	1179

163	133	1193

144	134	1174

145	134	1185

146	134	1183

163	134	1202

143	135	1158

163	135	1206

141	136	1161

142	136	1152

162	136	1186

141	137	1163

162	137	1191

140	138	1166

162	138	1196

140	139	1162

162	139	1200

139	140	1159

162	140	1202

138	141	1159

162	141	1203

138	142	1157

162	142	1204

137	143	1155

162	143	1201

136	144	1193

162	144	1196

179	144	1216

136	145	1181

162	145	1185

171	145	1236

172	145	1225

173	145	1215

174	145	1208

175	145	1203

176	145	1200

177	145	1197

178	145	1196

180	145	1196

181	145	1199

182	145	1208

183	145	1230

136	146	1185

163	146	1190

167	146	1216

168	146	1211

169	146	1202

170	146	1198

183	146	1213

136	147	1168

164	147	1185

165	147	1194

166	147	1193

182	147	1212

183	147	1222

135	148	1150

180	148	1218

181	148	1233

135	149	1174

178	149	1213

179	149	1231

135	150	1186

175	150	1202

176	150	1214

177	150	1232

135	151	1198

174	151	1209

136	152	1186

171	152	1200

172	152	1212

173	152	1226

136	153	1161

170	153	1202

136	154	1164

169	154	1200

136	155	1155

168	155	1203

169	155	1228

135	156	1130

137	156	1177

166	156	1192

167	156	1213

136	157	1173

138	157	1174

165	157	1196

135	158	1213

137	158	1235

164	158	1200

135	159	1188

163	159	1207

135	160	1198

136	160	1227

162	160	1211

137	161	1245

138	161	1188

161	161	1210

139	162	1175

159	162	1195

160	162	1213

137	163	1139

138	163	1177

158	163	1202

136	164	1143

138	164	1189

157	164	1206

138	165	1209

157	165	1217

137	166	1239

138	166	1218

157	166	1231

136	167	1229

139	167	1190

157	167	1240

139	168	1195

157	168	1245

138	169	1256

157	169	1252

139	170	1208

157	170	1257

139	171	1203

157	171	1257

138	172	1264

157	172	1255

139	173	1209

157	173	1257

139	174	1214

157	174	1261

139	175	1211

156	175	1246

139	176	1210

156	176	1251

139	177	1210

156	177	1252

139	178	1216

156	178	1253

138	179	1265

156	179	1254

138	180	1243

156	180	1256

137	181	1147

156	181	1258

137	182	1147

156	182	1261

138	183	1204

139	183	1226

156	183	1265

137	184	1205

140	184	1223

156	184	1265

140	185	1230

155	185	1257

140	186	1232

155	186	1259

140	187	1234

155	187	1260

140	188	1235

155	188	1262

140	189	1240

155	189	1265

140	190	1245

155	190	1265

140	191	1245

154	191	1261

140	192	1249

141	192	1249

142	192	1245

143	192	1244

144	192	1242

145	192	1242

146	192	1241

147	192	1244

148	192	1246

149	192	1248

150	192	1250

151	192	1253

152	192	1255

153	192	1258

154	192	1263

