186	127	1227

187	127	1211

188	127	1209

189	127	1216

186	128	1207

190	128	1221

185	129	1217

190	129	1214

185	130	1218

191	130	1217

182	131	1282

185	131	1231

192	131	1235

181	132	1294

186	132	1218

193	132	1265

171	133	1181

172	133	1175

173	133	1179

181	133	1305

186	133	1231

193	133	1253

170	134	1175

173	134	1169

174	134	1178

182	134	1286

186	134	1233

193	134	1239

169	135	1188

174	135	1174

186	135	1215

193	135	1236

169	136	1186

174	136	1171

175	136	1179

187	136	1234

193	136	1230

169	137	1191

170	137	1172

173	137	1168

176	137	1182

188	137	1221

194	137	1248

170	138	1185

171	138	1172

172	138	1171

177	138	1186

188	138	1227

195	138	1263

170	139	1184

171	139	1187

178	139	1192

188	139	1235

194	139	1236

172	140	1190

179	140	1197

188	140	1237

194	140	1242

173	141	1195

180	141	1201

189	141	1224

194	141	1245

174	142	1200

181	142	1204

182	142	1217

189	142	1228

194	142	1244

175	143	1197

183	143	1224

189	143	1230

194	143	1240

207	143	1286

208	143	1251

209	143	1259

176	144	1195

184	144	1246

189	144	1229

194	144	1237

207	144	1238

210	144	1268

176	145	1209

184	145	1230

189	145	1230

195	145	1257

206	145	1235

210	145	1254

177	146	1209

185	146	1255

189	146	1231

195	146	1256

205	146	1243

210	146	1253

178	147	1207

185	147	1240

189	147	1231

195	147	1253

205	147	1236

210	147	1257

178	148	1217

185	148	1232

188	148	1238

195	148	1247

204	148	1248

210	148	1267

179	149	1212

186	149	1237

187	149	1238

196	149	1266

204	149	1244

209	149	1237

179	150	1232

196	150	1259

204	150	1241

209	150	1244

179	151	1276

197	151	1284

203	151	1266

209	151	1254

180	152	1266

198	152	1319

203	152	1263

209	152	1263

180	153	1304

198	153	1295

203	153	1261

209	153	1280

179	154	1315

198	154	1269

203	154	1251

208	154	1255

179	155	1288

199	155	1285

203	155	1244

208	155	1260

179	156	1260

199	156	1268

202	156	1257

208	156	1259

178	157	1253

200	157	1276

201	157	1289

208	157	1260

176	158	1320

177	158	1281

208	158	1261

175	159	1290

208	159	1263

175	160	1288

208	160	1264

175	161	1255

208	161	1266

174	162	1275

208	162	1269

174	163	1257

208	163	1272

174	164	1254

208	164	1282

173	165	1322

208	165	1306

174	166	1243

207	166	1268

174	167	1253

207	167	1291

175	168	1230

206	168	1267

174	169	1271

206	169	1283

174	170	1288

205	170	1262

175	171	1249

205	171	1277

175	172	1274

205	172	1296

174	173	1318

204	173	1274

175	174	1318

204	174	1296

175	175	1325

203	175	1282

176	176	1314

202	176	1290

177	177	1274

201	177	1301

178	178	1304

200	178	1306

179	179	1301

200	179	1320

180	180	1304

181	180	1272

200	180	1320

180	181	1319

182	181	1298

200	181	1324

183	182	1288

199	182	1307

181	183	1317

182	183	1321

199	183	1312

182	184	1313

199	184	1321

183	185	1324

198	185	1313

183	186	1296

198	186	1319

183	187	1325

198	187	1323

183	188	1324

198	188	1325

184	189	1313

197	189	1316

184	190	1320

197	190	1317

184	191	1312

197	191	1320

184	192	1300

197	192	1325

183	193	1324

184	193	1316

196	193	1321

185	194	1309

195	194	1322

196	194	1325

184	195	1317

194	195	1322

184	196	1322

186	196	1326

187	196	1322

192	196	1321

193	196	1324

184	197	1321

185	197	1326

188	197	1323

191	197	1323

184	198	1319

189	198	1323

190	198	1326

