196	127	1325

197	127	1322

198	127	1334

195	128	1320

199	128	1345

195	129	1315

199	129	1327

195	130	1313

200	130	1351

183	131	1272

184	131	1281

194	131	1326

200	131	1334

181	132	1280

182	132	1274

183	132	1273

184	132	1279

193	132	1322

200	132	1329

180	133	1276

184	133	1272

185	133	1285

191	133	1363

193	133	1333

194	133	1332

201	133	1348

184	134	1272

186	134	1298

191	134	1337

195	134	1338

202	134	1375

180	135	1278

184	135	1273

187	135	1302

188	135	1326

192	135	1410

196	135	1325

203	135	1386

181	136	1281

182	136	1275

183	136	1274

189	136	1331

190	136	1351

192	136	1340

196	136	1316

202	136	1340

182	137	1286

190	137	1348

192	137	1312

195	137	1349

202	137	1339

183	138	1284

189	138	1299

194	138	1316

195	138	1364

202	138	1336

184	139	1284

190	139	1311

196	139	1358

203	139	1368

184	140	1292

191	140	1319

197	140	1332

204	140	1387

185	141	1295

192	141	1319

197	141	1324

204	141	1377

186	142	1293

193	142	1339

198	142	1329

203	142	1350

215	142	1357

216	142	1365

186	143	1301

193	143	1321

198	143	1329

203	143	1357

212	143	1381

213	143	1357

214	143	1341

217	143	1365

187	144	1299

194	144	1340

198	144	1330

203	144	1358

212	144	1375

217	144	1353

187	145	1310

194	145	1331

198	145	1330

203	145	1354

212	145	1361

217	145	1357

188	146	1306

195	146	1363

197	146	1338

203	146	1349

212	146	1348

217	146	1363

189	147	1307

196	147	1342

204	147	1364

212	147	1339

217	147	1375

189	148	1321

204	148	1363

211	148	1348

217	148	1380

188	149	1340

205	149	1384

211	149	1347

216	149	1346

189	150	1386

206	150	1394

211	150	1345

216	150	1358

190	151	1377

207	151	1420

211	151	1343

216	151	1373

189	152	1394

207	152	1410

210	152	1359

215	152	1348

189	153	1345

207	153	1387

209	153	1398

215	153	1353

188	154	1346

208	154	1396

215	154	1355

186	155	1405

187	155	1370

215	155	1356

186	156	1383

215	156	1357

185	157	1364

215	157	1359

185	158	1354

215	158	1360

184	159	1354

215	159	1362

183	160	1377

215	160	1366

182	161	1362

183	161	1344

215	161	1373

184	162	1325

215	162	1384

184	163	1332

214	163	1361

183	164	1377

214	164	1381

184	165	1350

213	165	1359

184	166	1355

213	166	1371

184	167	1344

212	167	1350

184	168	1369

212	168	1364

185	169	1350

212	169	1383

185	170	1356

211	170	1360

184	171	1370

185	171	1388

211	171	1385

186	172	1364

210	172	1387

186	173	1403

209	173	1387

187	174	1395

208	174	1386

188	175	1384

208	175	1407

189	176	1398

208	176	1415

188	177	1394

189	177	1357

208	177	1418

190	178	1377

208	178	1425

190	179	1384

207	179	1400

190	180	1368

207	180	1406

191	181	1390

207	181	1413

191	182	1389

192	182	1396

207	182	1417

193	183	1393

207	183	1421

192	184	1428

207	184	1425

192	185	1420

207	185	1430

193	186	1392

206	186	1409

193	187	1386

206	187	1414

192	188	1400

206	188	1417

193	189	1399

206	189	1418

192	190	1421

206	190	1419

192	191	1427

206	191	1422

191	192	1418

206	192	1427

192	193	1418

193	193	1418

206	193	1429

194	194	1413

206	194	1430

193	195	1425

206	195	1431

191	196	1424

193	196	1419

205	196	1427

192	197	1423

205	197	1429

193	198	1420

194	198	1422

205	198	1431

195	199	1422

204	199	1431

195	200	1425

203	200	1431

196	201	1425

202	201	1430

197	202	1427

201	202	1429

198	203	1426

199	203	1427

200	203	1428

