163	104	1294

164	104	1291

165	104	1294

166	104	1301

162	105	1287

167	105	1301

162	106	1291

167	106	1298

162	107	1289

167	107	1296

180	107	1327

181	107	1326

163	108	1293

168	108	1303

179	108	1327

182	108	1318

163	109	1296

168	109	1307

179	109	1317

183	109	1332

163	110	1298

168	110	1306

178	110	1322

183	110	1330

164	111	1294

168	111	1302

178	111	1321

183	111	1332

164	112	1298

168	112	1302

178	112	1319

182	112	1322

164	113	1300

169	113	1312

178	113	1319

182	113	1326

164	114	1301

169	114	1310

177	114	1326

182	114	1331

164	115	1303

169	115	1308

177	115	1322

182	115	1336

164	116	1306

170	116	1329

177	116	1320

182	116	1342

164	117	1310

170	117	1321

176	117	1311

182	117	1345

164	118	1310

171	118	1299

176	118	1322

181	118	1327

164	119	1303

172	119	1343

176	119	1322

181	119	1330

165	120	1304

172	120	1349

175	120	1325

181	120	1337

165	121	1308

172	121	1367

175	121	1323

181	121	1343

165	122	1311

172	122	1352

175	122	1323

181	122	1348

165	123	1309

172	123	1347

174	123	1308

181	123	1349

166	124	1309

173	124	1321

180	124	1335

166	125	1314

180	125	1341

165	126	1343

180	126	1344

163	127	1347

164	127	1348

181	127	1350

161	128	1289

162	128	1302

181	128	1300

160	129	1303

181	129	1347

159	130	1357

181	130	1344

157	131	1323

158	131	1328

180	131	1343

185	131	1355

186	131	1362

187	131	1338

188	131	1353

189	131	1348

190	131	1342

191	131	1340

192	131	1338

193	131	1340

194	131	1352

195	131	1370

155	132	1317

157	132	1307

180	132	1335

184	132	1372

196	132	1353

197	132	1378

155	133	1325

156	133	1309

181	133	1352

182	133	1386

183	133	1362

198	133	1400

155	134	1321

198	134	1376

155	135	1309

195	135	1357

196	135	1371

197	135	1390

155	136	1311

194	136	1367

154	137	1326

191	137	1353

192	137	1366

193	137	1371

154	138	1313

190	138	1363

153	139	1347

189	139	1365

154	140	1326

188	140	1364

154	141	1318

187	141	1358

153	142	1340

186	142	1357

152	143	1297

185	143	1355

153	144	1365

184	144	1357

154	145	1333

183	145	1357

154	146	1299

182	146	1355

155	147	1321

181	147	1348

155	148	1344

180	148	1342

156	149	1326

180	149	1349

156	150	1358

178	150	1345

179	150	1356

156	151	1348

177	151	1358

156	152	1342

176	152	1360

156	153	1350

176	153	1367

156	154	1327

175	154	1356

156	155	1325

175	155	1362

154	156	1329

155	156	1352

175	156	1366

153	157	1353

175	157	1372

154	158	1352

175	158	1376

154	159	1349

174	159	1376

153	160	1384

174	160	1379

153	161	1356

174	161	1388

153	162	1330

174	162	1390

152	163	1354

174	163	1393

152	164	1363

174	164	1384

151	165	1356

174	165	1381

151	166	1348

173	166	1391

151	167	1353

173	167	1394

151	168	1368

173	168	1396

149	169	1304

151	169	1345

172	169	1392

149	170	1330

150	170	1330

172	170	1398

150	171	1334

172	171	1404

149	172	1355

172	172	1409

149	173	1338

172	173	1404

148	174	1358

171	174	1406

148	175	1367

171	175	1409

148	176	1355

171	176	1415

147	177	1349

170	177	1409

148	178	1342

171	178	1409

147	179	1363

171	179	1407

147	180	1345

148	180	1357

149	180	1355

150	180	1354

151	180	1350

152	180	1347

153	180	1345

154	180	1346

155	180	1347

156	180	1346

157	180	1345

158	180	1346

159	180	1348

160	180	1350

161	180	1353

162	180	1355

163	180	1357

164	180	1360

165	180	1366

166	180	1372

167	180	1381

168	180	1391

169	180	1405

170	180	1415

