161	163	1885

162	163	1867

163	163	1871

161	164	1887

163	164	1866

162	165	1869

163	165	1868

173	165	1889

162	166	1873

164	166	1882

172	166	1888

173	166	1882

162	167	1877

164	167	1881

172	167	1882

173	167	1883

162	168	1877

164	168	1875

171	168	1890

173	168	1884

163	169	1871

164	169	1872

171	169	1884

173	169	1885

162	170	1887

164	170	1869

171	170	1880

173	170	1888

162	171	1896

165	171	1883

170	171	1892

172	171	1877

163	172	1874

165	172	1885

170	172	1886

172	172	1878

163	173	1875

165	173	1885

169	173	1894

172	173	1880

163	174	1873

166	174	1902

169	174	1884

172	174	1884

163	175	1877

166	175	1891

168	175	1901

172	175	1891

162	176	1890

167	176	1893

171	176	1882

161	177	1874

171	177	1895

159	178	1860

160	178	1852

171	178	1902

159	179	1855

170	179	1885

158	180	1879

170	180	1888

158	181	1861

170	181	1890

157	182	1864

170	182	1888

156	183	1897

170	183	1882

155	184	1916

170	184	1874

155	185	1890

171	185	1879

155	186	1884

172	186	1879

155	187	1889

173	187	1872

174	187	1879

176	187	1882

177	187	1885

178	187	1883

179	187	1881

180	187	1884

181	187	1893

182	187	1900

155	188	1892

175	188	1871

177	188	1880

178	188	1880

179	188	1881

180	188	1886

181	188	1894

182	188	1901

183	188	1910

184	188	1930

155	189	1896

175	189	1882

176	189	1891

155	190	1890

173	190	1876

174	190	1895

156	191	1864

171	191	1873

172	191	1895

155	192	1898

169	192	1868

170	192	1888

156	193	1883

168	193	1884

156	194	1903

167	194	1886

156	195	1916

166	195	1892

156	196	1912

166	196	1914

196	196	1963

197	196	1963

156	197	1906

165	197	1890

196	197	1958

197	197	1956

156	198	1894

165	198	1891

194	198	1965

195	198	1961

197	198	1952

156	199	1889

165	199	1893

190	199	1964

191	199	1965

192	199	1965

194	199	1962

197	199	1949

155	200	1926

165	200	1893

189	200	1965

193	200	1963

197	200	1945

155	201	1919

165	201	1894

189	201	1965

197	201	1942

155	202	1905

165	202	1898

189	202	1965

197	202	1936

155	203	1906

165	203	1901

189	203	1962

197	203	1930

155	204	1911

166	204	1923

189	204	1961

197	204	1923

155	205	1915

166	205	1924

189	205	1963

197	205	1918

155	206	1914

166	206	1921

189	206	1962

197	206	1914

155	207	1909

166	207	1919

188	207	1964

197	207	1910

155	208	1909

166	208	1925

188	208	1964

197	208	1907

155	209	1913

166	209	1933

189	209	1959

197	209	1902

155	210	1917

165	210	1913

189	210	1961

197	210	1897

154	211	1963

165	211	1918

189	211	1965

197	211	1891

155	212	1914

166	212	1952

190	212	1964

197	212	1891

154	213	1954

165	213	1922

182	213	1965

183	213	1965

184	213	1965

191	213	1962

197	213	1890

154	214	1944

166	214	1954

180	214	1965

181	214	1964

184	214	1965

192	214	1958

197	214	1890

154	215	1946

166	215	1948

180	215	1965

184	215	1965

192	215	1964

197	215	1884

154	216	1940

166	216	1937

178	216	1964

179	216	1961

183	216	1961

193	216	1936

197	216	1883

154	217	1939

155	217	1912

156	217	1895

157	217	1889

158	217	1888

159	217	1888

160	217	1891

161	217	1893

162	217	1896

163	217	1900

164	217	1905

165	217	1914

166	217	1931

167	217	1956

176	217	1963

177	217	1961

178	217	1961

179	217	1958

180	217	1957

181	217	1958

182	217	1961

183	217	1962

193	217	1930

194	217	1905

195	217	1893

196	217	1886

197	217	1881

