207	132	1371

208	132	1358

209	132	1360

210	132	1375

207	133	1360

211	133	1394

207	134	1359

211	134	1375

203	135	1406

206	135	1371

211	135	1367

193	136	1324

196	136	1328

204	136	1442

206	136	1377

212	136	1388

192	137	1320

197	137	1327

206	137	1376

212	137	1375

192	138	1324

197	138	1322

198	138	1338

207	138	1361

213	138	1399

197	139	1324

199	139	1348

208	139	1370

213	139	1388

193	140	1326

197	140	1323

200	140	1360

201	140	1391

202	140	1416

208	140	1371

213	140	1387

194	141	1325

195	141	1320

196	141	1320

200	141	1351

205	141	1417

206	141	1405

207	141	1381

213	141	1385

195	142	1328

200	142	1343

204	142	1384

207	142	1393

213	142	1382

196	143	1329

201	143	1348

208	143	1381

214	143	1411

196	144	1339

202	144	1353

208	144	1367

215	144	1422

197	145	1338

203	145	1360

204	145	1391

209	145	1372

214	145	1406

197	146	1345

204	146	1368

209	146	1371

213	146	1385

198	147	1348

205	147	1406

209	147	1371

213	147	1384

225	147	1407

226	147	1404

198	148	1349

205	148	1387

208	148	1363

214	148	1417

223	148	1409

224	148	1389

227	148	1399

199	149	1358

205	149	1373

208	149	1377

214	149	1420

223	149	1384

227	149	1401

200	150	1351

206	150	1401

207	150	1389

214	150	1415

222	150	1392

227	150	1423

200	151	1354

214	151	1405

217	151	1478

221	151	1414

226	151	1394

199	152	1385

215	152	1420

220	152	1437

226	152	1413

199	153	1405

216	153	1455

218	153	1478

219	153	1459

225	153	1389

199	154	1412

217	154	1459

218	154	1475

220	154	1409

225	154	1394

200	155	1436

218	155	1455

220	155	1414

225	155	1400

199	156	1457

219	156	1461

225	156	1407

199	157	1406

225	157	1414

198	158	1401

225	158	1422

198	159	1385

225	159	1431

197	160	1419

224	160	1393

196	161	1394

224	161	1397

195	162	1411

224	162	1398

194	163	1436

224	163	1400

194	164	1433

224	164	1404

194	165	1419

224	165	1413

195	166	1371

224	166	1431

193	167	1436

194	167	1408

223	167	1404

192	168	1444

193	168	1476

223	168	1423

194	169	1436

222	169	1401

194	170	1457

222	170	1419

195	171	1386

221	171	1398

194	172	1460

221	172	1412

194	173	1446

220	173	1402

194	174	1372

195	174	1379

220	174	1424

196	175	1408

219	175	1417

196	176	1432

218	176	1423

197	177	1422

217	177	1431

198	178	1437

199	178	1409

216	178	1430

200	179	1423

217	179	1478

200	180	1456

216	180	1440

200	181	1457

216	181	1445

201	182	1439

216	182	1455

202	183	1432

216	183	1464

202	184	1441

216	184	1473

202	185	1437

215	185	1455

201	186	1470

215	186	1463

202	187	1442

215	187	1468

201	188	1446

215	188	1472

201	189	1434

215	189	1475

201	190	1470

215	190	1479

201	191	1463

214	191	1463

202	192	1444

214	192	1466

200	193	1449

201	193	1467

214	193	1470

201	194	1434

214	194	1473

200	195	1429

202	195	1448

214	195	1475

200	196	1436

201	196	1459

214	196	1475

199	197	1418

214	197	1478

199	198	1448

200	198	1474

213	198	1475

201	199	1477

213	199	1478

201	200	1476

212	200	1477

202	201	1475

211	201	1475

203	202	1472

210	202	1475

211	202	1478

204	203	1474

209	203	1477

205	204	1479

206	204	1477

207	204	1479

208	204	1477

