143	110	1168

144	110	1154

145	110	1153

146	110	1158

143	111	1151

147	111	1157

143	112	1149

148	112	1171

143	113	1154

148	113	1161

163	113	1196

164	113	1187

165	113	1196

144	114	1148

148	114	1156

163	114	1177

166	114	1199

144	115	1152

149	115	1168

162	115	1185

166	115	1188

144	116	1159

149	116	1160

162	116	1180

166	116	1184

145	117	1155

149	117	1157

162	117	1174

166	117	1183

145	118	1158

150	118	1172

162	118	1171

166	118	1182

145	119	1160

150	119	1164

161	119	1183

166	119	1185

145	120	1159

150	120	1160

161	120	1181

166	120	1187

146	121	1154

151	121	1173

161	121	1174

166	121	1195

146	122	1157

151	122	1165

161	122	1169

166	122	1198

146	123	1161

152	123	1177

160	123	1182

165	123	1177

146	124	1164

152	124	1171

160	124	1178

165	124	1179

146	125	1154

152	125	1171

160	125	1178

165	125	1182

147	126	1164

153	126	1189

154	126	1213

159	126	1187

165	126	1185

147	127	1165

154	127	1212

159	127	1183

165	127	1189

147	128	1167

154	128	1210

159	128	1176

165	128	1196

147	129	1171

154	129	1205

158	129	1181

165	129	1205

147	130	1172

154	130	1200

158	130	1178

164	130	1187

148	131	1162

154	131	1195

157	131	1165

164	131	1194

148	132	1164

154	132	1195

157	132	1178

164	132	1198

148	133	1166

155	133	1184

156	133	1182

164	133	1202

144	134	1180

145	134	1160

146	134	1178

147	134	1176

163	134	1189

143	135	1156

163	135	1200

142	136	1156

163	136	1208

141	137	1168

163	137	1207

141	138	1142

162	138	1192

139	139	1172

140	139	1161

162	139	1194

139	140	1165

141	140	1164

162	140	1197

139	141	1153

140	141	1177

162	141	1200

138	142	1156

162	142	1202

138	143	1182

162	143	1198

137	144	1203

162	144	1191

137	145	1180

163	145	1197

170	145	1236

173	145	1229

174	145	1215

175	145	1210

176	145	1208

177	145	1205

178	145	1200

179	145	1197

180	145	1199

181	145	1204

182	145	1213

183	145	1232

136	146	1220

164	146	1195

168	146	1179

169	146	1209

171	146	1197

172	146	1193

184	146	1239

136	147	1182

165	147	1191

166	147	1195

167	147	1194

183	147	1214

184	147	1236

136	148	1169

180	148	1207

181	148	1219

182	148	1231

136	149	1167

178	149	1204

179	149	1215

136	150	1175

176	150	1202

177	150	1213

135	151	1164

174	151	1201

175	151	1215

136	152	1154

172	152	1206

173	152	1218

136	153	1181

171	153	1219

135	154	1153

170	154	1219

136	155	1188

168	155	1193

169	155	1216

137	156	1185

167	156	1202

137	157	1208

166	157	1210

136	158	1234

164	158	1196

165	158	1213

136	159	1247

163	159	1204

136	160	1195

162	160	1210

137	161	1219

161	161	1207

136	162	1211

160	162	1209

136	163	1234

137	163	1222

138	163	1189

159	163	1207

139	164	1189

158	164	1210

138	165	1197

157	165	1211

137	166	1197

138	166	1199

157	166	1227

139	167	1180

156	167	1209

139	168	1183

157	168	1243

138	169	1180

157	169	1250

139	170	1199

157	170	1258

139	171	1201

157	171	1263

139	172	1200

157	172	1261

138	173	1187

157	173	1263

139	174	1194

157	174	1265

139	175	1210

157	175	1266

138	176	1177

140	176	1199

157	176	1267

140	177	1202

157	177	1268

140	178	1207

156	178	1253

139	179	1200

156	179	1253

140	180	1214

156	180	1255

140	181	1216

156	181	1256

140	182	1220

156	182	1257

140	183	1228

156	183	1259

140	184	1235

156	184	1264

140	185	1238

156	185	1267

140	186	1242

156	186	1267

141	187	1232

156	187	1268

141	188	1233

155	188	1260

140	189	1236

155	189	1264

140	190	1238

155	190	1265

140	191	1245

141	191	1241

142	191	1241

143	191	1240

144	191	1241

145	191	1241

146	191	1240

147	191	1240

148	191	1241

149	191	1244

150	191	1248

151	191	1251

152	191	1254

153	191	1258

154	191	1262

155	191	1268

