173	110	1214

174	110	1201

175	110	1200

176	110	1204

173	111	1200

177	111	1209

173	112	1198

178	112	1235

189	112	1234

190	112	1231

191	112	1241

173	113	1200

178	113	1217

188	113	1232

192	113	1248

173	114	1203

178	114	1210

188	114	1230

192	114	1240

173	115	1204

179	115	1241

188	115	1231

192	115	1242

174	116	1202

179	116	1227

187	116	1226

192	116	1245

174	117	1207

179	117	1220

187	117	1232

192	117	1246

174	118	1210

180	118	1240

187	118	1234

192	118	1249

174	119	1210

180	119	1230

187	119	1236

192	119	1257

174	120	1212

180	120	1226

187	120	1236

192	120	1266

174	121	1215

181	121	1250

187	121	1235

192	121	1274

174	122	1216

181	122	1252

186	122	1235

192	122	1276

174	123	1214

181	123	1246

186	123	1241

192	123	1289

174	124	1221

181	124	1239

186	124	1242

191	124	1246

174	125	1228

181	125	1235

186	125	1240

191	125	1251

172	126	1205

173	126	1254

181	126	1232

185	126	1244

191	126	1255

172	127	1197

173	127	1203

182	127	1264

185	127	1245

191	127	1259

174	128	1218

183	128	1299

184	128	1263

191	128	1262

174	129	1244

191	129	1265

175	130	1230

191	130	1262

172	131	1282

175	131	1232

192	131	1301

172	132	1280

173	132	1243

174	132	1234

192	132	1306

171	133	1294

192	133	1310

172	134	1263

191	134	1278

171	135	1259

191	135	1279

202	135	1291

203	135	1275

204	135	1272

205	135	1272

206	135	1278

169	136	1283

170	136	1255

192	136	1309

197	136	1317

201	136	1269

207	136	1257

208	136	1281

168	137	1273

193	137	1290

194	137	1283

195	137	1267

196	137	1300

198	137	1296

199	137	1276

200	137	1257

209	137	1291

167	138	1238

193	138	1284

209	138	1289

166	139	1242

192	139	1291

194	139	1286

208	139	1280

165	140	1247

193	140	1319

207	140	1299

164	141	1242

205	141	1274

206	141	1300

164	142	1253

204	142	1290

164	143	1254

202	143	1272

203	143	1315

164	144	1243

201	144	1266

162	145	1277

163	145	1279

201	145	1295

162	146	1284

200	146	1284

162	147	1306

199	147	1271

163	148	1264

198	148	1268

163	149	1270

198	149	1298

163	150	1294

197	150	1285

163	151	1305

196	151	1280

162	152	1254

164	152	1246

195	152	1280

163	153	1262

165	153	1236

194	153	1275

163	154	1243

164	154	1264

193	154	1268

163	155	1264

164	155	1284

193	155	1297

165	156	1259

192	156	1287

165	157	1301

191	157	1287

166	158	1295

190	158	1290

166	159	1297

189	159	1296

164	160	1248

165	160	1273

188	160	1304

165	161	1256

187	161	1300

166	162	1282

187	162	1306

164	163	1222

165	163	1245

187	163	1317

165	164	1287

187	164	1325

165	165	1264

186	165	1302

164	166	1279

186	166	1314

165	167	1306

186	167	1331

165	168	1263

185	168	1311

165	169	1261

185	169	1320

164	170	1272

185	170	1328

163	171	1265

185	171	1335

164	172	1272

184	172	1317

163	173	1261

184	173	1325

163	174	1263

184	174	1333

163	175	1250

183	175	1319

164	176	1262

183	176	1324

163	177	1267

183	177	1330

163	178	1268

183	178	1334

161	179	1258

162	179	1257

182	179	1323

160	180	1286

162	180	1267

182	180	1327

159	181	1290

160	181	1282

162	181	1273

182	181	1334

160	182	1272

161	182	1277

181	182	1321

159	183	1278

160	183	1263

181	183	1328

158	184	1313

159	184	1251

161	184	1289

181	184	1332

158	185	1278

159	185	1314

160	185	1306

161	185	1287

162	185	1282

163	185	1278

164	185	1274

165	185	1274

166	185	1273

167	185	1272

168	185	1271

169	185	1271

170	185	1271

171	185	1273

172	185	1276

173	185	1277

174	185	1280

175	185	1283

176	185	1288

177	185	1291

178	185	1297

179	185	1306

180	185	1319

