160	163	1876

161	163	1879

160	164	1873

161	164	1874

160	165	1875

161	165	1872

171	165	1901

160	166	1877

162	166	1880

170	166	1887

171	166	1887

160	167	1882

162	167	1876

170	167	1885

171	167	1883

160	168	1885

162	168	1875

170	168	1883

171	168	1883

160	169	1884

162	169	1874

169	169	1890

171	169	1888

161	170	1877

163	170	1888

169	170	1881

171	170	1891

160	171	1901

163	171	1888

169	171	1879

171	171	1895

161	172	1877

163	172	1886

168	172	1883

170	172	1880

161	173	1875

163	173	1885

168	173	1881

170	173	1883

161	174	1874

163	174	1883

167	174	1888

170	174	1886

161	175	1877

164	175	1894

166	175	1904

170	175	1894

161	176	1878

165	176	1902

169	176	1882

160	177	1875

169	177	1890

157	178	1876

158	178	1858

159	178	1857

169	178	1897

157	179	1855

168	179	1885

157	180	1854

168	180	1889

156	181	1866

168	181	1891

155	182	1875

168	182	1891

154	183	1909

168	183	1885

154	184	1894

168	184	1878

153	185	1904

169	185	1887

153	186	1891

169	186	1871

153	187	1895

170	187	1866

171	187	1876

175	187	1886

176	187	1891

177	187	1893

178	187	1895

179	187	1899

180	187	1906

153	188	1908

172	188	1867

173	188	1873

174	188	1879

176	188	1882

177	188	1886

178	188	1897

179	188	1902

180	188	1909

181	188	1925

182	188	1937

154	189	1872

173	189	1884

174	189	1896

175	189	1896

154	190	1870

171	190	1875

172	190	1891

154	191	1872

169	191	1872

170	191	1883

154	192	1882

168	192	1883

154	193	1896

166	193	1869

167	193	1891

154	194	1911

165	194	1884

155	195	1893

164	195	1886

154	196	1917

164	196	1892

154	197	1910

163	197	1877

154	198	1905

163	198	1885

154	199	1900

163	199	1891

154	200	1899

163	200	1894

154	201	1900

163	201	1896

154	202	1901

163	202	1896

153	203	1949

163	203	1899

153	204	1942

164	204	1931

193	204	1970

153	205	1941

164	205	1936

193	205	1967

154	206	1903

164	206	1935

193	206	1964

153	207	1935

164	207	1932

193	207	1963

153	208	1933

164	208	1929

193	208	1964

153	209	1934

163	209	1911

192	209	1970

193	209	1964

153	210	1933

164	210	1941

193	210	1964

153	211	1932

164	211	1946

192	211	1970

193	211	1964

153	212	1928

164	212	1941

193	212	1969

153	213	1925

164	213	1947

193	213	1969

153	214	1923

164	214	1950

193	214	1965

153	215	1924

154	215	1905

155	215	1897

156	215	1894

157	215	1893

158	215	1894

159	215	1894

160	215	1895

161	215	1900

162	215	1910

163	215	1925

164	215	1947

193	215	1960

