159	127	1382

160	127	1384

159	128	1380

161	128	1383

159	129	1381

161	129	1385

174	129	1409

175	129	1412

159	130	1382

161	130	1387

173	130	1409

176	130	1419

159	131	1384

162	131	1390

172	131	1411

177	131	1373

160	132	1386

162	132	1390

172	132	1411

177	132	1417

160	133	1386

162	133	1389

172	133	1400

177	133	1420

160	134	1387

163	134	1393

173	134	1409

176	134	1413

160	135	1390

163	135	1394

172	135	1408

175	135	1411

160	136	1393

163	136	1396

171	136	1409

176	136	1418

161	137	1394

163	137	1396

171	137	1405

175	137	1411

161	138	1394

164	138	1403

171	138	1408

175	138	1412

161	139	1394

164	139	1401

171	139	1409

175	139	1414

161	140	1397

165	140	1405

170	140	1416

174	140	1412

161	141	1397

165	141	1408

170	141	1415

174	141	1412

161	142	1396

166	142	1418

169	142	1423

174	142	1413

161	143	1394

166	143	1424

170	143	1413

174	143	1414

162	144	1398

167	144	1435

169	144	1414

174	144	1415

161	145	1397

168	145	1416

173	145	1415

161	146	1400

173	146	1415

158	147	1380

159	147	1382

160	147	1391

173	147	1417

157	148	1375

172	148	1415

156	149	1384

172	149	1416

156	150	1391

173	150	1407

156	151	1406

173	151	1395

155	152	1406

172	152	1416

154	153	1387

172	153	1416

153	154	1383

172	154	1413

152	155	1405

173	155	1416

181	155	1415

182	155	1435

186	155	1432

187	155	1432

188	155	1438

151	156	1418

174	156	1414

179	156	1436

180	156	1432

183	156	1428

184	156	1428

185	156	1428

189	156	1438

151	157	1405

175	157	1419

176	157	1420

177	157	1418

178	157	1420

188	157	1437

189	157	1440

151	158	1397

186	158	1435

187	158	1438

151	159	1396

184	159	1431

185	159	1436

151	160	1415

182	160	1427

183	160	1433

151	161	1409

181	161	1428

151	162	1444

179	162	1420

180	162	1417

151	163	1470

177	163	1414

178	163	1421

152	164	1404

176	164	1417

153	165	1399

175	165	1419

153	166	1408

173	166	1409

174	166	1417

153	167	1414

172	167	1406

153	168	1420

171	168	1409

153	169	1437

170	169	1414

153	170	1421

169	170	1419

154	171	1409

168	171	1424

153	172	1449

168	172	1429

153	173	1442

167	173	1427

153	174	1437

167	174	1429

153	175	1426

167	175	1437

153	176	1416

167	176	1445

153	177	1418

167	177	1458

153	178	1423

167	178	1464

153	179	1426

167	179	1469

153	180	1424

167	180	1480

153	181	1426

167	181	1488

153	182	1431

167	182	1496

152	183	1466

167	183	1502

153	184	1437

166	184	1484

153	185	1443

166	185	1486

152	186	1495

167	186	1505

152	187	1497

166	187	1488

153	188	1457

166	188	1493

153	189	1459

166	189	1497

153	190	1463

166	190	1500

153	191	1469

166	191	1505

152	192	1482

165	192	1496

152	193	1474

165	193	1502

152	194	1480

165	194	1503

152	195	1488

164	195	1497

152	196	1489

164	196	1499

152	197	1492

164	197	1502

152	198	1498

164	198	1505

153	199	1498

154	199	1493

155	199	1488

156	199	1486

157	199	1486

158	199	1488

159	199	1490

160	199	1492

161	199	1496

162	199	1500

163	199	1505

