160	163	1897

161	163	1893

160	164	1884

162	164	1884

160	165	1892

162	165	1882

161	166	1880

162	166	1879

171	166	1894

172	166	1899

161	167	1884

162	167	1878

171	167	1886

172	167	1893

161	168	1881

163	168	1882

170	168	1889

172	168	1891

161	169	1880

163	169	1885

170	169	1886

171	169	1883

161	170	1879

163	170	1884

170	170	1883

171	170	1885

161	171	1884

163	171	1882

169	171	1890

171	171	1886

161	172	1887

163	172	1880

168	172	1919

171	172	1887

161	173	1892

164	173	1893

168	173	1894

171	173	1890

162	174	1883

164	174	1892

168	174	1886

170	174	1881

161	175	1896

165	175	1939

167	175	1897

170	175	1885

161	176	1896

166	176	1910

170	176	1895

161	177	1890

170	177	1907

159	178	1862

160	178	1873

169	178	1896

157	179	1886

158	179	1861

169	179	1897

157	180	1880

169	180	1895

157	181	1877

169	181	1895

156	182	1884

168	182	1883

155	183	1891

168	183	1883

155	184	1894

169	184	1895

154	185	1910

169	185	1881

154	186	1893

170	186	1890

154	187	1888

171	187	1885

154	188	1892

172	188	1868

173	188	1877

174	188	1885

175	188	1893

176	188	1893

177	188	1893

178	188	1891

179	188	1893

180	188	1898

181	188	1908

182	188	1917

154	189	1899

174	189	1889

175	189	1901

176	189	1903

177	189	1901

178	189	1900

155	190	1874

172	190	1879

173	190	1891

155	191	1878

170	191	1879

171	191	1891

154	192	1906

168	192	1875

169	192	1891

154	193	1933

167	193	1880

155	194	1894

166	194	1892

155	195	1911

165	195	1906

155	196	1916

164	196	1892

155	197	1918

164	197	1898

195	197	1975

155	198	1910

164	198	1903

195	198	1971

154	199	1943

164	199	1906

194	199	1972

195	199	1964

154	200	1938

164	200	1911

191	200	1975

193	200	1971

195	200	1959

154	201	1935

164	201	1914

190	201	1974

192	201	1975

195	201	1954

154	202	1926

164	202	1915

189	202	1974

195	202	1950

154	203	1923

164	203	1915

188	203	1975

195	203	1947

154	204	1922

165	204	1950

188	204	1973

195	204	1944

154	205	1925

165	205	1949

188	205	1974

195	205	1945

154	206	1927

164	206	1916

188	206	1973

195	206	1941

154	207	1927

164	207	1920

188	207	1973

195	207	1937

154	208	1928

164	208	1922

188	208	1974

195	208	1930

154	209	1928

164	209	1931

189	209	1972

195	209	1927

154	210	1928

164	210	1931

189	210	1971

195	210	1924

154	211	1925

165	211	1969

189	211	1974

195	211	1923

154	212	1924

165	212	1967

190	212	1970

195	212	1920

153	213	1962

165	213	1970

182	213	1975

184	213	1975

191	213	1970

195	213	1915

153	214	1958

165	214	1964

181	214	1974

183	214	1974

184	214	1975

191	214	1974

195	214	1911

153	215	1953

165	215	1959

179	215	1973

180	215	1971

183	215	1973

192	215	1965

195	215	1909

153	216	1957

154	216	1930

155	216	1909

156	216	1899

157	216	1894

158	216	1896

159	216	1896

160	216	1897

161	216	1899

162	216	1908

163	216	1915

164	216	1928

165	216	1951

178	216	1974

179	216	1972

180	216	1971

181	216	1970

182	216	1971

183	216	1975

192	216	1965

193	216	1935

194	216	1916

195	216	1907

