163	102	1286

161	103	1282

162	103	1277

164	103	1281

165	103	1289

161	104	1276

165	104	1287

161	105	1277

165	105	1284

161	106	1279

166	106	1297

178	106	1317

179	106	1308

180	106	1312

161	107	1282

166	107	1293

177	107	1317

181	107	1317

161	108	1278

166	108	1291

177	108	1304

181	108	1313

162	109	1281

166	109	1289

177	109	1301

181	109	1316

162	110	1286

167	110	1295

176	110	1305

181	110	1317

162	111	1286

167	111	1297

176	111	1309

181	111	1319

162	112	1289

167	112	1295

176	112	1309

181	112	1323

162	113	1292

168	113	1281

175	113	1307

180	113	1310

162	114	1296

168	114	1302

175	114	1310

180	114	1316

162	115	1292

168	115	1300

175	115	1310

180	115	1318

162	116	1279

168	116	1300

175	116	1310

180	116	1320

163	117	1293

169	117	1303

174	117	1318

180	117	1325

163	118	1294

170	118	1291

174	118	1313

180	118	1333

163	119	1297

170	119	1314

174	119	1311

180	119	1338

163	120	1300

170	120	1306

173	120	1318

179	120	1322

164	121	1301

170	121	1308

173	121	1316

179	121	1328

164	122	1302

170	122	1319

173	122	1317

179	122	1332

164	123	1308

171	123	1302

173	123	1316

179	123	1336

164	124	1307

172	124	1319

179	124	1340

161	125	1348

162	125	1321

163	125	1321

178	125	1324

160	126	1305

178	126	1326

159	127	1307

179	127	1344

158	128	1314

179	128	1345

157	129	1321

179	129	1344

156	130	1290

179	130	1345

182	130	1343

184	130	1343

185	130	1347

186	130	1337

187	130	1328

188	130	1325

189	130	1325

190	130	1327

191	130	1328

192	130	1330

193	130	1334

194	130	1350

154	131	1282

155	131	1282

179	131	1314

181	131	1281

183	131	1350

195	131	1343

153	132	1303

180	132	1352

196	132	1360

153	133	1306

196	133	1357

153	134	1305

193	134	1349

194	134	1360

195	134	1369

152	135	1335

192	135	1354

151	136	1302

190	136	1345

191	136	1346

152	137	1287

188	137	1344

189	137	1365

153	138	1298

187	138	1350

152	139	1312

186	139	1351

152	140	1295

185	140	1349

152	141	1292

184	141	1345

152	142	1337

183	142	1340

152	143	1347

182	143	1341

152	144	1332

181	144	1342

152	145	1324

180	145	1339

153	146	1307

179	146	1335

153	147	1346

178	147	1337

154	148	1323

178	148	1347

154	149	1340

176	149	1340

177	149	1345

154	150	1366

175	150	1346

154	151	1358

175	151	1363

154	152	1350

174	152	1355

153	153	1336

174	153	1358

154	154	1364

174	154	1364

154	155	1332

173	155	1353

153	156	1282

173	156	1358

153	157	1309

173	157	1364

152	158	1319

173	158	1367

151	159	1333

173	159	1365

151	160	1302

173	160	1369

151	161	1352

172	161	1376

151	162	1351

172	162	1378

151	163	1336

172	163	1383

149	164	1278

150	164	1344

172	164	1381

150	165	1327

172	165	1383

150	166	1330

172	166	1382

149	167	1353

171	167	1386

149	168	1334

171	168	1389

149	169	1334

171	169	1390

149	170	1333

171	170	1388

148	171	1337

170	171	1391

147	172	1330

170	172	1395

147	173	1347

170	173	1399

147	174	1341

169	174	1394

147	175	1345

169	175	1398

147	176	1353

169	176	1398

146	177	1350

169	177	1401

170	177	1402

146	178	1353

168	178	1396

146	179	1343

147	179	1343

148	179	1343

149	179	1342

150	179	1342

151	179	1340

152	179	1340

153	179	1337

154	179	1337

155	179	1335

156	179	1335

157	179	1336

158	179	1337

159	179	1339

160	179	1340

161	179	1344

162	179	1349

163	179	1354

164	179	1360

165	179	1367

166	179	1377

167	179	1388

168	179	1402

170	179	1396

