163	158	1782

164	158	1778

163	159	1778

165	159	1781

164	160	1776

165	160	1780

175	160	1801

163	161	1794

165	161	1783

174	161	1796

176	161	1803

164	162	1784

166	162	1794

173	162	1811

175	162	1791

164	163	1791

166	163	1793

173	163	1810

175	163	1789

164	164	1792

166	164	1790

173	164	1801

175	164	1789

164	165	1792

167	165	1795

173	165	1796

175	165	1789

164	166	1789

167	166	1791

172	166	1802

175	166	1794

164	167	1792

167	167	1787

172	167	1804

175	167	1798

164	168	1795

167	168	1784

172	168	1800

175	168	1801

164	169	1801

168	169	1795

171	169	1809

174	169	1792

164	170	1804

168	170	1798

171	170	1801

174	170	1793

165	171	1789

168	171	1802

171	171	1799

174	171	1801

164	172	1797

169	172	1803

170	172	1801

174	172	1811

163	173	1775

174	173	1823

162	174	1764

173	174	1806

161	175	1772

173	175	1806

161	176	1779

173	176	1808

161	177	1779

173	177	1810

160	178	1774

172	178	1797

158	179	1805

159	179	1782

173	179	1808

158	180	1793

173	180	1800

158	181	1785

174	181	1801

185	181	1824

157	182	1791

175	182	1795

176	182	1799

178	182	1802

179	182	1801

180	182	1800

181	182	1804

182	182	1806

183	182	1807

184	182	1811

185	182	1822

186	182	1837

157	183	1788

177	183	1788

183	183	1812

184	183	1823

157	184	1792

180	184	1811

181	184	1817

182	184	1824

158	185	1785

178	185	1801

179	185	1821

158	186	1787

176	186	1787

177	186	1800

158	187	1786

175	187	1791

158	188	1789

173	188	1788

174	188	1805

158	189	1799

172	189	1793

159	190	1790

171	190	1801

159	191	1803

170	191	1805

159	192	1806

169	192	1806

159	193	1805

169	193	1825

159	194	1806

168	194	1803

159	195	1808

168	195	1810

159	196	1808

168	196	1818

159	197	1809

168	197	1823

159	198	1815

168	198	1826

159	199	1820

168	199	1835

159	200	1823

168	200	1842

159	201	1827

168	201	1850

158	202	1865

168	202	1852

158	203	1868

168	203	1856

159	204	1840

168	204	1858

159	205	1844

168	205	1860

159	206	1848

168	206	1862

159	207	1854

168	207	1863

159	208	1858

168	208	1863

159	209	1862

168	209	1866

159	210	1862

168	210	1871

159	211	1864

168	211	1873

159	212	1870

168	212	1877

159	213	1875

160	213	1854

161	213	1847

162	213	1844

163	213	1845

164	213	1845

165	213	1851

166	213	1857

167	213	1868

168	213	1881

