188	157	1722

189	157	1719

190	157	1717

191	157	1720

188	158	1727

191	158	1717

188	159	1742

192	159	1726

189	160	1719

192	160	1723

177	161	1680

178	161	1676

179	161	1681

189	161	1747

192	161	1720

177	162	1674

180	162	1689

190	162	1722

193	162	1727

177	163	1671

181	163	1691

190	163	1725

193	163	1725

178	164	1681

182	164	1693

190	164	1725

193	164	1724

178	165	1675

183	165	1695

190	165	1730

194	165	1728

179	166	1695

180	166	1693

184	166	1698

190	166	1743

194	166	1725

181	167	1696

185	167	1703

190	167	1747

194	167	1728

182	168	1701

186	168	1710

190	168	1747

194	168	1729

203	168	1710

204	168	1712

205	168	1714

182	169	1717

187	169	1715

188	169	1729

189	169	1721

195	169	1733

203	169	1713

205	169	1719

183	170	1706

195	170	1728

202	170	1718

204	170	1719

184	171	1704

196	171	1732

201	171	1722

204	171	1721

185	172	1710

196	172	1731

201	172	1715

204	172	1720

185	173	1728

197	173	1736

200	173	1748

204	173	1718

186	174	1717

198	174	1744

199	174	1780

204	174	1716

185	175	1714

204	175	1714

184	176	1694

204	176	1715

183	177	1698

204	177	1717

183	178	1700

204	178	1718

183	179	1708

204	179	1719

183	180	1702

204	180	1721

182	181	1698

204	181	1724

182	182	1698

204	182	1731

182	183	1708

204	183	1743

182	184	1731

203	184	1731

182	185	1739

203	185	1735

182	186	1737

202	186	1726

182	187	1763

202	187	1731

183	188	1728

202	188	1738

183	189	1738

201	189	1736

184	190	1726

201	190	1757

185	191	1725

200	191	1754

185	192	1739

186	192	1724

201	192	1772

187	193	1725

201	193	1771

187	194	1740

188	194	1738

202	194	1795

189	195	1743

202	195	1793

190	196	1746

202	196	1791

191	197	1747

203	197	1817

191	198	1756

203	198	1817

192	199	1754

203	199	1813

192	200	1767

203	200	1814

192	201	1781

203	201	1805

193	202	1768

204	202	1817

193	203	1778

204	203	1812

193	204	1789

204	204	1812

193	205	1794

204	205	1810

194	206	1778

204	206	1805

194	207	1779

205	207	1816

194	208	1789

205	208	1811

195	209	1800

205	209	1810

195	210	1815

206	210	1818

196	211	1799

206	211	1817

196	212	1807

206	212	1816

196	213	1818

206	213	1816

197	214	1816

206	214	1815

198	215	1815

206	215	1816

199	216	1815

200	216	1809

205	216	1816

206	216	1818

201	217	1813

204	217	1816

202	218	1817

203	218	1816

235	224	1816

