194	154	1683

195	154	1688

193	155	1680

196	155	1696

193	156	1682

196	156	1695

182	157	1649

183	157	1655

194	157	1686

197	157	1702

181	158	1652

184	158	1660

194	158	1687

197	158	1697

181	159	1659

185	159	1665

194	159	1685

197	159	1694

182	160	1664

186	160	1672

194	160	1686

197	160	1691

183	161	1665

187	161	1677

194	161	1671

198	161	1700

184	162	1669

188	162	1679

194	162	1689

198	162	1700

184	163	1671

189	163	1679

195	163	1696

198	163	1703

185	164	1672

189	164	1677

195	164	1694

198	164	1701

185	165	1685

190	165	1683

194	165	1700

198	165	1700

208	165	1685

186	166	1692

191	166	1686

192	166	1695

193	166	1690

199	166	1705

207	166	1678

208	166	1684

187	167	1683

199	167	1704

206	167	1679

208	167	1680

188	168	1684

199	168	1706

205	168	1682

207	168	1680

189	169	1689

200	169	1710

204	169	1685

207	169	1681

189	170	1695

201	170	1731

204	170	1688

207	170	1686

189	171	1687

202	171	1756

204	171	1696

207	171	1690

188	172	1678

202	172	1737

204	172	1693

207	172	1692

187	173	1672

203	173	1707

207	173	1695

186	174	1676

207	174	1695

186	175	1671

207	175	1695

185	176	1678

207	176	1694

185	177	1680

207	177	1694

184	178	1662

207	178	1697

185	179	1668

207	179	1699

185	180	1674

207	180	1705

185	181	1690

207	181	1710

185	182	1696

206	182	1704

185	183	1696

206	183	1711

185	184	1693

206	184	1719

185	185	1705

205	185	1705

186	186	1704

205	186	1708

186	187	1707

204	187	1706

187	188	1700

204	188	1719

187	189	1708

188	189	1699

203	189	1726

189	190	1704

203	190	1740

190	191	1707

203	191	1744

190	192	1722

204	192	1762

191	193	1711

204	193	1769

192	194	1711

204	194	1771

192	195	1726

204	195	1774

193	196	1720

205	196	1794

193	197	1715

204	197	1776

194	198	1727

205	198	1794

193	199	1736

205	199	1790

194	200	1744

205	200	1788

195	201	1741

205	201	1785

195	202	1746

205	202	1780

195	203	1751

205	203	1777

195	204	1755

206	204	1796

195	205	1754

206	205	1796

196	206	1765

206	206	1789

196	207	1776

206	207	1786

197	208	1769

206	208	1785

197	209	1777

207	209	1794

197	210	1781

207	210	1791

197	211	1787

208	211	1796

198	212	1787

208	212	1795

199	213	1788

207	213	1794

200	214	1787

206	214	1794

207	214	1795

200	215	1793

201	215	1790

205	215	1795

202	216	1791

203	216	1793

204	216	1794

