210	137	1451

211	137	1431

212	137	1428

213	137	1432

214	137	1451

210	138	1437

215	138	1447

211	139	1418

216	139	1468

199	140	1391

200	140	1384

201	140	1390

202	140	1401

210	140	1411

216	140	1458

198	141	1380

202	141	1398

207	141	1438

208	141	1432

211	141	1420

216	141	1454

198	142	1378

202	142	1388

208	142	1445

210	142	1421

216	142	1449

202	143	1387

203	143	1402

210	143	1452

216	143	1444

198	144	1382

201	144	1380

203	144	1402

211	144	1436

216	144	1442

199	145	1383

200	145	1382

204	145	1412

212	145	1429

216	145	1443

199	146	1395

204	146	1402

212	146	1433

216	146	1439

200	147	1396

205	147	1411

212	147	1434

217	147	1461

200	148	1393

206	148	1418

212	148	1436

217	148	1465

201	149	1397

207	149	1424

208	149	1455

212	149	1438

217	149	1467

202	150	1393

209	150	1462

212	150	1437

217	150	1468

202	151	1401

209	151	1475

212	151	1435

217	151	1470

202	152	1401

209	152	1457

212	152	1434

217	152	1471

227	152	1472

228	152	1470

229	152	1490

203	153	1411

209	153	1439

212	153	1433

217	153	1467

226	153	1447

229	153	1476

203	154	1418

209	154	1437

212	154	1432

217	154	1463

224	154	1480

225	154	1444

229	154	1490

204	155	1417

209	155	1438

211	155	1440

217	155	1458

220	155	1530

223	155	1489

228	155	1454

204	156	1431

210	156	1436

218	156	1473

219	156	1532

222	156	1497

228	156	1469

204	157	1451

219	157	1527

222	157	1470

227	157	1447

204	158	1478

219	158	1519

222	158	1466

227	158	1455

204	159	1516

219	159	1502

221	159	1522

227	159	1462

202	160	1481

203	160	1451

220	160	1501

227	160	1469

202	161	1443

227	161	1481

202	162	1421

226	162	1452

201	163	1474

226	163	1456

200	164	1469

226	164	1461

200	165	1424

226	165	1463

199	166	1404

226	166	1465

198	167	1426

226	167	1466

197	168	1499

226	168	1470

197	169	1490

226	169	1479

198	170	1435

225	170	1454

197	171	1476

225	171	1467

198	172	1431

225	172	1488

197	173	1479

224	173	1462

198	174	1441

224	174	1481

199	175	1426

223	175	1461

197	176	1477

198	176	1447

223	176	1482

199	177	1437

222	177	1464

199	178	1481

222	178	1487

199	179	1474

221	179	1482

200	180	1465

220	180	1493

200	181	1473

201	181	1459

219	181	1504

202	182	1484

218	182	1496

202	183	1536

218	183	1506

203	184	1490

218	184	1516

202	185	1523

203	185	1489

218	185	1525

202	186	1528

204	186	1468

217	186	1504

203	187	1486

217	187	1515

204	188	1493

217	188	1524

204	189	1496

217	189	1532

204	190	1489

216	190	1511

203	191	1501

216	191	1518

204	192	1474

216	192	1524

204	193	1476

216	193	1530

204	194	1480

216	194	1535

204	195	1487

216	195	1536

204	196	1488

215	196	1521

204	197	1497

215	197	1526

204	198	1504

215	198	1531

204	199	1507

215	199	1536

204	200	1509

214	200	1531

203	201	1509

214	201	1534

203	202	1517

214	202	1537

203	203	1521

213	203	1534

203	204	1528

212	204	1533

213	204	1537

203	205	1533

210	205	1533

211	205	1535

203	206	1535

209	206	1537

203	207	1534

204	207	1537

205	207	1533

206	207	1531

207	207	1533

208	207	1537

203	208	1537

