190	125	1307

191	125	1299

192	125	1304

190	126	1294

193	126	1302

189	127	1298

194	127	1315

190	128	1296

194	128	1304

186	129	1365

190	129	1297

195	129	1326

176	130	1254

178	130	1257

189	130	1322

195	130	1313

175	131	1255

179	131	1262

187	131	1358

189	131	1336

196	131	1336

174	132	1254

179	132	1256

180	132	1269

187	132	1330

189	132	1325

196	132	1314

174	133	1259

178	133	1253

181	133	1272

182	133	1298

190	133	1314

197	133	1329

175	134	1260

176	134	1253

178	134	1254

183	134	1292

191	134	1306

198	134	1350

176	135	1262

177	135	1257

184	135	1307

185	135	1347

187	135	1355

188	135	1353

191	135	1298

198	135	1352

177	136	1267

185	136	1320

186	136	1328

188	136	1371

189	136	1347

191	136	1313

198	136	1342

178	137	1265

184	137	1283

189	137	1361

191	137	1321

198	137	1337

178	138	1255

185	138	1287

186	138	1302

192	138	1315

198	138	1326

179	139	1270

187	139	1307

192	139	1305

199	139	1359

209	139	1364

210	139	1330

211	139	1340

212	139	1367

180	140	1278

188	140	1327

193	140	1313

199	140	1364

209	140	1337

212	140	1336

181	141	1278

188	141	1305

193	141	1313

198	141	1329

203	141	1404

208	141	1345

213	141	1378

181	142	1286

189	142	1337

193	142	1312

198	142	1328

207	142	1368

213	142	1371

182	143	1291

189	143	1315

193	143	1310

198	143	1324

207	143	1335

213	143	1355

183	144	1285

190	144	1337

192	144	1310

199	144	1343

207	144	1334

213	144	1363

183	145	1292

190	145	1324

192	145	1316

199	145	1336

207	145	1328

212	145	1337

184	146	1299

191	146	1313

199	146	1328

207	146	1327

212	146	1351

185	147	1301

200	147	1346

207	147	1326

212	147	1347

184	148	1342

201	148	1348

207	148	1326

212	148	1342

184	149	1367

202	149	1352

207	149	1324

212	149	1342

184	150	1395

202	150	1361

206	150	1336

212	150	1346

184	151	1361

203	151	1391

206	151	1325

212	151	1356

183	152	1347

203	152	1367

206	152	1323

212	152	1367

183	153	1324

203	153	1334

206	153	1323

211	153	1329

182	154	1378

204	154	1326

205	154	1328

211	154	1331

182	155	1356

211	155	1335

181	156	1362

211	156	1335

181	157	1328

211	157	1336

180	158	1326

211	158	1337

180	159	1304

211	159	1344

179	160	1303

211	160	1356

179	161	1326

210	161	1335

179	162	1331

210	162	1348

179	163	1362

210	163	1365

180	164	1317

209	164	1338

180	165	1319

209	165	1352

180	166	1333

208	166	1331

180	167	1348

208	167	1344

180	168	1360

208	168	1359

181	169	1347

208	169	1386

181	170	1350

207	170	1372

182	171	1345

206	171	1373

182	172	1372

183	172	1344

205	172	1376

184	173	1357

205	173	1397

185	174	1353

205	174	1407

186	175	1362

205	175	1410

186	176	1388

204	176	1377

186	177	1400

204	177	1382

187	178	1380

204	178	1391

187	179	1377

204	179	1399

187	180	1383

204	180	1406

187	181	1374

204	181	1412

187	182	1385

203	182	1394

187	183	1403

203	183	1393

188	184	1405

203	184	1394

189	185	1393

203	185	1394

189	186	1401

203	186	1398

189	187	1390

203	187	1403

189	188	1389

203	188	1408

189	189	1399

203	189	1410

187	190	1366

189	190	1394

203	190	1410

189	191	1408

203	191	1410

190	192	1389

203	192	1410

189	193	1389

203	193	1412

188	194	1405

190	194	1383

202	194	1405

188	195	1412

190	195	1390

202	195	1408

189	196	1407

202	196	1411

189	197	1402

201	197	1412

189	198	1399

200	198	1412

190	199	1400

199	199	1411

189	200	1404

190	200	1411

191	200	1412

192	200	1411

193	200	1411

198	200	1412

194	201	1412

195	201	1409

197	201	1410

188	202	1395

190	202	1409

196	202	1412

