137	97	1216

138	97	1215

139	97	1216

140	97	1226

136	98	1213

141	98	1226

154	98	1243

155	98	1239

156	98	1242

136	99	1212

141	99	1224

153	99	1240

157	99	1245

136	100	1212

141	100	1221

153	100	1235

157	100	1244

136	101	1218

142	101	1231

153	101	1235

157	101	1241

137	102	1215

142	102	1224

153	102	1236

157	102	1240

137	103	1221

143	103	1234

153	103	1237

157	103	1240

138	104	1215

143	104	1230

153	104	1237

157	104	1241

138	105	1219

144	105	1214

153	105	1236

157	105	1243

138	106	1223

144	106	1235

152	106	1241

157	106	1244

139	107	1224

144	107	1232

152	107	1243

157	107	1245

139	108	1226

145	108	1239

152	108	1242

158	108	1245

139	109	1229

145	109	1235

152	109	1243

158	109	1254

139	110	1229

146	110	1244

152	110	1246

158	110	1254

140	111	1230

146	111	1243

152	111	1247

158	111	1260

140	112	1234

147	112	1249

148	112	1275

152	112	1247

158	112	1264

140	113	1233

148	113	1261

151	113	1245

158	113	1264

141	114	1232

149	114	1248

151	114	1250

158	114	1265

141	115	1234

149	115	1258

151	115	1248

158	115	1267

141	116	1221

149	116	1274

151	116	1247

158	116	1271

142	117	1233

149	117	1259

151	117	1242

158	117	1271

142	118	1235

150	118	1248

158	118	1271

142	119	1241

158	119	1268

140	120	1261

141	120	1261

158	120	1268

139	121	1235

158	121	1266

168	121	1250

169	121	1251

170	121	1247

171	121	1244

172	121	1243

173	121	1246

174	121	1254

138	122	1215

158	122	1267

166	122	1261

167	122	1246

175	122	1266

137	123	1220

158	123	1267

163	123	1281

164	123	1268

165	123	1251

175	123	1276

136	124	1240

158	124	1264

161	124	1278

162	124	1288

174	124	1272

134	125	1255

135	125	1282

159	125	1275

160	125	1275

173	125	1273

133	126	1256

173	126	1266

134	127	1232

172	127	1262

132	128	1307

133	128	1248

170	128	1269

171	128	1262

132	129	1282

169	129	1255

132	130	1244

168	130	1267

132	131	1253

167	131	1266

132	132	1258

166	132	1262

132	133	1237

166	133	1275

133	134	1238

165	134	1266

132	135	1240

164	135	1260

132	136	1238

164	136	1270

132	137	1231

163	137	1270

133	138	1235

162	138	1269

132	139	1255

161	139	1263

133	140	1243

161	140	1273

134	141	1237

160	141	1269

133	142	1225

134	142	1240

159	142	1267

135	143	1245

159	143	1280

135	144	1261

158	144	1282

135	145	1210

158	145	1301

136	146	1239

157	146	1289

136	147	1294

157	147	1288

137	148	1256

157	148	1285

137	149	1247

157	149	1287

136	150	1255

138	150	1247

157	150	1289

136	151	1287

137	151	1248

158	151	1291

136	152	1251

158	152	1308

136	153	1264

158	153	1307

137	154	1235

158	154	1308

138	155	1256

159	155	1309

138	156	1264

159	156	1316

138	157	1261

159	157	1319

138	158	1258

159	158	1325

138	159	1262

159	159	1329

137	160	1240

159	160	1329

137	161	1256

159	161	1326

136	162	1207

138	162	1277

159	162	1330

136	163	1222

138	163	1278

159	163	1330

138	164	1280

159	164	1334

138	165	1279

159	165	1334

138	166	1277

158	166	1323

137	167	1260

158	167	1324

136	168	1293

158	168	1324

136	169	1258

137	169	1269

158	169	1325

138	170	1281

158	170	1325

138	171	1277

158	171	1323

137	172	1253

158	172	1325

137	173	1255

159	173	1334

138	174	1283

139	174	1289

140	174	1290

141	174	1290

142	174	1288

143	174	1287

144	174	1287

145	174	1287

146	174	1286

147	174	1286

148	174	1286

149	174	1288

150	174	1289

151	174	1290

152	174	1289

153	174	1292

154	174	1297

155	174	1303

156	174	1309

157	174	1316

158	174	1325

