163	103	1294

164	103	1282

165	103	1282

166	103	1284

163	104	1287

167	104	1288

163	105	1287

167	105	1288

163	106	1286

168	106	1301

180	106	1328

181	106	1319

182	106	1329

163	107	1285

168	107	1298

180	107	1311

183	107	1332

163	108	1285

168	108	1297

179	108	1317

183	108	1324

164	109	1289

168	109	1297

179	109	1314

183	109	1327

164	110	1295

169	110	1300

178	110	1322

183	110	1327

164	111	1296

169	111	1301

178	111	1319

183	111	1330

164	112	1297

169	112	1299

178	112	1315

183	112	1334

164	113	1298

169	113	1300

177	113	1307

182	113	1321

164	114	1301

170	114	1300

177	114	1314

182	114	1326

164	115	1304

170	115	1310

177	115	1315

182	115	1330

164	116	1304

170	116	1309

177	116	1313

182	116	1336

165	117	1302

170	117	1306

172	117	1363

176	117	1319

182	117	1342

165	118	1302

171	118	1320

172	118	1351

176	118	1315

182	118	1346

165	119	1303

173	119	1362

175	119	1319

181	119	1328

165	120	1305

172	120	1352

175	120	1317

181	120	1334

165	121	1310

172	121	1348

175	121	1321

181	121	1337

166	122	1304

172	122	1343

175	122	1322

181	122	1341

166	123	1307

172	123	1334

174	123	1311

181	123	1344

166	124	1307

173	124	1329

180	124	1334

163	125	1275

165	125	1322

180	125	1339

162	126	1311

164	126	1303

180	126	1341

160	127	1292

161	127	1288

181	127	1367

160	128	1301

181	128	1333

158	129	1327

159	129	1314

181	129	1345

157	130	1313

182	130	1322

183	130	1341

184	130	1342

186	130	1360

187	130	1345

189	130	1367

190	130	1364

191	130	1355

192	130	1346

193	130	1339

156	131	1310

185	131	1346

188	131	1331

194	131	1327

195	131	1335

196	131	1352

155	132	1317

197	132	1357

154	133	1326

198	133	1374

154	134	1374

195	134	1344

196	134	1359

197	134	1371

154	135	1383

194	135	1351

154	136	1327

193	136	1352

154	137	1314

190	137	1349

191	137	1363

192	137	1356

153	138	1351

188	138	1338

189	138	1355

153	139	1346

187	139	1338

153	140	1284

186	140	1334

153	141	1319

186	141	1346

153	142	1362

185	142	1345

154	143	1319

184	143	1346

154	144	1318

183	144	1357

154	145	1340

182	145	1356

154	146	1335

181	146	1351

155	147	1345

180	147	1350

156	148	1323

179	148	1349

155	149	1369

178	149	1349

155	150	1367

177	150	1354

155	151	1316

176	151	1366

155	152	1336

175	152	1356

155	153	1332

175	153	1358

154	154	1327

175	154	1363

154	155	1329

175	155	1364

155	156	1319

174	156	1358

154	157	1304

174	157	1366

154	158	1316

174	158	1371

154	159	1324

174	159	1378

151	160	1321

153	160	1317

174	160	1372

152	161	1336

174	161	1382

151	162	1323

153	162	1330

173	162	1386

151	163	1332

152	163	1333

173	163	1391

150	164	1331

173	164	1393

151	165	1336

173	165	1392

150	166	1299

172	166	1388

150	167	1350

172	167	1394

150	168	1352

172	168	1400

149	169	1326

172	169	1401

149	170	1335

172	170	1389

149	171	1330

171	171	1400

148	172	1381

171	172	1400

148	173	1357

171	173	1405

148	174	1351

171	174	1394

147	175	1368

171	175	1384

147	176	1356

171	176	1397

147	177	1357

170	177	1409

147	178	1362

169	178	1402

147	179	1352

148	179	1353

149	179	1350

150	179	1346

151	179	1341

152	179	1339

153	179	1337

154	179	1339

155	179	1339

156	179	1340

157	179	1340

158	179	1340

159	179	1340

160	179	1341

161	179	1344

162	179	1347

163	179	1353

164	179	1357

165	179	1364

166	179	1370

167	179	1380

168	179	1391

169	179	1407

