154	94	1217

155	94	1210

156	94	1209

157	94	1213

153	95	1221

158	95	1218

153	96	1211

158	96	1218

170	96	1258

171	96	1240

172	96	1236

173	96	1245

153	97	1214

158	97	1216

170	97	1238

174	97	1251

153	98	1209

159	98	1227

169	98	1255

174	98	1249

154	99	1214

159	99	1218

169	99	1250

174	99	1248

154	100	1219

160	100	1227

169	100	1244

174	100	1252

154	101	1222

160	101	1227

169	101	1243

174	101	1254

155	102	1217

160	102	1226

169	102	1245

174	102	1256

155	103	1221

161	103	1219

169	103	1245

174	103	1256

155	104	1220

161	104	1233

169	104	1243

174	104	1255

155	105	1214

161	105	1231

169	105	1242

174	105	1256

156	106	1220

162	106	1241

168	106	1241

174	106	1258

156	107	1226

162	107	1236

168	107	1253

174	107	1261

156	108	1229

163	108	1253

168	108	1249

174	108	1266

156	109	1236

164	109	1279

168	109	1247

174	109	1269

156	110	1235

163	110	1240

168	110	1245

174	110	1272

157	111	1223

164	111	1257

167	111	1243

174	111	1271

157	112	1228

164	112	1256

167	112	1248

174	112	1270

157	113	1239

164	113	1255

167	113	1250

174	113	1268

158	114	1230

164	114	1251

167	114	1254

173	114	1255

158	115	1234

164	115	1251

167	115	1254

173	115	1259

158	116	1238

165	116	1249

166	116	1248

173	116	1260

157	117	1267

173	117	1263

155	118	1250

156	118	1238

173	118	1265

154	119	1233

173	119	1265

186	119	1262

187	119	1261

188	119	1261

189	119	1263

190	119	1276

153	120	1221

173	120	1261

183	120	1269

184	120	1256

185	120	1247

191	120	1279

152	121	1238

173	121	1256

180	121	1293

181	121	1268

182	121	1252

191	121	1279

151	122	1281

174	122	1269

177	122	1304

178	122	1311

179	122	1279

190	122	1270

150	123	1264

175	123	1281

176	123	1328

189	123	1285

149	124	1246

188	124	1294

148	125	1241

187	125	1291

147	126	1221

186	126	1285

147	127	1272

185	127	1272

147	128	1264

185	128	1284

147	129	1260

185	129	1300

147	130	1233

184	130	1292

146	131	1261

182	131	1269

183	131	1285

147	132	1242

181	132	1259

147	133	1242

181	133	1272

147	134	1235

180	134	1267

181	134	1282

146	135	1237

148	135	1222

179	135	1280

145	136	1244

147	136	1241

178	136	1281

146	137	1211

177	137	1275

147	138	1214

176	138	1263

148	139	1226

176	139	1277

148	140	1251

175	140	1270

149	141	1259

174	141	1271

149	142	1297

173	142	1277

150	143	1310

172	143	1276

151	144	1277

172	144	1288

151	145	1271

172	145	1294

150	146	1287

171	146	1273

151	147	1309

171	147	1279

150	148	1271

171	148	1284

150	149	1259

171	149	1288

151	150	1257

171	150	1291

149	151	1212

150	151	1279

171	151	1296

149	152	1230

171	152	1299

150	153	1269

171	153	1300

150	154	1281

171	154	1299

151	155	1257

171	155	1304

151	156	1256

172	156	1320

151	157	1261

171	157	1314

149	158	1303

151	158	1262

171	158	1316

150	159	1276

171	159	1320

148	160	1329

150	160	1266

171	160	1318

148	161	1312

149	161	1287

171	161	1322

148	162	1276

150	162	1262

171	162	1324

149	163	1256

170	163	1319

149	164	1273

170	164	1323

148	165	1309

150	165	1262

170	165	1327

147	166	1256

149	166	1272

170	166	1327

148	167	1299

170	167	1327

149	168	1272

170	168	1330

148	169	1250

170	169	1331

147	170	1314

169	170	1316

148	171	1305

169	171	1319

149	172	1279

150	172	1272

151	172	1275

152	172	1276

153	172	1276

154	172	1273

155	172	1269

156	172	1268

157	172	1269

158	172	1270

159	172	1273

160	172	1275

161	172	1275

162	172	1277

163	172	1280

164	172	1286

165	172	1289

166	172	1293

167	172	1300

168	172	1309

169	172	1322

