160	102	1286

161	102	1285

159	103	1281

162	103	1282

158	104	1285

163	104	1298

158	105	1285

163	105	1289

176	105	1317

177	105	1317

158	106	1256

163	106	1284

175	106	1312

178	106	1313

159	107	1284

163	107	1283

175	107	1304

179	107	1336

159	108	1284

164	108	1300

174	108	1313

179	108	1337

159	109	1287

164	109	1291

174	109	1311

178	109	1308

159	110	1271

164	110	1284

174	110	1312

178	110	1311

160	111	1291

165	111	1293

174	111	1308

178	111	1313

160	112	1295

165	112	1291

173	112	1312

178	112	1318

160	113	1293

165	113	1290

173	113	1310

178	113	1325

160	114	1297

166	114	1293

173	114	1311

178	114	1330

160	115	1299

166	115	1297

173	115	1313

178	115	1335

160	116	1305

166	116	1296

172	116	1319

178	116	1339

160	117	1297

167	117	1300

172	117	1315

177	117	1314

161	118	1299

168	118	1329

172	118	1315

177	118	1317

161	119	1302

168	119	1325

171	119	1320

177	119	1321

161	120	1306

168	120	1342

171	120	1317

177	120	1325

161	121	1279

168	121	1339

171	121	1315

177	121	1333

162	122	1307

168	122	1330

171	122	1317

177	122	1343

162	123	1312

169	123	1314

170	123	1324

177	123	1343

162	124	1316

176	124	1325

158	125	1284

159	125	1313

160	125	1317

161	125	1328

176	125	1325

158	126	1293

177	126	1347

156	127	1286

157	127	1293

177	127	1328

156	128	1307

178	128	1305

155	129	1316

179	129	1323

180	129	1320

182	129	1322

183	129	1364

184	129	1344

185	129	1335

186	129	1328

187	129	1324

188	129	1322

189	129	1323

190	129	1326

191	129	1327

192	129	1333

154	130	1292

181	130	1347

193	130	1346

152	131	1302

153	131	1290

194	131	1378

151	132	1340

194	132	1375

151	133	1335

191	133	1351

192	133	1363

193	133	1359

150	134	1406

190	134	1345

150	135	1339

188	135	1346

189	135	1330

149	136	1352

186	136	1343

187	136	1365

150	137	1324

184	137	1333

185	137	1361

149	138	1329

183	138	1328

149	139	1329

182	139	1331

149	140	1355

182	140	1351

149	141	1402

181	141	1350

150	142	1330

180	142	1346

150	143	1313

179	143	1348

150	144	1310

178	144	1344

151	145	1328

177	145	1335

151	146	1325

152	146	1314

176	146	1331

153	147	1314

175	147	1329

151	148	1330

152	148	1336

174	148	1331

151	149	1309

152	149	1359

174	149	1343

153	150	1331

173	150	1354

153	151	1336

172	151	1346

153	152	1333

172	152	1351

152	153	1393

172	153	1358

152	154	1332

171	154	1345

153	155	1322

171	155	1347

151	156	1328

152	156	1332

171	156	1353

152	157	1330

171	157	1361

151	158	1342

171	158	1367

151	159	1342

171	159	1368

150	160	1343

171	160	1371

150	161	1342

171	161	1372

150	162	1335

170	162	1370

150	163	1332

170	163	1373

148	164	1378

149	164	1351

170	164	1375

149	165	1341

170	165	1375

148	166	1337

170	166	1377

147	167	1345

170	167	1383

147	168	1306

170	168	1386

147	169	1328

169	169	1385

146	170	1299

169	170	1389

146	171	1304

169	171	1396

147	172	1332

169	172	1400

147	173	1342

169	173	1399

146	174	1351

169	174	1400

145	175	1350

168	175	1401

146	176	1349

168	176	1405

146	177	1347

168	177	1405

146	178	1348

168	178	1406

146	179	1347

147	179	1347

148	179	1344

149	179	1343

150	179	1341

151	179	1339

152	179	1338

153	179	1336

154	179	1337

155	179	1337

156	179	1337

157	179	1338

158	179	1340

159	179	1344

160	179	1346

161	179	1347

162	179	1351

163	179	1357

164	179	1365

165	179	1375

166	179	1384

167	179	1399

