203	148	1642

204	148	1649

203	149	1646

205	149	1652

203	150	1648

205	150	1651

190	151	1603

191	151	1603

192	151	1602

203	151	1652

205	151	1651

190	152	1607

193	152	1611

203	152	1652

205	152	1653

190	153	1611

194	153	1620

203	153	1649

206	153	1656

191	154	1614

195	154	1622

204	154	1652

206	154	1657

191	155	1611

195	155	1621

203	155	1646

206	155	1656

192	156	1630

196	156	1623

203	156	1649

206	156	1659

192	157	1607

197	157	1629

203	157	1647

207	157	1664

193	158	1619

198	158	1637

203	158	1648

207	158	1665

194	159	1632

198	159	1638

203	159	1648

207	159	1662

194	160	1622

199	160	1643

201	160	1675

202	160	1680

207	160	1660

195	161	1631

200	161	1656

207	161	1662

215	161	1646

216	161	1647

217	161	1654

195	162	1644

207	162	1665

215	162	1647

217	162	1654

195	163	1630

207	163	1664

214	163	1646

217	163	1655

196	164	1652

208	164	1669

214	164	1646

216	164	1649

196	165	1683

208	165	1669

213	165	1646

216	165	1652

197	166	1659

209	166	1679

210	166	1685

212	166	1630

216	166	1658

196	167	1637

209	167	1674

211	167	1667

213	167	1650

216	167	1661

195	168	1625

210	168	1673

212	168	1660

216	168	1662

194	169	1630

217	169	1629

194	170	1626

216	170	1661

194	171	1636

217	171	1683

193	172	1639

217	172	1686

193	173	1627

217	173	1699

192	174	1618

216	174	1674

192	175	1615

216	175	1683

192	176	1635

216	176	1696

192	177	1647

216	177	1711

191	178	1652

215	178	1691

192	179	1643

215	179	1698

192	180	1662

215	180	1710

192	181	1672

215	181	1729

193	182	1661

214	182	1703

193	183	1647

214	183	1700

194	184	1658

212	184	1692

213	184	1700

194	185	1684

211	185	1700

195	186	1673

210	186	1700

196	187	1665

210	187	1701

197	188	1659

211	188	1723

198	189	1675

211	189	1734

198	190	1699

211	190	1746

199	191	1683

210	191	1729

199	192	1694

210	192	1730

200	193	1685

210	193	1733

199	194	1687

210	194	1735

200	195	1691

210	195	1734

200	196	1695

210	196	1736

200	197	1702

210	197	1737

200	198	1708

210	198	1737

200	199	1710

211	199	1755

201	200	1704

211	200	1755

201	201	1712

211	201	1755

201	202	1723

211	202	1755

201	203	1730

211	203	1753

201	204	1731

211	204	1753

201	205	1735

211	205	1751

201	206	1737

211	206	1751

201	207	1747

211	207	1749

202	208	1748

211	208	1752

202	209	1754

211	209	1754

203	210	1748

210	210	1751

203	211	1755

210	211	1755

204	212	1754

208	212	1750

209	212	1751

210	212	1755

205	213	1754

206	213	1752

207	213	1754

