148	97	1110

149	97	1111

150	97	1116

151	97	1130

147	98	1108

152	98	1140

147	99	1110

152	99	1127

147	100	1110

152	100	1123

165	100	1145

166	100	1150

167	100	1162

147	101	1113

153	101	1150

165	101	1138

168	101	1161

147	102	1110

153	102	1141

164	102	1143

168	102	1152

148	103	1113

153	103	1133

164	103	1143

168	103	1154

148	104	1116

154	104	1164

164	104	1140

168	104	1155

148	105	1118

154	105	1151

163	105	1139

168	105	1156

148	106	1115

154	106	1142

163	106	1144

168	106	1157

148	107	1105

154	107	1138

163	107	1146

168	107	1159

149	108	1120

155	108	1168

163	108	1144

168	108	1164

149	109	1123

155	109	1157

163	109	1143

168	109	1172

149	110	1126

155	110	1147

162	110	1141

168	110	1179

149	111	1128

156	111	1160

162	111	1150

168	111	1186

149	112	1130

156	112	1157

162	112	1151

168	112	1195

149	113	1132

156	113	1150

162	113	1150

168	113	1206

149	114	1132

156	114	1149

161	114	1134

168	114	1215

149	115	1132

156	115	1149

161	115	1151

167	115	1172

149	116	1127

156	116	1150

161	116	1153

167	116	1174

150	117	1133

157	117	1205

161	117	1152

167	117	1178

150	118	1137

157	118	1200

160	118	1151

167	118	1183

150	119	1140

157	119	1185

160	119	1149

167	119	1193

150	120	1141

157	120	1188

160	120	1152

167	120	1203

150	121	1140

157	121	1174

159	121	1146

167	121	1217

150	122	1146

158	122	1159

166	122	1178

145	123	1132

146	123	1140

147	123	1133

148	123	1135

149	123	1141

166	123	1184

144	124	1139

166	124	1187

143	125	1164

166	125	1191

143	126	1142

166	126	1192

179	126	1162

180	126	1160

181	126	1163

182	126	1164

183	126	1172

140	127	1170

141	127	1142

142	127	1149

166	127	1191

173	127	1170

174	127	1180

175	127	1175

176	127	1165

177	127	1158

178	127	1155

184	127	1175

139	128	1129

166	128	1184

171	128	1201

172	128	1188

185	128	1204

138	129	1129

167	129	1190

170	129	1211

185	129	1212

137	130	1177

168	130	1201

169	130	1211

185	130	1237

137	131	1168

183	131	1229

184	131	1235

138	132	1134

182	132	1233

136	133	1157

137	133	1145

180	133	1192

181	133	1228

134	134	1199

135	134	1168

178	134	1181

179	134	1207

135	135	1167

177	135	1186

135	136	1151

177	136	1230

135	137	1160

176	137	1220

135	138	1169

175	138	1214

135	139	1172

174	139	1203

135	140	1218

173	140	1189

135	141	1230

172	141	1189

136	142	1159

171	142	1187

137	143	1139

171	143	1221

135	144	1206

136	144	1205

170	144	1210

136	145	1173

169	145	1205

135	146	1161

168	146	1208

136	147	1186

167	147	1207

136	148	1186

166	148	1204

137	149	1192

165	149	1206

136	150	1192

164	150	1215

137	151	1175

163	151	1222

137	152	1196

138	152	1168

162	152	1215

137	153	1163

139	153	1162

162	153	1225

137	154	1146

138	154	1171

161	154	1201

139	155	1158

161	155	1212

137	156	1207

138	156	1207

161	156	1226

138	157	1200

161	157	1233

138	158	1154

161	158	1242

136	159	1246

137	159	1159

161	159	1244

136	160	1188

160	160	1226

136	161	1179

160	161	1234

137	162	1192

160	162	1242

137	163	1184

159	163	1224

136	164	1173

159	164	1229

135	165	1156

137	165	1162

159	165	1232

137	166	1163

159	166	1233

134	167	1196

136	167	1160

159	167	1239

134	168	1193

135	168	1186

159	168	1245

134	169	1213

135	169	1168

158	169	1235

136	170	1166

158	170	1240

135	171	1154

158	171	1246

135	172	1178

157	172	1231

134	173	1167

157	173	1237

134	174	1156

157	174	1240

133	175	1191

134	175	1168

135	175	1172

136	175	1174

137	175	1172

138	175	1171

139	175	1172

140	175	1173

141	175	1173

142	175	1173

143	175	1174

144	175	1174

145	175	1174

146	175	1174

147	175	1177

148	175	1180

149	175	1182

150	175	1186

151	175	1190

152	175	1193

153	175	1197

154	175	1204

155	175	1214

156	175	1228

157	175	1245

