159	161	1861

160	161	1865

159	162	1862

161	162	1872

159	163	1867

161	163	1871

170	163	1873

171	163	1881

159	164	1871

161	164	1863

170	164	1868

171	164	1877

159	165	1870

161	165	1857

169	165	1872

171	165	1877

160	166	1856

161	166	1856

169	166	1871

171	166	1880

160	167	1862

162	167	1870

169	167	1869

170	167	1868

160	168	1866

162	168	1871

168	168	1875

170	168	1872

160	169	1869

162	169	1871

168	169	1871

170	169	1875

160	170	1866

162	170	1867

167	170	1878

170	170	1881

160	171	1865

162	171	1865

167	171	1871

169	171	1867

160	172	1863

162	172	1863

166	172	1881

169	172	1868

160	173	1864

163	173	1878

165	173	1942

169	173	1872

160	174	1867

164	174	1892

169	174	1879

159	175	1871

168	175	1872

157	176	1847

158	176	1844

168	176	1876

156	177	1845

168	177	1881

156	178	1846

167	178	1864

155	179	1869

167	179	1864

154	180	1865

167	180	1865

154	181	1851

167	181	1867

153	182	1874

168	182	1879

153	183	1867

168	183	1868

153	184	1861

169	184	1864

153	185	1856

170	185	1857

171	185	1863

173	185	1865

174	185	1868

175	185	1873

176	185	1880

177	185	1880

178	185	1882

179	185	1883

180	185	1893

153	186	1857

172	186	1854

175	186	1867

176	186	1873

177	186	1877

178	186	1883

179	186	1888

153	187	1856

173	187	1872

174	187	1878

153	188	1856

170	188	1851

171	188	1864

172	188	1885

153	189	1853

169	189	1859

153	190	1858

167	190	1859

168	190	1875

153	191	1878

165	191	1852

166	191	1868

153	192	1901

164	192	1861

153	193	1903

163	193	1860

153	194	1890

163	194	1869

153	195	1883

162	195	1858

153	196	1878

162	196	1867

153	197	1878

162	197	1871

153	198	1878

162	198	1876

153	199	1876

162	199	1877

153	200	1880

162	200	1878

152	201	1928

163	201	1902

152	202	1919

162	202	1878

153	203	1877

163	203	1911

153	204	1881

162	204	1891

152	205	1916

162	205	1895

152	206	1908

162	206	1897

152	207	1899

162	207	1899

152	208	1900

162	208	1901

152	209	1907

162	209	1902

152	210	1905

163	210	1933

152	211	1904

163	211	1932

151	212	1944

163	212	1934

151	213	1941

163	213	1933

151	214	1937

163	214	1932

151	215	1931

152	215	1902

153	215	1883

154	215	1881

155	215	1881

156	215	1878

157	215	1875

158	215	1876

159	215	1881

160	215	1888

161	215	1895

162	215	1905

163	215	1928

