172	139	1537

173	139	1542

172	140	1541

174	140	1547

172	141	1546

174	141	1546

186	141	1572

173	142	1548

174	142	1548

185	142	1574

186	142	1574

173	143	1551

175	143	1554

185	143	1571

186	143	1570

173	144	1551

175	144	1553

185	144	1570

186	144	1569

173	145	1551

175	145	1552

185	145	1571

186	145	1568

174	146	1551

176	146	1559

184	146	1574

186	146	1572

174	147	1554

176	147	1561

184	147	1571

186	147	1571

174	148	1553

176	148	1561

184	148	1570

186	148	1572

173	149	1557

176	149	1563

183	149	1576

186	149	1572

174	150	1556

177	150	1567

183	150	1580

186	150	1574

174	151	1559

177	151	1567

182	151	1584

186	151	1577

175	152	1559

178	152	1569

181	152	1580

185	152	1578

175	153	1562

179	153	1598

180	153	1595

185	153	1578

175	154	1560

185	154	1580

174	155	1565

185	155	1580

173	156	1571

184	156	1579

171	157	1546

172	157	1540

184	157	1575

170	158	1580

184	158	1574

170	159	1579

184	159	1576

171	160	1537

184	160	1578

169	161	1596

170	161	1560

183	161	1576

168	162	1551

184	162	1578

167	163	1555

184	163	1577

167	164	1563

185	164	1579

193	164	1593

194	164	1588

195	164	1585

196	164	1586

197	164	1592

198	164	1595

199	164	1598

166	165	1581

186	165	1574

189	165	1578

190	165	1581

191	165	1582

192	165	1584

197	165	1593

198	165	1596

166	166	1566

187	166	1570

188	166	1571

196	166	1590

166	167	1559

194	167	1588

195	167	1586

165	168	1522

192	168	1586

193	168	1589

166	169	1550

191	169	1582

166	170	1564

190	170	1577

167	171	1560

188	171	1570

189	171	1578

167	172	1566

187	172	1567

167	173	1574

186	173	1564

168	174	1561

185	174	1569

168	175	1562

184	175	1569

168	176	1566

182	176	1565

183	176	1572

167	177	1586

181	177	1570

168	178	1576

181	178	1580

168	179	1573

180	179	1577

168	180	1574

180	180	1583

168	181	1580

179	181	1582

168	182	1586

179	182	1589

168	183	1588

179	183	1596

168	184	1589

179	184	1601

168	185	1593

179	185	1609

168	186	1593

179	186	1617

167	187	1613

179	187	1625

168	188	1598

179	188	1631

168	189	1603

180	189	1663

168	190	1608

179	190	1643

168	191	1617

179	191	1644

168	192	1622

179	192	1649

168	193	1624

179	193	1652

168	194	1624

179	194	1656

168	195	1628

179	195	1664

168	196	1632

179	196	1668

168	197	1639

178	197	1656

168	198	1646

178	198	1660

168	199	1650

178	199	1665

168	200	1651

178	200	1667

168	201	1656

178	201	1670

168	202	1661

169	202	1649

170	202	1644

171	202	1645

172	202	1648

173	202	1652

174	202	1655

175	202	1657

176	202	1660

177	202	1666

