163	158	1773

164	158	1777

163	159	1772

164	159	1774

163	160	1772

164	160	1775

174	160	1793

175	160	1795

163	161	1772

165	161	1782

174	161	1791

175	161	1792

163	162	1776

165	162	1782

173	162	1800

175	162	1793

163	163	1784

165	163	1776

173	163	1798

175	163	1798

164	164	1779

165	164	1777

173	164	1790

175	164	1800

163	165	1796

166	165	1789

172	165	1793

174	165	1787

163	166	1797

166	166	1795

172	166	1788

174	166	1785

163	167	1803

166	167	1793

172	167	1789

174	167	1790

164	168	1783

166	168	1788

171	168	1795

174	168	1797

164	169	1782

166	169	1787

171	169	1792

174	169	1806

164	170	1779

166	170	1787

170	170	1793

173	170	1796

164	171	1786

167	171	1799

169	171	1815

173	171	1799

164	172	1787

168	172	1797

173	172	1800

162	173	1762

163	173	1772

173	173	1807

161	174	1761

172	174	1801

160	175	1769

172	175	1803

160	176	1778

172	176	1805

159	177	1787

172	177	1803

158	178	1779

172	178	1802

157	179	1808

172	179	1798

157	180	1793

173	180	1808

157	181	1780

173	181	1791

184	181	1818

185	181	1822

157	182	1772

174	182	1791

175	182	1798

176	182	1800

177	182	1798

178	182	1797

179	182	1796

180	182	1794

181	182	1798

182	182	1804

183	182	1811

185	182	1822

186	182	1831

156	183	1786

181	183	1808

182	183	1814

183	183	1823

184	183	1834

156	184	1798

179	184	1807

180	184	1819

156	185	1809

177	185	1802

178	185	1817

157	186	1785

175	186	1788

176	186	1804

157	187	1787

174	187	1793

157	188	1788

172	188	1786

173	188	1810

157	189	1796

170	189	1778

171	189	1793

157	190	1811

169	190	1788

158	191	1799

168	191	1793

157	192	1822

168	192	1810

157	193	1822

167	193	1797

158	194	1799

167	194	1807

158	195	1798

167	195	1816

157	196	1815

167	196	1823

158	197	1798

167	197	1831

157	198	1817

167	198	1835

157	199	1821

167	199	1841

157	200	1825

167	200	1844

157	201	1837

167	201	1852

158	202	1817

167	202	1855

157	203	1842

167	203	1856

157	204	1843

167	204	1862

157	205	1851

167	205	1865

157	206	1853

167	206	1866

157	207	1856

167	207	1868

157	208	1861

167	208	1870

157	209	1868

167	209	1871

157	210	1870

167	210	1870

157	211	1869

167	211	1877

157	212	1875

167	212	1877

158	213	1859

166	213	1863

158	214	1864

167	214	1877

158	215	1870

159	215	1854

160	215	1847

161	215	1846

162	215	1849

163	215	1852

164	215	1855

165	215	1860

166	215	1869

